date,hour,symbol,underlying,type,strike,open,high,low,close,volume_contracts,volume_usdt,best_bid_price,best_ask_price,best_bid_qty,best_ask_qty,best_buy_iv,best_sell_iv,mark_price,mark_iv,delta,gamma,vega,theta,openinterest_contracts,openinterest_usdt
2023-10-09,8,BTC-240927-15000-C,BTCUSDT,C,240927-15000,0.0,0.0,0.0,0.0,0.0,0.0,0.0,0.0,0.0,0.0,,-1e-08,14520.0,0.775,0.88247784,9.31e-06,53.8569799,-5.89605529,0.0,0.0
2023-10-09,9,BTC-240927-15000-C,BTCUSDT,C,240927-15000,0.0,0.0,0.0,0.0,0.0,0.0,12660.0,15480.0,3.17,4.28,,0.97632408,13774.0,0.66568375,0.89522931,1.006e-05,49.23876735,-4.63067286,0.0,0.0
2023-10-09,10,BTC-240927-15000-C,BTCUSDT,C,240927-15000,0.0,0.0,0.0,0.0,0.0,0.0,12660.0,15480.0,3.17,4.28,,0.97811222,13783.0,0.66975832,0.89445753,1.005e-05,49.47715736,-4.68212458,0.0,0.0
2023-10-09,11,BTC-240927-15000-C,BTCUSDT,C,240927-15000,0.0,0.0,0.0,0.0,0.0,0.0,12830.0,15690.0,2.59,4.51,,1.0232687,14080.0,0.73842764,0.8840909,9.77e-06,52.79134928,-5.50860906,0.0,0.0
2023-10-09,12,BTC-240927-15000-C,BTCUSDT,C,240927-15000,0.0,0.0,0.0,0.0,0.0,0.0,12655.0,15475.0,5.62,2.98,,0.99069118,13831.0,0.69526434,0.88964845,1.003e-05,50.91810427,-5.00316207,0.0,0.0
2023-10-09,13,BTC-240927-15000-C,BTCUSDT,C,240927-15000,0.0,0.0,0.0,0.0,0.0,0.0,12655.0,15475.0,5.62,2.98,,0.97939491,13785.0,0.67253113,0.89389906,1.006e-05,49.63362034,-4.71804291,0.0,0.0
2023-10-09,14,BTC-240927-15000-C,BTCUSDT,C,240927-15000,0.0,0.0,0.0,0.0,0.0,0.0,12750.0,15590.0,4.27,3.92,,1.00204468,13952.0,0.70903778,0.88826098,9.91e-06,51.47639427,-5.15943557,0.0,0.0
2023-10-09,15,BTC-240927-15000-C,BTCUSDT,C,240927-15000,0.0,0.0,0.0,0.0,0.0,0.0,12840.0,15700.0,2.66,5.74,,1.02886677,14100.0,0.7465291,0.88288358,9.75e-06,53.12031038,-5.60638874,0.0,0.0
2023-10-09,16,BTC-240927-15000-C,BTCUSDT,C,240927-15000,0.0,0.0,0.0,0.0,0.0,0.0,12840.0,15700.0,2.66,5.74,,1.03555679,14112.0,0.75624228,0.88131162,9.73e-06,53.53270948,-5.72409992,0.0,0.0
2023-10-09,17,BTC-240927-15000-C,BTCUSDT,C,240927-15000,0.0,0.0,0.0,0.0,0.0,0.0,12650.0,15470.0,5.96,5.35,,0.96812248,13702.0,0.64254284,0.89969163,1.008e-05,47.76320202,-4.33984008,0.0,0.0
2023-10-09,18,BTC-240927-15000-C,BTCUSDT,C,240927-15000,0.0,0.0,0.0,0.0,0.0,0.0,12835.0,15690.0,4.66,3.24,,1.00941181,14050.0,0.7166934,0.88789507,9.8e-06,51.71098841,-5.24137979,0.0,0.0
2023-10-09,19,BTC-240927-15000-C,BTCUSDT,C,240927-15000,0.0,0.0,0.0,0.0,0.0,0.0,12835.0,15690.0,4.66,3.24,,1.00296497,14031.0,0.70536852,0.88990278,9.82e-06,51.12434682,-5.100637,0.0,0.0
2023-10-09,20,BTC-240927-15000-C,BTCUSDT,C,240927-15000,0.0,0.0,0.0,0.0,0.0,0.0,12835.0,15690.0,4.66,3.24,,1.0087204,14048.0,0.71540356,0.88813557,9.8e-06,51.63579515,-5.22557071,0.0,0.0
2023-10-09,21,BTC-240927-15000-C,BTCUSDT,C,240927-15000,0.0,0.0,0.0,0.0,0.0,0.0,12835.0,15690.0,4.66,3.24,,1.00161076,14026.0,0.70276976,0.89038243,9.82e-06,50.97666638,-5.06836004,0.0,0.0
2023-10-09,22,BTC-240927-15000-C,BTCUSDT,C,240927-15000,0.0,0.0,0.0,0.0,0.0,0.0,12835.0,15690.0,4.66,3.24,,1.00660801,14042.0,0.71164846,0.88881063,9.81e-06,51.43460268,-5.17910928,0.0,0.0
2023-10-09,23,BTC-240927-15000-C,BTCUSDT,C,240927-15000,0.0,0.0,0.0,0.0,0.0,0.0,12760.0,15600.0,2.46,2.83,,0.9909296,13921.0,0.68753481,0.89233325,9.92e-06,50.25995528,-4.88992466,0.0,0.0
2023-10-10,0,BTC-240927-15000-C,BTCUSDT,C,240927-15000,0.0,0.0,0.0,0.0,0.0,0.0,12760.0,15600.0,2.46,2.83,,0.99572659,13939.0,0.69679499,0.89064408,9.91e-06,50.76420608,-5.00609645,0.0,0.0
2023-10-10,1,BTC-240927-15000-C,BTCUSDT,C,240927-15000,0.0,0.0,0.0,0.0,0.0,0.0,12760.0,15600.0,2.46,2.83,,0.98965645,13915.0,0.68477631,0.89285844,9.92e-06,50.09417565,-4.85538619,0.0,0.0
2023-10-10,2,BTC-240927-15000-C,BTCUSDT,C,240927-15000,0.0,0.0,0.0,0.0,0.0,0.0,12835.0,15695.0,2.66,5.5,,0.99372864,13993.0,0.68566322,0.89354449,9.84e-06,50.00870464,-4.85395236,0.0,0.0
2023-10-10,3,BTC-240927-15000-C,BTCUSDT,C,240927-15000,0.0,0.0,0.0,0.0,0.0,0.0,12835.0,15695.0,2.66,5.5,,1.00089073,14021.0,0.69984913,0.89096703,9.82e-06,50.78715408,-5.03209217,0.0,0.0
2023-10-10,4,BTC-240927-15000-C,BTCUSDT,C,240927-15000,0.0,0.0,0.0,0.0,0.0,0.0,12835.0,15695.0,2.66,5.5,,1.00575924,14038.0,0.70869207,0.889394,9.81e-06,51.24883885,-5.14260456,0.0,0.0
2023-10-10,5,BTC-240927-15000-C,BTCUSDT,C,240927-15000,0.0,0.0,0.0,0.0,0.0,0.0,12835.0,15695.0,2.66,5.5,,1.00474834,14034.0,0.7068181,0.88973435,9.81e-06,51.14607555,-5.1193256,0.0,0.0
2023-10-10,6,BTC-240927-15000-C,BTCUSDT,C,240927-15000,0.0,0.0,0.0,0.0,0.0,0.0,12975.0,15865.0,6.0,2.15,,1.02698803,14224.0,0.73564768,0.88633343,9.62e-06,52.3540245,-5.45461329,0.0,0.0
2023-10-10,7,BTC-240927-15000-C,BTCUSDT,C,240927-15000,0.0,0.0,0.0,0.0,0.0,0.0,12870.0,15740.0,5.13,4.32,,1.0061121,14069.0,0.70616484,0.89026479,9.78e-06,51.04372428,-5.10556403,0.0,0.0
2023-10-10,8,BTC-240927-15000-C,BTCUSDT,C,240927-15000,0.0,0.0,0.0,0.0,0.0,0.0,12870.0,15740.0,5.13,4.32,,1.00245476,14056.0,0.69924355,0.89150996,9.78e-06,50.66960458,-5.01906166,0.0,0.0
2023-10-10,9,BTC-240927-15000-C,BTCUSDT,C,240927-15000,0.0,0.0,0.0,0.0,0.0,0.0,12870.0,15740.0,5.13,4.32,,1.00437641,14063.0,0.70281744,0.89087642,9.78e-06,50.85615158,-5.06388511,0.0,0.0
2023-10-10,10,BTC-240927-15000-C,BTCUSDT,C,240927-15000,0.0,0.0,0.0,0.0,0.0,0.0,12855.0,15720.0,4.37,5.44,,1.00868225,14063.0,0.71199417,0.88908203,9.79e-06,51.35567977,-5.18100509,0.0,0.0
2023-10-10,11,BTC-240927-15000-C,BTCUSDT,C,240927-15000,0.0,0.0,0.0,0.0,0.0,0.0,12930.0,15805.0,2.04,4.12,,1.03793144,14202.0,0.75530767,0.88261357,9.64e-06,53.27634288,-5.70241322,0.0,0.0
2023-10-10,12,BTC-240927-15000-C,BTCUSDT,C,240927-15000,0.0,0.0,0.0,0.0,0.0,0.0,12780.0,15630.0,4.33,5.91,,1.02082253,14023.0,0.7359457,0.88411797,9.83e-06,52.62314718,-5.48876027,0.0,0.0
2023-10-10,13,BTC-240927-15000-C,BTCUSDT,C,240927-15000,0.0,0.0,0.0,0.0,0.0,0.0,12560.0,15355.0,4.63,5.98,,0.97873688,13700.0,0.67884445,0.89179338,1.016e-05,50.04287543,-4.81521293,0.0,0.0
2023-10-10,14,BTC-240927-15000-C,BTCUSDT,C,240927-15000,0.0,0.0,0.0,0.0,0.0,0.0,12885.0,15755.0,3.67,5.98,,1.04031563,14162.0,0.75998306,0.88138955,9.68e-06,53.51737307,-5.76571234,0.0,0.0
2023-10-10,15,BTC-240927-15000-C,BTCUSDT,C,240927-15000,0.0,0.0,0.0,0.0,0.0,0.0,12620.0,15430.0,2.65,4.94,,0.98958969,13792.0,0.69451332,0.88957997,1.008e-05,50.79684114,-5.00176016,0.0,0.0
2023-10-10,16,BTC-240927-15000-C,BTCUSDT,C,240927-15000,0.0,0.0,0.0,0.0,0.0,0.0,12620.0,15430.0,2.65,4.94,,0.98629951,13780.0,0.68824768,0.89074559,1.008e-05,50.44984563,-4.92335882,0.0,0.0
2023-10-10,17,BTC-240927-15000-C,BTCUSDT,C,240927-15000,0.0,0.0,0.0,0.0,0.0,0.0,12620.0,15430.0,2.65,4.94,,0.99587917,13811.0,0.70558786,0.8875789,1.006e-05,51.3698268,-5.14005084,0.0,0.0
2023-10-10,18,BTC-240927-15000-C,BTCUSDT,C,240927-15000,0.0,0.0,0.0,0.0,0.0,0.0,12675.0,15500.0,5.14,3.29,,1.01032734,13899.0,0.72540998,0.88473569,9.97e-06,52.25823729,-5.37647737,0.0,0.0
2023-10-10,19,BTC-240927-15000-C,BTCUSDT,C,240927-15000,0.0,0.0,0.0,0.0,0.0,0.0,12585.0,15390.0,5.13,3.0,,0.98450661,13742.0,0.68665028,0.89067214,1.013e-05,50.40462041,-4.90926885,0.0,0.0
2023-10-10,20,BTC-240927-15000-C,BTCUSDT,C,240927-15000,0.0,0.0,0.0,0.0,0.0,0.0,12775.0,15620.0,2.46,5.62,,1.02345467,14023.0,0.7405138,0.8833378,9.83e-06,52.79901526,-5.54652771,0.0,0.0
2023-10-10,21,BTC-240927-15000-C,BTCUSDT,C,240927-15000,0.0,0.0,0.0,0.0,0.0,0.0,12650.0,15465.0,4.27,2.54,,0.99318504,13829.0,0.69889545,0.88916322,1.004e-05,50.95060122,-5.05213655,0.0,0.0
2023-10-10,22,BTC-240927-15000-C,BTCUSDT,C,240927-15000,0.0,0.0,0.0,0.0,0.0,0.0,12650.0,15465.0,4.27,2.54,,0.99019051,13819.0,0.69331646,0.8901923,1.004e-05,50.64583824,-4.98241818,0.0,0.0
2023-10-10,23,BTC-240927-15000-C,BTCUSDT,C,240927-15000,0.0,0.0,0.0,0.0,0.0,0.0,12795.0,15645.0,5.76,2.82,,1.02956772,14054.0,0.74836731,0.88229326,9.8e-06,53.10219478,-5.63953813,0.0,0.0
2023-10-11,0,BTC-240927-15000-C,BTCUSDT,C,240927-15000,0.0,0.0,0.0,0.0,0.0,0.0,12620.0,15425.0,4.37,4.02,,0.98102093,13758.0,0.67835093,0.89264593,1.01e-05,49.85284338,-4.79967659,0.0,0.0
2023-10-11,1,BTC-240927-15000-C,BTCUSDT,C,240927-15000,0.0,0.0,0.0,0.0,0.0,0.0,12855.0,15715.0,5.82,4.58,,1.03456497,14121.0,0.75317383,0.88220481,9.73e-06,53.21715649,-5.68939222,0.0,0.0
2023-10-11,2,BTC-240927-15000-C,BTCUSDT,C,240927-15000,0.0,0.0,0.0,0.0,0.0,0.0,12755.0,15595.0,5.69,4.62,,1.06142044,14058.0,0.79375744,0.87476679,9.75e-06,54.90459307,-6.18681099,0.0,0.0
2023-10-11,3,BTC-240927-15000-C,BTCUSDT,C,240927-15000,0.0,0.0,0.0,0.0,0.0,0.0,12475.0,15255.0,4.26,2.21,,1.01837158,13717.0,0.74726582,0.87870942,1.016e-05,53.48409089,-5.67441999,0.0,0.0
2023-10-11,4,BTC-240927-15000-C,BTCUSDT,C,240927-15000,0.0,0.0,0.0,0.0,0.0,0.0,12475.0,15255.0,4.26,2.21,,1.00259304,13689.0,0.72407484,0.88267222,1.021e-05,52.44954306,-5.3926011,0.0,0.0
2023-10-11,5,BTC-240927-15000-C,BTCUSDT,C,240927-15000,0.0,0.0,0.0,0.0,0.0,0.0,12475.0,15255.0,4.26,2.21,,1.00417137,13692.0,0.72643757,0.88226755,1.02e-05,52.55447641,-5.42166317,0.0,0.0
2023-10-11,6,BTC-240927-15000-C,BTCUSDT,C,240927-15000,0.0,0.0,0.0,0.0,0.0,0.0,12475.0,15255.0,4.26,2.21,,1.01074219,13704.0,0.73617935,0.88059742,1.019e-05,52.99072653,-5.54063356,0.0,0.0
2023-10-11,7,BTC-240927-15000-C,BTCUSDT,C,240927-15000,0.0,0.0,0.0,0.0,0.0,0.0,12475.0,15255.0,4.26,2.21,,1.01776123,13716.0,0.74624062,0.87890948,1.017e-05,53.420824,-5.66261183,0.0,0.0
2023-10-11,8,BTC-240927-15000-C,BTCUSDT,C,240927-15000,0.0,0.0,0.0,0.0,0.0,0.0,5.0,0.0,11.0,0.0,,-1e-08,12513.0,0.4625,0.93698443,1.005e-05,32.94545877,-2.16464177,0.0,0.0
2023-10-11,9,BTC-240927-15000-C,BTCUSDT,C,240927-15000,0.0,0.0,0.0,0.0,0.0,0.0,12430.0,15195.0,2.82,4.05,,0.96962929,13549.0,0.67013741,0.89210755,1.033e-05,49.66809659,-4.72902415,0.0,0.0
2023-10-11,10,BTC-240927-15000-C,BTCUSDT,C,240927-15000,0.0,0.0,0.0,0.0,0.0,0.0,12550.0,15345.0,5.93,2.36,,0.99555969,13743.0,0.70846081,0.8863731,1.014e-05,51.54149738,-5.18865075,0.0,0.0
2023-10-11,11,BTC-240927-15000-C,BTCUSDT,C,240927-15000,0.0,0.0,0.0,0.0,0.0,0.0,12550.0,15345.0,5.93,2.36,,1.00762844,13771.0,0.72769403,0.88298536,1.011e-05,52.46946519,-5.42610832,0.0,0.0
2023-10-11,12,BTC-240927-15000-C,BTCUSDT,C,240927-15000,0.0,0.0,0.0,0.0,0.0,0.0,12420.0,15185.0,3.51,5.04,,0.98431587,13592.0,0.69787979,0.88677342,1.031e-05,51.20129019,-5.07862293,0.0,0.0
2023-10-11,13,BTC-240927-15000-C,BTCUSDT,C,240927-15000,0.0,0.0,0.0,0.0,0.0,0.0,12420.0,15185.0,3.51,5.04,,0.98809242,13602.0,0.7042098,0.88561929,1.03e-05,51.5220785,-5.15740606,0.0,0.0
2023-10-11,14,BTC-240927-15000-C,BTCUSDT,C,240927-15000,0.0,0.0,0.0,0.0,0.0,0.0,12420.0,15185.0,3.51,5.04,,0.99596977,13620.0,0.71686268,0.88334675,1.029e-05,52.14256864,-5.31392871,0.0,0.0
2023-10-11,15,BTC-240927-15000-C,BTCUSDT,C,240927-15000,0.0,0.0,0.0,0.0,0.0,0.0,12120.0,14815.0,2.2,5.69,,0.9774971,13292.0,0.70542812,0.88171939,1.068e-05,52.06276905,-5.22178298,0.0,0.0
2023-10-11,16,BTC-240927-15000-C,BTCUSDT,C,240927-15000,0.0,0.0,0.0,0.0,0.0,0.0,12120.0,14815.0,2.2,5.69,,0.99328041,13321.0,0.72878361,0.87752414,1.063e-05,53.14109543,-5.5070541,0.0,0.0
2023-10-11,17,BTC-240927-15000-C,BTCUSDT,C,240927-15000,0.0,0.0,0.0,0.0,0.0,0.0,12120.0,14815.0,2.2,5.69,,1.00034237,13332.0,0.73863268,0.87582335,1.061e-05,53.5581054,-5.62594438,0.0,0.0
2023-10-11,18,BTC-240927-15000-C,BTCUSDT,C,240927-15000,0.0,0.0,0.0,0.0,0.0,0.0,12120.0,14815.0,2.2,5.69,,0.99189281,13319.0,0.72672129,0.87790189,1.064e-05,53.04003654,-5.48232628,0.0,0.0
2023-10-11,19,BTC-240927-15000-C,BTCUSDT,C,240927-15000,0.0,0.0,0.0,0.0,0.0,0.0,12205.0,14925.0,2.28,2.27,,1.00007057,13417.0,0.73332787,0.87785591,1.052e-05,53.19557717,-5.54904663,0.0,0.0
2023-10-11,20,BTC-240927-15000-C,BTCUSDT,C,240927-15000,0.0,0.0,0.0,0.0,0.0,0.0,12205.0,14925.0,2.28,2.27,,1.00546837,13426.0,0.74087143,0.87656897,1.05e-05,53.51222914,-5.64016793,0.0,0.0
2023-10-11,21,BTC-240927-15000-C,BTCUSDT,C,240927-15000,0.0,0.0,0.0,0.0,0.0,0.0,12205.0,14925.0,2.28,2.27,,1.00525379,13425.0,0.74053526,0.87663366,1.05e-05,53.49313182,-5.63626497,0.0,0.0
2023-10-11,22,BTC-240927-15000-C,BTCUSDT,C,240927-15000,0.0,0.0,0.0,0.0,0.0,0.0,12205.0,14925.0,2.28,2.27,,0.99710941,13412.0,0.72896242,0.87863785,1.053e-05,52.98881558,-5.4965285,0.0,0.0
2023-10-11,23,BTC-240927-15000-C,BTCUSDT,C,240927-15000,0.0,0.0,0.0,0.0,0.0,0.0,12205.0,14925.0,2.28,2.27,,0.98320961,13386.0,0.70805788,0.88238326,1.056e-05,52.00975521,-5.24087986,0.0,0.0
2023-10-12,0,BTC-240927-15000-C,BTCUSDT,C,240927-15000,0.0,0.0,0.0,0.0,0.0,0.0,12205.0,14925.0,2.28,2.27,,0.99453926,13408.0,0.72514296,0.87932345,1.053e-05,52.80770126,-5.45033301,0.0,0.0
2023-10-12,1,BTC-240927-15000-C,BTCUSDT,C,240927-15000,0.0,0.0,0.0,0.0,0.0,0.0,12205.0,14925.0,2.28,2.27,,0.99797726,13413.0,0.73008299,0.87846491,1.052e-05,53.02321921,-5.51051232,0.0,0.0
2023-10-12,2,BTC-240927-15000-C,BTCUSDT,C,240927-15000,0.0,0.0,0.0,0.0,0.0,0.0,12205.0,14925.0,2.28,2.27,,0.97940445,13377.0,0.70186138,0.88354577,1.057e-05,51.68743217,-5.16465697,0.0,0.0
2023-10-12,3,BTC-240927-15000-C,BTCUSDT,C,240927-15000,0.0,0.0,0.0,0.0,0.0,0.0,12185.0,14900.0,4.87,4.63,,0.98383427,13367.0,0.71005583,0.88179862,1.058e-05,52.11866884,-5.26917371,0.0,0.0
2023-10-12,4,BTC-240927-15000-C,BTCUSDT,C,240927-15000,0.0,0.0,0.0,0.0,0.0,0.0,12185.0,14900.0,4.87,4.63,,0.98772049,13375.0,0.71594715,0.88073945,1.058e-05,52.3944479,-5.34163823,0.0,0.0
2023-10-12,5,BTC-240927-15000-C,BTCUSDT,C,240927-15000,0.0,0.0,0.0,0.0,0.0,0.0,12185.0,14900.0,4.87,4.63,,0.97977638,13358.0,0.70358753,0.88300005,1.06e-05,51.79132251,-5.18961228,0.0,0.0
2023-10-12,6,BTC-240927-15000-C,BTCUSDT,C,240927-15000,0.0,0.0,0.0,0.0,0.0,0.0,12185.0,14900.0,4.87,4.63,,0.98063946,13360.0,0.70490837,0.88276433,1.059e-05,51.85166416,-5.20603028,0.0,0.0
2023-10-12,7,BTC-240927-15000-C,BTCUSDT,C,240927-15000,0.0,0.0,0.0,0.0,0.0,0.0,12185.0,14900.0,4.87,4.63,,0.98961353,13378.0,0.71865797,0.88027593,1.057e-05,52.50588547,-5.37518117,0.0,0.0
2023-10-12,8,BTC-240927-15000-C,BTCUSDT,C,240927-15000,0.0,0.0,0.0,0.0,0.0,0.0,12110.0,14810.0,2.99,2.83,,0.97528934,13276.0,0.70035219,0.88269479,1.069e-05,51.73690213,-5.16215861,0.0,0.0
2023-10-12,9,BTC-240927-15000-C,BTCUSDT,C,240927-15000,0.0,0.0,0.0,0.0,0.0,0.0,12110.0,14810.0,2.99,2.83,,0.98529816,13297.0,0.71574211,0.87987895,1.067e-05,52.47592993,-5.35158845,0.0,0.0
2023-10-12,10,BTC-240927-15000-C,BTCUSDT,C,240927-15000,0.0,0.0,0.0,0.0,0.0,0.0,12110.0,14810.0,2.99,2.83,,0.98237991,13291.0,0.71129799,0.88069282,1.068e-05,52.26121372,-5.29722764,0.0,0.0
2023-10-12,11,BTC-240927-15000-C,BTCUSDT,C,240927-15000,0.0,0.0,0.0,0.0,0.0,0.0,12145.0,14850.0,2.13,5.18,,0.97719669,13313.0,0.70171118,0.88289191,1.065e-05,51.73308938,-5.17363694,0.0,0.0
2023-10-12,12,BTC-240927-15000-C,BTCUSDT,C,240927-15000,0.0,0.0,0.0,0.0,0.0,0.0,5.0,0.0,10.2,0.0,,-1e-08,12251.0,0.4625,0.93435678,1.05e-05,33.60439049,-2.21527926,0.0,0.0
2023-10-12,13,BTC-240927-15000-C,BTCUSDT,C,240927-15000,0.0,0.0,0.0,0.0,0.0,0.0,12095.0,14785.0,1.83,2.32,,0.97706795,13265.0,0.7049942,0.88165704,1.071e-05,51.9689636,-5.22278215,0.0,0.0
2023-10-12,14,BTC-240927-15000-C,BTCUSDT,C,240927-15000,0.0,0.0,0.0,0.0,0.0,0.0,11975.0,14640.0,1.66,2.12,,0.96179485,13116.0,0.68726301,0.88349895,1.089e-05,51.26721192,-5.02327062,0.0,0.0
2023-10-12,15,BTC-240927-15000-C,BTCUSDT,C,240927-15000,0.0,0.0,0.0,0.0,0.0,0.0,11975.0,14640.0,1.66,2.12,,0.9657383,13125.0,0.69361925,0.88229106,1.088e-05,51.58943463,-5.10219922,0.0,0.0
2023-10-12,16,BTC-240927-15000-C,BTCUSDT,C,240927-15000,0.0,0.0,0.0,0.0,0.0,0.0,12045.0,14725.0,3.89,4.22,,0.9802103,13222.0,0.71215868,0.87973499,1.076e-05,52.37745035,-5.31922348,0.0,0.0
2023-10-12,17,BTC-240927-15000-C,BTCUSDT,C,240927-15000,0.0,0.0,0.0,0.0,0.0,0.0,11905.0,14560.0,1.64,4.04,,0.9565258,13036.0,0.68163633,0.88374238,1.099e-05,51.07421946,-4.96515938,0.0,0.0
2023-10-12,18,BTC-240927-15000-C,BTCUSDT,C,240927-15000,0.0,0.0,0.0,0.0,0.0,0.0,11905.0,14560.0,1.64,4.04,,0.95420361,13030.0,0.6776309,0.88453428,1.1e-05,50.85452573,-4.91533536,0.0,0.0
2023-10-12,19,BTC-240927-15000-C,BTCUSDT,C,240927-15000,0.0,0.0,0.0,0.0,0.0,0.0,12050.0,14735.0,1.88,3.09,,0.97614288,13219.0,0.70487976,0.88117626,1.077e-05,52.00316356,-5.2290979,0.0,0.0
2023-10-12,20,BTC-240927-15000-C,BTCUSDT,C,240927-15000,0.0,0.0,0.0,0.0,0.0,0.0,12050.0,14735.0,1.88,3.09,,0.97174644,13209.0,0.69792271,0.88248143,1.078e-05,51.65361573,-5.1432976,0.0,0.0
2023-10-12,21,BTC-240927-15000-C,BTCUSDT,C,240927-15000,0.0,0.0,0.0,0.0,0.0,0.0,12050.0,14735.0,1.88,3.09,,0.96961975,13204.0,0.69444656,0.88314447,1.078e-05,51.47232744,-5.10032529,0.0,0.0
2023-10-12,22,BTC-240927-15000-C,BTCUSDT,C,240927-15000,0.0,0.0,0.0,0.0,0.0,0.0,12050.0,14735.0,1.88,3.09,,0.97023964,13206.0,0.69539547,0.88297302,1.078e-05,51.51550024,-5.11218613,0.0,0.0
2023-10-12,23,BTC-240927-15000-C,BTCUSDT,C,240927-15000,0.0,0.0,0.0,0.0,0.0,0.0,12050.0,14735.0,1.88,3.09,,0.96940994,13203.0,0.69399834,0.88324483,1.078e-05,51.43909247,-5.09495387,0.0,0.0
2023-10-13,0,BTC-240927-15000-C,BTCUSDT,C,240927-15000,0.0,0.0,0.0,0.0,0.0,0.0,12050.0,14735.0,1.88,3.09,,0.95924854,13175.0,0.6765914,0.88660177,1.081e-05,50.5096294,-4.87798923,0.0,0.0
2023-10-13,1,BTC-240927-15000-C,BTCUSDT,C,240927-15000,0.0,0.0,0.0,0.0,0.0,0.0,12050.0,14735.0,1.88,3.09,,0.96456528,13191.0,0.68583012,0.88481876,1.079e-05,51.0034249,-4.99353086,0.0,0.0
2023-10-13,2,BTC-240927-15000-C,BTCUSDT,C,240927-15000,0.0,0.0,0.0,0.0,0.0,0.0,12050.0,14735.0,1.88,3.09,,0.96240997,13185.0,0.6820631,0.88555318,1.08e-05,50.79706666,-4.94659899,0.0,0.0
2023-10-13,3,BTC-240927-15000-C,BTCUSDT,C,240927-15000,0.0,0.0,0.0,0.0,0.0,0.0,12050.0,14735.0,1.88,3.09,,0.96648216,13196.0,0.6889534,0.88423569,1.079e-05,51.15744508,-5.03261702,0.0,0.0
2023-10-13,4,BTC-240927-15000-C,BTCUSDT,C,240927-15000,0.0,0.0,0.0,0.0,0.0,0.0,12050.0,14735.0,1.88,3.09,,0.96307755,13186.0,0.68310261,0.88536787,1.08e-05,50.84248975,-4.95974812,0.0,0.0
2023-10-13,5,BTC-240927-15000-C,BTCUSDT,C,240927-15000,0.0,0.0,0.0,0.0,0.0,0.0,12050.0,14735.0,1.88,3.09,,0.96069813,13179.0,0.67887545,0.88619549,1.08e-05,50.60871511,-4.90697638,0.0,0.0
2023-10-13,6,BTC-240927-15000-C,BTCUSDT,C,240927-15000,0.0,0.0,0.0,0.0,0.0,0.0,12050.0,14735.0,1.88,3.09,,0.96279144,13185.0,0.68249226,0.88550151,1.08e-05,50.79933112,-4.95228886,0.0,0.0
2023-10-13,7,BTC-240927-15000-C,BTCUSDT,C,240927-15000,0.0,0.0,0.0,0.0,0.0,0.0,12120.0,14820.0,3.05,3.2,,0.96757889,13262.0,0.68612099,0.88567909,1.07e-05,50.86666323,-4.985812,0.0,0.0
2023-10-13,8,BTC-240927-15000-C,BTCUSDT,C,240927-15000,0.0,0.0,0.0,0.0,0.0,0.0,12120.0,14820.0,3.05,3.2,,0.97906113,13291.0,0.70495605,0.8821432,1.068e-05,51.82637617,-5.21995235,0.0,0.0
2023-10-13,9,BTC-240927-15000-C,BTCUSDT,C,240927-15000,0.0,0.0,0.0,0.0,0.0,0.0,12035.0,14715.0,2.45,3.95,,0.9695673,13188.0,0.69495916,0.88294569,1.08e-05,51.4625666,-5.11041406,0.0,0.0
2023-10-13,10,BTC-240927-15000-C,BTCUSDT,C,240927-15000,0.0,0.0,0.0,0.0,0.0,0.0,11960.0,14625.0,4.37,2.55,,0.94842911,13058.0,0.66259861,0.88833534,1.094e-05,49.83196015,-4.71862614,0.0,0.0
2023-10-13,11,BTC-240927-15000-C,BTCUSDT,C,240927-15000,0.0,0.0,0.0,0.0,0.0,0.0,12030.0,14705.0,4.29,4.38,,0.95607281,13146.0,0.67284822,0.88715507,1.084e-05,50.28333242,-4.8355955,0.0,0.0
2023-10-13,12,BTC-240927-15000-C,BTCUSDT,C,240927-15000,0.0,0.0,0.0,0.0,0.0,0.0,12145.0,14845.0,2.15,1.77,,0.96405506,13274.0,0.67903757,0.8873714,1.068e-05,50.41582379,-4.89351815,0.0,0.0
2023-10-13,13,BTC-240927-15000-C,BTCUSDT,C,240927-15000,0.0,0.0,0.0,0.0,0.0,0.0,12145.0,14845.0,2.15,1.77,,0.97505093,13304.0,0.69785833,0.88379284,1.066e-05,51.40714005,-5.12864902,0.0,0.0
2023-10-13,14,BTC-240927-15000-C,BTCUSDT,C,240927-15000,0.0,0.0,0.0,0.0,0.0,0.0,12000.0,14670.0,3.26,4.47,,0.95978737,13130.0,0.68102121,0.88520935,1.087e-05,50.7683592,-4.9433092,0.0,0.0
2023-10-13,15,BTC-240927-15000-C,BTCUSDT,C,240927-15000,0.0,0.0,0.0,0.0,0.0,0.0,12000.0,14670.0,3.26,4.47,,0.96684933,13148.0,0.69278479,0.88295362,1.085e-05,51.38086957,-5.08997382,0.0,0.0
2023-10-13,16,BTC-240927-15000-C,BTCUSDT,C,240927-15000,0.0,0.0,0.0,0.0,0.0,0.0,12000.0,14670.0,3.26,4.47,,0.95426083,13113.0,0.67104101,0.88718388,1.088e-05,50.20949617,-4.81839542,0.0,0.0
2023-10-13,17,BTC-240927-15000-C,BTCUSDT,C,240927-15000,0.0,0.0,0.0,0.0,0.0,0.0,12085.0,14775.0,3.36,3.52,,0.97630024,13250.0,0.70257425,0.88220601,1.073e-05,51.72093933,-5.19730142,0.0,0.0
2023-10-13,18,BTC-240927-15000-C,BTCUSDT,C,240927-15000,0.0,0.0,0.0,0.0,0.0,0.0,12085.0,14775.0,3.36,3.52,,0.97918034,13256.0,0.70702791,0.88138935,1.072e-05,51.93415586,-5.25243484,0.0,0.0
2023-10-13,19,BTC-240927-15000-C,BTCUSDT,C,240927-15000,0.0,0.0,0.0,0.0,0.0,0.0,12085.0,14775.0,3.36,3.52,,0.97463131,13246.0,0.6998229,0.88273469,1.073e-05,51.57353374,-5.16342473,0.0,0.0
2023-10-13,20,BTC-240927-15000-C,BTCUSDT,C,240927-15000,0.0,0.0,0.0,0.0,0.0,0.0,12085.0,14775.0,3.36,3.52,,0.9453392,13142.0,0.64413548,0.89368395,1.079e-05,48.43186565,-4.46357674,0.0,0.0
2023-10-13,21,BTC-240927-15000-C,BTCUSDT,C,240927-15000,0.0,0.0,0.0,0.0,0.0,0.0,12255.0,14985.0,2.13,1.58,,0.97530842,13405.0,0.68956614,0.88678732,1.053e-05,50.74452946,-5.00716068,0.0,0.0
2023-10-13,22,BTC-240927-15000-C,BTCUSDT,C,240927-15000,0.0,0.0,0.0,0.0,0.0,0.0,12140.0,14845.0,4.47,4.39,,0.9792757,13309.0,0.70332766,0.88280539,1.066e-05,51.64072982,-5.19790372,0.0,0.0
2023-10-13,23,BTC-240927-15000-C,BTCUSDT,C,240927-15000,0.0,0.0,0.0,0.0,0.0,0.0,12140.0,14845.0,4.47,4.39,,0.97466469,13297.0,0.69578648,0.88422028,1.067e-05,51.25473589,-5.10434412,0.0,0.0
2023-10-14,0,BTC-240927-15000-C,BTCUSDT,C,240927-15000,0.0,0.0,0.0,0.0,0.0,0.0,12140.0,14845.0,4.47,4.39,,0.97007751,13285.0,0.68798065,0.88570599,1.068e-05,50.84217431,-5.00705204,0.0,0.0
2023-10-14,1,BTC-240927-15000-C,BTCUSDT,C,240927-15000,0.0,0.0,0.0,0.0,0.0,0.0,12205.0,14925.0,4.24,3.64,,0.9803915,13372.0,0.70097208,0.88407395,1.058e-05,51.39972286,-5.15816313,0.0,0.0
2023-10-14,2,BTC-240927-15000-C,BTCUSDT,C,240927-15000,0.0,0.0,0.0,0.0,0.0,0.0,12205.0,14925.0,4.24,3.64,,0.98198414,13376.0,0.70350885,0.88361207,1.057e-05,51.52209639,-5.18977446,0.0,0.0
2023-10-14,3,BTC-240927-15000-C,BTCUSDT,C,240927-15000,0.0,0.0,0.0,0.0,0.0,0.0,12205.0,14925.0,4.24,3.64,,0.97850323,13367.0,0.69774866,0.88468939,1.058e-05,51.2252728,-5.11823833,0.0,0.0
2023-10-14,4,BTC-240927-15000-C,BTCUSDT,C,240927-15000,0.0,0.0,0.0,0.0,0.0,0.0,12205.0,14925.0,4.24,3.64,,0.9817934,13375.0,0.70309401,0.88370425,1.057e-05,51.49098072,-5.184819,0.0,0.0
2023-10-14,5,BTC-240927-15000-C,BTCUSDT,C,240927-15000,0.0,0.0,0.0,0.0,0.0,0.0,12205.0,14925.0,4.24,3.64,,0.98508835,13383.0,0.70831776,0.88275172,1.057e-05,51.7445447,-5.24968899,0.0,0.0
2023-10-14,6,BTC-240927-15000-C,BTCUSDT,C,240927-15000,0.0,0.0,0.0,0.0,0.0,0.0,12205.0,14925.0,4.24,3.64,,0.98862171,13390.0,0.71378469,0.88176506,1.056e-05,52.00388728,-5.31735622,0.0,0.0
2023-10-14,7,BTC-240927-15000-C,BTCUSDT,C,240927-15000,0.0,0.0,0.0,0.0,0.0,0.0,12205.0,14925.0,4.24,3.64,,0.98841667,13390.0,0.71341991,0.88183864,1.056e-05,51.98131428,-5.31296612,0.0,0.0
2023-10-14,8,BTC-240927-15000-C,BTCUSDT,C,240927-15000,0.0,0.0,0.0,0.0,0.0,0.0,100.0,0.0,0.01,0.0,,-1e-08,12282.0,0.4625,0.9351041,1.042e-05,33.26671784,-2.20454063,0.0,0.0
2023-10-14,9,BTC-240927-15000-C,BTCUSDT,C,240927-15000,0.0,0.0,0.0,0.0,0.0,0.0,12135.0,14840.0,2.63,1.51,,0.97184658,13284.0,0.69059134,0.88522181,1.068e-05,50.94109395,-5.04124341,0.0,0.0
2023-10-14,10,BTC-240927-15000-C,BTCUSDT,C,240927-15000,0.0,0.0,0.0,0.0,0.0,0.0,12135.0,14840.0,2.63,1.51,,0.97204208,13284.0,0.69086313,0.88517811,1.068e-05,50.9501341,-5.04472491,0.0,0.0
2023-10-14,11,BTC-240927-15000-C,BTCUSDT,C,240927-15000,0.0,0.0,0.0,0.0,0.0,0.0,12135.0,14840.0,2.63,1.51,,0.97301006,13287.0,0.69244623,0.88488598,1.068e-05,51.02763296,-5.06458065,0.0,0.0
2023-10-14,12,BTC-240927-15000-C,BTCUSDT,C,240927-15000,0.0,0.0,0.0,0.0,0.0,0.0,12135.0,14840.0,2.63,1.51,,0.96993923,13278.0,0.6871295,0.88590471,1.068e-05,50.74246838,-4.99820509,0.0,0.0
2023-10-14,13,BTC-240927-15000-C,BTCUSDT,C,240927-15000,0.0,0.0,0.0,0.0,0.0,0.0,12135.0,14840.0,2.63,1.51,,0.96810341,13272.0,0.68383694,0.88654338,1.069e-05,50.56075437,-4.95703373,0.0,0.0
2023-10-14,14,BTC-240927-15000-C,BTCUSDT,C,240927-15000,0.0,0.0,0.0,0.0,0.0,0.0,12135.0,14840.0,2.63,1.51,,0.97119331,13281.0,0.68918228,0.88552882,1.068e-05,50.84089126,-5.02406122,0.0,0.0
2023-10-14,15,BTC-240927-15000-C,BTCUSDT,C,240927-15000,0.0,0.0,0.0,0.0,0.0,0.0,12135.0,14840.0,2.63,1.51,,0.96261024,13254.0,0.67361832,0.88854031,1.07e-05,49.98716922,-4.82871965,0.0,0.0
2023-10-14,16,BTC-240927-15000-C,BTCUSDT,C,240927-15000,0.0,0.0,0.0,0.0,0.0,0.0,12135.0,14840.0,2.63,1.51,,0.96494675,13262.0,0.67793369,0.88770731,1.07e-05,50.22256127,-4.88312159,0.0,0.0
2023-10-14,17,BTC-240927-15000-C,BTCUSDT,C,240927-15000,0.0,0.0,0.0,0.0,0.0,0.0,12135.0,14840.0,2.63,1.51,,0.97074509,13279.0,0.68822861,0.88573407,1.068e-05,50.77479195,-5.01238296,0.0,0.0
2023-10-14,18,BTC-240927-15000-C,BTCUSDT,C,240927-15000,0.0,0.0,0.0,0.0,0.0,0.0,12135.0,14840.0,2.63,1.51,,0.97353935,13287.0,0.69294453,0.88484659,1.068e-05,51.01713771,-5.0714231,0.0,0.0
2023-10-14,19,BTC-240927-15000-C,BTCUSDT,C,240927-15000,0.0,0.0,0.0,0.0,0.0,0.0,12135.0,14840.0,2.63,1.51,,0.974617,13290.0,0.69469452,0.88452404,1.068e-05,51.10257858,-5.09335439,0.0,0.0
2023-10-14,20,BTC-240927-15000-C,BTCUSDT,C,240927-15000,0.0,0.0,0.0,0.0,0.0,0.0,12135.0,14840.0,2.63,1.51,,0.97746849,13297.0,0.69934845,0.88365873,1.067e-05,51.33515853,-5.15142829,0.0,0.0
2023-10-14,21,BTC-240927-15000-C,BTCUSDT,C,240927-15000,0.0,0.0,0.0,0.0,0.0,0.0,12135.0,14840.0,2.63,1.51,,0.98123074,13305.0,0.70534468,0.88255313,1.066e-05,51.62937569,-5.22599915,0.0,0.0
2023-10-14,22,BTC-240927-15000-C,BTCUSDT,C,240927-15000,0.0,0.0,0.0,0.0,0.0,0.0,12135.0,14840.0,2.63,1.51,,0.97690582,13295.0,0.69832325,0.88386614,1.067e-05,51.27279595,-5.13885674,0.0,0.0
2023-10-14,23,BTC-240927-15000-C,BTCUSDT,C,240927-15000,0.0,0.0,0.0,0.0,0.0,0.0,12135.0,14840.0,2.63,1.51,,0.9764576,13294.0,0.69752693,0.88402302,1.067e-05,51.22708474,-5.12903398,0.0,0.0
2023-10-15,0,BTC-240927-15000-C,BTCUSDT,C,240927-15000,0.0,0.0,0.0,0.0,0.0,0.0,12135.0,14840.0,2.63,1.51,,0.97743988,13296.0,0.69908619,0.88373912,1.067e-05,51.30112299,-5.14854486,0.0,0.0
2023-10-15,1,BTC-240927-15000-C,BTCUSDT,C,240927-15000,0.0,0.0,0.0,0.0,0.0,0.0,12135.0,14840.0,2.63,1.51,,0.97102165,13279.0,0.68823338,0.88579597,1.068e-05,50.73330671,-5.01311612,0.0,0.0
2023-10-15,2,BTC-240927-15000-C,BTCUSDT,C,240927-15000,0.0,0.0,0.0,0.0,0.0,0.0,12045.0,14730.0,1.83,2.54,,0.9532547,13139.0,0.66183567,0.88985916,1.083e-05,49.41860848,-4.69646956,0.0,0.0
2023-10-15,3,BTC-240927-15000-C,BTCUSDT,C,240927-15000,0.0,0.0,0.0,0.0,0.0,0.0,12045.0,14730.0,1.83,2.54,,0.95367432,13141.0,0.66261292,0.88971151,1.083e-05,49.45868886,-4.70636164,0.0,0.0
2023-10-15,4,BTC-240927-15000-C,BTCUSDT,C,240927-15000,0.0,0.0,0.0,0.0,0.0,0.0,12045.0,14805.0,1.83,2.4,,0.96621513,13171.0,0.66812515,0.88885773,1.08e-05,49.73600572,-4.77269304,0.0,0.0
2023-10-15,5,BTC-240927-15000-C,BTCUSDT,C,240927-15000,0.0,0.0,0.0,0.0,0.0,0.0,12045.0,14805.0,1.83,2.4,,0.96651077,13172.0,0.66864491,0.8887635,1.08e-05,49.76029485,-4.77931049,0.0,0.0
2023-10-15,6,BTC-240927-15000-C,BTCUSDT,C,240927-15000,0.0,0.0,0.0,0.0,0.0,0.0,12045.0,14805.0,1.83,2.4,,0.96697807,13174.0,0.66952229,0.88859922,1.08e-05,49.80477696,-4.79043318,0.0,0.0
2023-10-15,7,BTC-240927-15000-C,BTCUSDT,C,240927-15000,0.0,0.0,0.0,0.0,0.0,0.0,12045.0,14805.0,1.83,2.4,,0.96651077,13171.0,0.66849232,0.88880918,1.08e-05,49.74112587,-4.7775229,0.0,0.0
2023-10-15,8,BTC-240927-15000-C,BTCUSDT,C,240927-15000,0.0,0.0,0.0,0.0,0.0,0.0,12045.0,14805.0,1.83,2.4,,0.96316814,13156.0,0.66136599,0.89022376,1.081e-05,49.32547452,-4.68765753,0.0,0.0
2023-10-15,9,BTC-240927-15000-C,BTCUSDT,C,240927-15000,0.0,0.0,0.0,0.0,0.0,0.0,12110.0,14805.0,1.98,2.4,,0.96386909,13234.0,0.67772388,0.88756024,1.073e-05,50.1685255,-4.88628601,0.0,0.0
2023-10-15,10,BTC-240927-15000-C,BTCUSDT,C,240927-15000,0.0,0.0,0.0,0.0,0.0,0.0,12110.0,14805.0,1.98,2.4,,0.96466541,13236.0,0.67911863,0.88729709,1.073e-05,50.24011753,-4.90391647,0.0,0.0
2023-10-15,11,BTC-240927-15000-C,BTCUSDT,C,240927-15000,0.0,0.0,0.0,0.0,0.0,0.0,12110.0,14805.0,1.98,2.4,,0.9710598,13255.0,0.69031239,0.88515275,1.072e-05,50.83609786,-5.04448301,0.0,0.0
2023-10-15,12,BTC-240927-15000-C,BTCUSDT,C,240927-15000,0.0,0.0,0.0,0.0,0.0,0.0,12110.0,14805.0,1.98,2.4,,0.9734869,13261.0,0.69435358,0.8843944,1.071e-05,51.041147,-5.09509074,0.0,0.0
2023-10-15,13,BTC-240927-15000-C,BTCUSDT,C,240927-15000,0.0,0.0,0.0,0.0,0.0,0.0,12110.0,14805.0,1.98,2.4,,0.9702158,13252.0,0.68875551,0.88546526,1.072e-05,50.74369509,-5.02516154,0.0,0.0
2023-10-15,14,BTC-240927-15000-C,BTCUSDT,C,240927-15000,0.0,0.0,0.0,0.0,0.0,0.0,12110.0,14805.0,1.98,2.4,,0.96811771,13246.0,0.68504572,0.88618371,1.072e-05,50.54097918,-4.97872455,0.0,0.0
2023-10-15,15,BTC-240927-15000-C,BTCUSDT,C,240927-15000,0.0,0.0,0.0,0.0,0.0,0.0,12110.0,14805.0,1.98,2.4,,0.96457005,13235.0,0.67862272,0.88743289,1.073e-05,50.18661878,-4.89805063,0.0,0.0
2023-10-15,16,BTC-240927-15000-C,BTCUSDT,C,240927-15000,0.0,0.0,0.0,0.0,0.0,0.0,12110.0,14805.0,1.98,2.4,,0.96009731,13219.0,0.67010641,0.88910762,1.074e-05,49.70435613,-4.79068056,0.0,0.0
2023-10-15,17,BTC-240927-15000-C,BTCUSDT,C,240927-15000,0.0,0.0,0.0,0.0,0.0,0.0,12110.0,14805.0,1.98,2.4,,0.95221519,13184.0,0.6535387,0.89242287,1.075e-05,48.72499085,-4.580724,0.0,0.0
2023-10-15,18,BTC-240927-15000-C,BTCUSDT,C,240927-15000,0.0,0.0,0.0,0.0,0.0,0.0,12265.0,15000.0,2.97,2.58,,0.97502708,13405.0,0.68483829,0.88816591,1.052e-05,50.23561655,-4.94951773,0.0,0.0
2023-10-15,19,BTC-240927-15000-C,BTCUSDT,C,240927-15000,0.0,0.0,0.0,0.0,0.0,0.0,12265.0,15000.0,2.97,2.58,,0.97697735,13411.0,0.68832636,0.88751098,1.052e-05,50.41912275,-4.99349784,0.0,0.0
2023-10-15,20,BTC-240927-15000-C,BTCUSDT,C,240927-15000,0.0,0.0,0.0,0.0,0.0,0.0,12265.0,15000.0,2.97,2.58,,0.95273018,13284.0,0.63275814,0.8985044,1.056e-05,47.09150462,-4.2879288,0.0,0.0
2023-10-15,21,BTC-240927-15000-C,BTCUSDT,C,240927-15000,0.0,0.0,0.0,0.0,0.0,0.0,12265.0,15000.0,2.97,2.58,,0.9566164,13316.0,0.64431429,0.89615893,1.056e-05,47.83232859,-4.4354596,0.0,0.0
2023-10-15,22,BTC-240927-15000-C,BTCUSDT,C,240927-15000,0.0,0.0,0.0,0.0,0.0,0.0,12280.0,15015.0,3.14,3.5,,0.97083092,13403.0,0.67618847,0.89002668,1.052e-05,49.70972437,-4.83816355,0.0,0.0
2023-10-15,23,BTC-240927-15000-C,BTCUSDT,C,240927-15000,0.0,0.0,0.0,0.0,0.0,0.0,12280.0,15015.0,3.14,3.5,,0.96306801,13368.0,0.65965652,0.89326987,1.053e-05,48.74109992,-4.62846212,0.0,0.0
2023-10-16,0,BTC-240927-15000-C,BTCUSDT,C,240927-15000,0.0,0.0,0.0,0.0,0.0,0.0,12280.0,15090.0,3.14,3.74,,0.97829819,13410.0,0.67107201,0.8912499,1.05e-05,49.37452397,-4.77032174,0.0,0.0
2023-10-16,1,BTC-240927-15000-C,BTCUSDT,C,240927-15000,0.0,0.0,0.0,0.0,0.0,0.0,12280.0,15090.0,3.14,3.74,,0.97019672,13362.0,0.65120935,0.89514101,1.052e-05,48.18696977,-4.51833037,0.0,0.0
2023-10-16,2,BTC-240927-15000-C,BTCUSDT,C,240927-15000,0.0,0.0,0.0,0.0,0.0,0.0,12410.0,15175.0,4.45,4.28,,0.98585129,13567.0,0.69395065,0.88823693,1.033e-05,50.43602512,-5.04021765,0.0,0.0
2023-10-16,3,BTC-240927-15000-C,BTCUSDT,C,240927-15000,0.0,0.0,0.0,0.0,0.0,0.0,12410.0,15175.0,4.45,4.28,,0.97889423,13543.0,0.68068743,0.89074316,1.035e-05,49.70523567,-4.87283647,0.0,0.0
2023-10-16,4,BTC-240927-15000-C,BTCUSDT,C,240927-15000,0.0,0.0,0.0,0.0,0.0,0.0,12410.0,15175.0,4.45,4.28,,0.9765625,13533.0,0.67587376,0.89167103,1.035e-05,49.42726527,-4.81189634,0.0,0.0
2023-10-16,5,BTC-240927-15000-C,BTCUSDT,C,240927-15000,0.0,0.0,0.0,0.0,0.0,0.0,100.0,0.0,0.01,0.0,,-1e-08,13265.0,0.4625,0.94550651,8.77e-06,30.06189214,-2.00292312,0.0,0.0
2023-10-16,6,BTC-240927-15000-C,BTCUSDT,C,240927-15000,0.0,0.0,0.0,0.0,0.0,0.0,13205.0,16145.0,3.74,4.39,,1.0601902,14498.0,0.76719522,0.88482487,9.34e-06,52.69926295,-5.82503852,0.0,0.0
2023-10-16,7,BTC-240927-15000-C,BTCUSDT,C,240927-15000,0.0,0.0,0.0,0.0,0.0,0.0,12790.0,15680.0,2.88,2.22,,0.97521782,13555.0,0.56260891,0.91953503,9.78e-06,40.5393507,-3.28642639,0.0,0.0
2023-10-16,8,BTC-240927-15000-C,BTCUSDT,C,240927-15000,0.0,0.0,0.0,0.0,0.0,0.0,12790.0,15680.0,2.88,2.22,,0.98038197,13534.0,0.56519098,0.91862894,9.83e-06,40.83149012,-3.32570039,0.0,0.0
2023-10-16,9,BTC-240927-15000-C,BTCUSDT,C,240927-15000,0.0,0.0,0.0,0.0,0.0,0.0,12605.0,15410.0,3.62,4.33,,0.94022274,13412.0,0.54511137,0.92282909,9.8e-06,39.15908554,-3.07654029,0.0,0.0
2023-10-16,10,BTC-240927-15000-C,BTCUSDT,C,240927-15000,0.0,0.0,0.0,0.0,0.0,0.0,12605.0,15410.0,3.62,4.33,,0.93948364,13415.0,0.54474182,0.92297555,9.8e-06,39.10759098,-3.07078049,0.0,0.0
2023-10-16,11,BTC-240927-15000-C,BTCUSDT,C,240927-15000,0.0,0.0,0.0,0.0,0.0,0.0,12605.0,15410.0,3.62,4.33,,0.94275475,13402.0,0.54637737,0.92238944,9.83e-06,39.30125136,-3.09562428,0.0,0.0
2023-10-16,12,BTC-240927-15000-C,BTCUSDT,C,240927-15000,0.0,0.0,0.0,0.0,0.0,0.0,12695.0,15520.0,4.24,1.88,,0.94203949,13521.0,0.54601974,0.92376122,9.66e-06,38.95320927,-3.06657032,0.0,0.0
2023-10-16,13,BTC-240927-15000-C,BTCUSDT,C,240927-15000,0.0,0.0,0.0,0.0,0.0,0.0,100.0,0.0,0.01,0.0,,-1e-08,13339.0,0.4625,0.94625598,8.66e-06,29.80404049,-1.98765224,0.0,0.0
2023-10-16,14,BTC-240927-15000-C,BTCUSDT,C,240927-15000,0.0,0.0,0.0,0.0,0.0,0.0,13005.0,15900.0,4.09,1.97,,0.96143246,13845.0,0.55571623,0.92445993,9.32e-06,39.10576224,-3.13400399,0.0,0.0
2023-10-16,15,BTC-240927-15000-C,BTCUSDT,C,240927-15000,0.0,0.0,0.0,0.0,0.0,0.0,13305.0,16265.0,4.37,2.04,,1.04431629,14552.0,0.73559523,0.89105728,9.28e-06,51.06857912,-5.41814448,0.0,0.0
2023-10-16,16,BTC-240927-15000-C,BTCUSDT,C,240927-15000,0.0,0.0,0.0,0.0,0.0,0.0,13305.0,16345.0,4.37,2.28,,1.05416298,14574.0,0.73528767,0.89135104,9.26e-06,51.01498621,-5.41084586,0.0,0.0
2023-10-16,17,BTC-240927-15000-C,BTCUSDT,C,240927-15000,0.0,0.0,0.0,0.0,0.0,0.0,13305.0,16345.0,4.37,2.28,,1.03224754,14455.0,0.68501949,0.89995903,9.31e-06,48.30000736,-4.77323089,0.0,0.0
2023-10-16,18,BTC-240927-15000-C,BTCUSDT,C,240927-15000,0.0,0.0,0.0,0.0,0.0,0.0,13545.0,16560.0,4.13,3.16,,1.02011204,14305.0,0.58505602,0.92143237,9.01e-06,40.81252157,-3.44512838,0.0,0.0
2023-10-16,19,BTC-240927-15000-C,BTCUSDT,C,240927-15000,0.0,0.0,0.0,0.0,0.0,0.0,13775.0,16845.0,2.52,3.04,,1.08588696,15100.0,0.77457666,0.88982937,8.77e-06,52.18536434,-5.83283753,0.0,0.0
2023-10-16,20,BTC-240927-15000-C,BTCUSDT,C,240927-15000,0.0,0.0,0.0,0.0,0.0,0.0,13555.0,16570.0,2.59,1.8,,1.04816437,14781.0,0.72348595,0.89570979,9.04e-06,50.04593278,-5.22537985,0.0,0.0
2023-10-16,21,BTC-240927-15000-C,BTCUSDT,C,240927-15000,0.0,0.0,0.0,0.0,0.0,0.0,13555.0,16570.0,2.59,1.8,,1.04293346,14756.0,0.71200132,0.89765468,9.05e-06,49.42474971,-5.07921377,0.0,0.0
2023-10-16,22,BTC-240927-15000-C,BTCUSDT,C,240927-15000,0.0,0.0,0.0,0.0,0.0,0.0,13555.0,16570.0,2.59,1.8,,1.02994919,14651.0,0.6743145,0.90424134,9.08e-06,47.21758715,-4.59610286,0.0,0.0
2023-10-16,23,BTC-240927-15000-C,BTCUSDT,C,240927-15000,0.0,0.0,0.0,0.0,0.0,0.0,13655.0,16695.0,2.29,1.8,,1.05282307,14882.0,0.72334528,0.89676928,8.94e-06,49.86644194,-5.20750542,0.0,0.0
2023-10-17,0,BTC-240927-15000-C,BTCUSDT,C,240927-15000,0.0,0.0,0.0,0.0,0.0,0.0,13520.0,16530.0,3.21,1.8,,1.05823994,14787.0,0.74441671,0.89194491,9.05e-06,51.13112884,-5.49578134,0.0,0.0
2023-10-17,1,BTC-240927-15000-C,BTCUSDT,C,240927-15000,0.0,0.0,0.0,0.0,0.0,0.0,13520.0,16530.0,3.21,1.8,,1.04729652,14747.0,0.7235384,0.89538807,9.08e-06,50.07549337,-5.23199149,0.0,0.0
2023-10-17,2,BTC-240927-15000-C,BTCUSDT,C,240927-15000,0.0,0.0,0.0,0.0,0.0,0.0,13520.0,16530.0,3.21,1.8,,1.04432583,14733.0,0.71717978,0.89646567,9.08e-06,49.73332485,-5.15119512,0.0,0.0
2023-10-17,3,BTC-240927-15000-C,BTCUSDT,C,240927-15000,0.0,0.0,0.0,0.0,0.0,0.0,13520.0,16530.0,3.21,1.8,,1.05987072,14791.0,0.74709177,0.89153538,9.05e-06,51.24387565,-5.52968847,0.0,0.0
2023-10-17,4,BTC-240927-15000-C,BTCUSDT,C,240927-15000,0.0,0.0,0.0,0.0,0.0,0.0,13365.0,16340.0,2.5,2.51,,1.03910923,14582.0,0.71992636,0.89441965,9.24e-06,50.11268543,-5.21162035,0.0,0.0
2023-10-17,5,BTC-240927-15000-C,BTCUSDT,C,240927-15000,0.0,0.0,0.0,0.0,0.0,0.0,13365.0,16340.0,2.5,2.51,,1.03423595,14560.0,0.7096076,0.89619371,9.25e-06,49.55599476,-5.08046849,0.0,0.0
2023-10-17,6,BTC-240927-15000-C,BTCUSDT,C,240927-15000,0.0,0.0,0.0,0.0,0.0,0.0,13015.0,15910.0,3.3,3.69,,0.95723629,13876.0,0.55361814,0.92548083,9.25e-06,38.72637355,-3.09783827,0.0,0.0
2023-10-17,7,BTC-240927-15000-C,BTCUSDT,C,240927-15000,0.0,0.0,0.0,0.0,0.0,0.0,13015.0,15910.0,3.3,3.69,,0.92766762,13998.0,0.53883381,0.93068303,8.94e-06,36.88245557,-2.87189499,0.0,0.0
2023-10-17,8,BTC-240927-15000-C,BTCUSDT,C,240927-15000,0.0,0.0,0.0,0.0,0.0,0.0,13585.0,16610.0,3.83,3.27,,1.0483551,14802.0,0.71914673,0.89683583,9.02e-06,49.70426095,-5.16603475,0.0,0.0
2023-10-17,9,BTC-240927-15000-C,BTCUSDT,C,240927-15000,0.0,0.0,0.0,0.0,0.0,0.0,13585.0,16610.0,3.83,3.27,,1.04722977,14796.0,0.71656227,0.89727834,9.02e-06,49.56003126,-5.13315067,0.0,0.0
2023-10-17,10,BTC-240927-15000-C,BTCUSDT,C,240927-15000,0.0,0.0,0.0,0.0,0.0,0.0,13505.0,16510.0,2.9,2.83,,1.02080345,14253.0,0.58540173,0.92097868,9.07e-06,40.87221511,-3.45886006,0.0,0.0
2023-10-17,11,BTC-240927-15000-C,BTCUSDT,C,240927-15000,0.0,0.0,0.0,0.0,0.0,0.0,13585.0,16610.0,2.36,2.55,,1.0506773,14812.0,0.7238555,0.89606939,9.01e-06,49.93806483,-5.2262084,0.0,0.0
2023-10-17,12,BTC-240927-15000-C,BTCUSDT,C,240927-15000,0.0,0.0,0.0,0.0,0.0,0.0,13585.0,16610.0,2.36,2.55,,1.08114243,14905.0,0.77730656,0.88756614,8.95e-06,52.46739749,-5.89708409,0.0,0.0
2023-10-17,13,BTC-240927-15000-C,BTCUSDT,C,240927-15000,0.0,0.0,0.0,0.0,0.0,0.0,13340.0,16310.0,3.32,4.21,,1.01799488,14416.0,0.66580057,0.90379761,9.3e-06,46.9822891,-4.52362023,0.0,0.0
2023-10-17,14,BTC-240927-15000-C,BTCUSDT,C,240927-15000,0.0,0.0,0.0,0.0,0.0,0.0,13535.0,16550.0,2.28,1.84,,1.03415966,14671.0,0.68746328,0.90183761,9.09e-06,47.96413074,-4.76898798,0.0,0.0
2023-10-17,15,BTC-240927-15000-C,BTCUSDT,C,240927-15000,0.0,0.0,0.0,0.0,0.0,0.0,13650.0,16690.0,3.29,1.71,,1.05896473,14900.0,0.73472261,0.89496205,8.94e-06,50.37883146,-5.35406926,0.0,0.0
2023-10-17,16,BTC-240927-15000-C,BTCUSDT,C,240927-15000,0.0,0.0,0.0,0.0,0.0,0.0,13650.0,16690.0,3.29,1.71,,1.04036808,14788.0,0.68931818,0.9026451,8.97e-06,47.86996386,-4.77361812,0.0,0.0
2023-10-17,17,BTC-240927-15000-C,BTCUSDT,C,240927-15000,0.0,0.0,0.0,0.0,0.0,0.0,13650.0,16690.0,3.29,1.71,,1.06449604,14920.0,0.74508905,0.89329792,8.93e-06,50.88406736,-5.48538611,0.0,0.0
2023-10-17,18,BTC-240927-15000-C,BTCUSDT,C,240927-15000,0.0,0.0,0.0,0.0,0.0,0.0,13650.0,16690.0,3.29,1.71,,1.07568741,14953.0,0.76446056,0.89025086,8.9e-06,51.7874654,-5.72861068,0.0,0.0
2023-10-17,19,BTC-240927-15000-C,BTCUSDT,C,240927-15000,0.0,0.0,0.0,0.0,0.0,0.0,13640.0,16675.0,4.34,2.74,,1.04851246,14842.0,0.71362734,0.89839038,8.97e-06,49.26071805,-5.08737973,0.0,0.0
2023-10-17,20,BTC-240927-15000-C,BTCUSDT,C,240927-15000,0.0,0.0,0.0,0.0,0.0,0.0,13640.0,16675.0,4.34,2.74,,1.05935097,14892.0,0.73657036,0.8945885,8.95e-06,50.46192185,-5.37962918,0.0,0.0
2023-10-17,21,BTC-240927-15000-C,BTCUSDT,C,240927-15000,0.0,0.0,0.0,0.0,0.0,0.0,13640.0,16675.0,4.34,2.74,,1.05306149,14865.0,0.72366476,0.89672158,8.96e-06,49.79047481,-5.21567346,0.0,0.0
2023-10-17,22,BTC-240927-15000-C,BTCUSDT,C,240927-15000,0.0,0.0,0.0,0.0,0.0,0.0,13640.0,16675.0,4.34,2.74,,1.06368542,14908.0,0.74459791,0.89330334,8.94e-06,50.84954599,-5.4813557,0.0,0.0
2023-10-17,23,BTC-240927-15000-C,BTCUSDT,C,240927-15000,0.0,0.0,0.0,0.0,0.0,0.0,13545.0,16560.0,3.03,4.19,,1.04689598,14759.0,0.71862698,0.89662666,9.06e-06,49.66007065,-5.16704612,0.0,0.0
2023-10-18,0,BTC-240927-15000-C,BTCUSDT,C,240927-15000,0.0,0.0,0.0,0.0,0.0,0.0,13545.0,16560.0,3.03,4.19,,1.05016708,14774.0,0.72545528,0.89548892,9.05e-06,50.01529746,-5.25408866,0.0,0.0
2023-10-18,1,BTC-240927-15000-C,BTCUSDT,C,240927-15000,0.0,0.0,0.0,0.0,0.0,0.0,13545.0,16560.0,3.03,4.19,,1.05331421,14786.0,0.73168278,0.89446277,9.04e-06,50.33091057,-5.33327432,0.0,0.0
2023-10-18,2,BTC-240927-15000-C,BTCUSDT,C,240927-15000,0.0,0.0,0.0,0.0,0.0,0.0,13545.0,16560.0,3.03,4.19,,1.0356617,14685.0,0.68980694,0.90160779,9.08e-06,48.02250479,-4.7980093,0.0,0.0
2023-10-18,3,BTC-240927-15000-C,BTCUSDT,C,240927-15000,0.0,0.0,0.0,0.0,0.0,0.0,13545.0,16560.0,3.03,4.19,,1.02931499,14608.0,0.66543341,0.90595395,9.09e-06,46.52015902,-4.48422021,0.0,0.0
2023-10-18,4,BTC-240927-15000-C,BTCUSDT,C,240927-15000,0.0,0.0,0.0,0.0,0.0,0.0,100.0,0.0,0.01,0.0,,-1e-08,14031.0,0.4625,0.95251465,7.66e-06,27.64627072,-1.85243025,0.0,0.0
2023-10-18,5,BTC-240927-15000-C,BTCUSDT,C,240927-15000,0.0,0.0,0.0,0.0,0.0,0.0,14030.0,17150.0,2.87,1.69,,1.10417366,15380.0,0.78843594,0.8905519,8.52e-06,52.27551098,-5.97187492,0.0,0.0
2023-10-18,6,BTC-240927-15000-C,BTCUSDT,C,240927-15000,0.0,0.0,0.0,0.0,0.0,0.0,14030.0,17150.0,2.87,1.69,,1.10803127,15389.0,0.79443693,0.8896904,8.51e-06,52.52111062,-6.04632898,0.0,0.0
2023-10-18,7,BTC-240927-15000-C,BTCUSDT,C,240927-15000,0.0,0.0,0.0,0.0,0.0,0.0,13635.0,16670.0,2.14,4.03,,1.05165958,14851.0,0.71978807,0.89739419,8.97e-06,49.53828792,-5.16769097,0.0,0.0
2023-10-18,8,BTC-240927-15000-C,BTCUSDT,C,240927-15000,0.0,0.0,0.0,0.0,0.0,0.0,13555.0,16570.0,4.27,4.46,,1.02428913,14307.0,0.58714457,0.92126864,9.01e-06,40.78252362,-3.47074327,0.0,0.0
2023-10-18,9,BTC-240927-15000-C,BTCUSDT,C,240927-15000,0.0,0.0,0.0,0.0,0.0,0.0,13555.0,16655.0,4.27,2.71,,1.08137608,14876.0,0.76254606,0.88992195,8.97e-06,51.72096283,-5.71726725,0.0,0.0
2023-10-18,10,BTC-240927-15000-C,BTCUSDT,C,240927-15000,0.0,0.0,0.0,0.0,0.0,0.0,13555.0,16560.0,4.27,4.14,,1.05122566,14787.0,0.72912693,0.89502167,9.04e-06,50.14190882,-5.30044434,0.0,0.0
2023-10-18,11,BTC-240927-15000-C,BTCUSDT,C,240927-15000,0.0,0.0,0.0,0.0,0.0,0.0,13555.0,16560.0,4.27,4.14,,1.05543137,14803.0,0.73718548,0.89370039,9.03e-06,50.54537278,-5.40280042,0.0,0.0
2023-10-18,12,BTC-240927-15000-C,BTCUSDT,C,240927-15000,0.0,0.0,0.0,0.0,0.0,0.0,13455.0,16450.0,3.95,1.79,,1.03861809,14642.0,0.70752144,0.89770281,9.16e-06,49.13087565,-5.04089136,0.0,0.0
2023-10-18,13,BTC-240927-15000-C,BTCUSDT,C,240927-15000,0.0,0.0,0.0,0.0,0.0,0.0,13455.0,16450.0,3.95,1.79,,1.03874207,14642.0,0.70770264,0.89767894,9.16e-06,49.13556306,-5.04327286,0.0,0.0
2023-10-18,14,BTC-240927-15000-C,BTCUSDT,C,240927-15000,0.0,0.0,0.0,0.0,0.0,0.0,13455.0,16450.0,3.95,1.79,,1.05963707,14725.0,0.7488203,0.89083106,9.12e-06,51.23720726,-5.56520632,0.0,0.0
2023-10-18,15,BTC-240927-15000-C,BTCUSDT,C,240927-15000,0.0,0.0,0.0,0.0,0.0,0.0,13355.0,16330.0,3.07,2.03,,1.03060246,14519.0,0.69791079,0.89838381,9.27e-06,48.73989436,-4.93463687,0.0,0.0
2023-10-18,16,BTC-240927-15000-C,BTCUSDT,C,240927-15000,0.0,0.0,0.0,0.0,0.0,0.0,13450.0,16440.0,2.45,3.03,,1.03405952,14611.0,0.69765568,0.89938527,9.17e-06,48.56410209,-4.9156359,0.0,0.0
2023-10-18,17,BTC-240927-15000-C,BTCUSDT,C,240927-15000,0.0,0.0,0.0,0.0,0.0,0.0,13450.0,16440.0,2.45,3.03,,1.03718758,14631.0,0.70538044,0.89804987,9.17e-06,48.9948902,-5.01475734,0.0,0.0
2023-10-18,18,BTC-240927-15000-C,BTCUSDT,C,240927-15000,0.0,0.0,0.0,0.0,0.0,0.0,13450.0,16440.0,2.45,3.03,,1.04234219,14657.0,0.71694613,0.89607411,9.16e-06,49.62079494,-5.1627189,0.0,0.0
2023-10-18,19,BTC-240927-15000-C,BTCUSDT,C,240927-15000,0.0,0.0,0.0,0.0,0.0,0.0,13450.0,16440.0,2.45,3.03,,1.04982376,14688.0,0.73195457,0.89356052,9.14e-06,50.39561726,-5.35374475,0.0,0.0
2023-10-18,20,BTC-240927-15000-C,BTCUSDT,C,240927-15000,0.0,0.0,0.0,0.0,0.0,0.0,13355.0,16325.0,2.32,3.12,,1.02940559,14513.0,0.69606304,0.8987354,9.27e-06,48.6096055,-4.91138484,0.0,0.0
2023-10-18,21,BTC-240927-15000-C,BTCUSDT,C,240927-15000,0.0,0.0,0.0,0.0,0.0,0.0,13355.0,16325.0,2.32,3.12,,1.02669716,14494.0,0.68866253,0.90005261,9.28e-06,48.17585019,-4.81639028,0.0,0.0
2023-10-18,22,BTC-240927-15000-C,BTCUSDT,C,240927-15000,0.0,0.0,0.0,0.0,0.0,0.0,13450.0,16440.0,4.18,2.85,,1.03554249,14619.0,0.70076227,0.89888793,9.17e-06,48.70879899,-4.95583122,0.0,0.0
2023-10-18,23,BTC-240927-15000-C,BTCUSDT,C,240927-15000,0.0,0.0,0.0,0.0,0.0,0.0,13450.0,16440.0,4.18,2.85,,1.03913784,14639.0,0.70934057,0.89741127,9.16e-06,49.1819776,-5.06584283,0.0,0.0
2023-10-19,0,BTC-240927-15000-C,BTCUSDT,C,240927-15000,0.0,0.0,0.0,0.0,0.0,0.0,13450.0,16440.0,4.18,2.85,,1.02887154,14565.0,0.68127155,0.90233794,9.18e-06,47.55761576,-4.70526196,0.0,0.0
2023-10-19,1,BTC-240927-15000-C,BTCUSDT,C,240927-15000,0.0,0.0,0.0,0.0,0.0,0.0,13450.0,16440.0,4.18,2.85,,1.05151176,14693.0,0.73468685,0.89315214,9.14e-06,50.50126286,-5.38890524,0.0,0.0
2023-10-19,2,BTC-240927-15000-C,BTCUSDT,C,240927-15000,0.0,0.0,0.0,0.0,0.0,0.0,13345.0,16315.0,4.16,3.83,,1.03447914,14532.0,0.70792675,0.89660969,9.27e-06,49.25738544,-5.06533635,0.0,0.0
2023-10-19,3,BTC-240927-15000-C,BTCUSDT,C,240927-15000,0.0,0.0,0.0,0.0,0.0,0.0,13345.0,16315.0,4.16,3.83,,1.02705956,14485.0,0.6893301,0.89988153,9.29e-06,48.19906566,-4.82688606,0.0,0.0
2023-10-19,4,BTC-240927-15000-C,BTCUSDT,C,240927-15000,0.0,0.0,0.0,0.0,0.0,0.0,13345.0,16315.0,4.16,3.83,,1.02311134,14451.0,0.67709446,0.90208045,9.29e-06,47.46395094,-4.66946271,0.0,0.0
2023-10-19,5,BTC-240927-15000-C,BTCUSDT,C,240927-15000,0.0,0.0,0.0,0.0,0.0,0.0,13345.0,16315.0,4.16,3.83,,1.01953506,14406.0,0.66306114,0.90464148,9.3e-06,46.5855735,-4.48860487,0.0,0.0
2023-10-19,6,BTC-240927-15000-C,BTCUSDT,C,240927-15000,0.0,0.0,0.0,0.0,0.0,0.0,13345.0,16315.0,4.16,3.83,,1.0226202,14444.0,0.67505598,0.90246363,9.29e-06,47.32877823,-4.64327098,0.0,0.0
2023-10-19,7,BTC-240927-15000-C,BTCUSDT,C,240927-15000,0.0,0.0,0.0,0.0,0.0,0.0,13345.0,16315.0,4.16,3.83,,1.01613522,14330.0,0.64200163,0.90856984,9.3e-06,45.19165255,-4.21702232,0.0,0.0
2023-10-19,8,BTC-240927-15000-C,BTCUSDT,C,240927-15000,0.0,0.0,0.0,0.0,0.0,0.0,100.0,0.0,0.01,0.0,,-1e-08,13647.0,0.4625,0.94954435,8.17e-06,28.56537696,-1.92050681,0.0,0.0
2023-10-19,9,BTC-240927-15000-C,BTCUSDT,C,240927-15000,0.0,0.0,0.0,0.0,0.0,0.0,13420.0,16405.0,3.15,2.54,,1.02167606,14442.0,0.65316439,0.90721792,9.22e-06,45.78872962,-4.34808333,0.0,0.0
2023-10-19,10,BTC-240927-15000-C,BTCUSDT,C,240927-15000,0.0,0.0,0.0,0.0,0.0,0.0,13535.0,16545.0,3.95,1.87,,1.03441715,14653.0,0.6835103,0.90284879,9.09e-06,47.49284094,-4.72000655,0.0,0.0
2023-10-19,11,BTC-240927-15000-C,BTCUSDT,C,240927-15000,0.0,0.0,0.0,0.0,0.0,0.0,13535.0,16545.0,3.95,1.87,,1.03867054,14690.0,0.69652796,0.90057168,9.09e-06,48.25581831,-4.88776424,0.0,0.0
2023-10-19,12,BTC-240927-15000-C,BTCUSDT,C,240927-15000,0.0,0.0,0.0,0.0,0.0,0.0,13535.0,16545.0,3.95,1.87,,1.03387833,14646.0,0.68124771,0.90326421,9.1e-06,47.34522359,-4.69089673,0.0,0.0
2023-10-19,13,BTC-240927-15000-C,BTCUSDT,C,240927-15000,0.0,0.0,0.0,0.0,0.0,0.0,13635.0,16670.0,3.39,4.43,,1.05538368,14860.0,0.72507381,0.8967313,8.96e-06,49.65945566,-5.23734832,0.0,0.0
2023-10-19,14,BTC-240927-15000-C,BTCUSDT,C,240927-15000,0.0,0.0,0.0,0.0,0.0,0.0,13635.0,16670.0,3.39,4.43,,1.02428913,14419.0,0.58714457,0.92262482,8.87e-06,40.35353424,-3.44672433,0.0,0.0
2023-10-19,15,BTC-240927-15000-C,BTCUSDT,C,240927-15000,0.0,0.0,0.0,0.0,0.0,0.0,13765.0,16855.0,1.71,1.67,,1.05783463,14951.0,0.707798,0.90096805,8.85e-06,48.49268048,-4.99365004,0.0,0.0
2023-10-19,16,BTC-240927-15000-C,BTCUSDT,C,240927-15000,0.0,0.0,0.0,0.0,0.0,0.0,100.0,0.0,0.01,0.0,,-1e-08,13928.0,0.4625,0.95196484,7.78e-06,27.73944557,-1.86678693,0.0,0.0
2023-10-19,17,BTC-240927-15000-C,BTCUSDT,C,240927-15000,0.0,0.0,0.0,0.0,0.0,0.0,100.0,0.0,0.01,0.0,,-1e-08,13858.0,0.4625,0.95139419,7.87e-06,27.92875815,-1.87975506,0.0,0.0
2023-10-19,18,BTC-240927-15000-C,BTCUSDT,C,240927-15000,0.0,0.0,0.0,0.0,0.0,0.0,13725.0,16780.0,4.49,3.84,,1.04942799,14883.0,0.69931269,0.90200078,8.9e-06,48.06435052,-4.89198433,0.0,0.0
2023-10-19,19,BTC-240927-15000-C,BTCUSDT,C,240927-15000,0.0,0.0,0.0,0.0,0.0,0.0,13725.0,16780.0,4.49,3.84,,1.03299618,14502.0,0.59149809,0.922375,8.81e-06,40.53978106,-3.49042245,0.0,0.0
2023-10-19,20,BTC-240927-15000-C,BTCUSDT,C,240927-15000,0.0,0.0,0.0,0.0,0.0,0.0,13840.0,16920.0,2.23,1.9,,1.06389999,15060.0,0.72358131,0.89904796,8.77e-06,49.22513376,-5.18525572,0.0,0.0
2023-10-19,21,BTC-240927-15000-C,BTCUSDT,C,240927-15000,0.0,0.0,0.0,0.0,0.0,0.0,13705.0,16760.0,3.87,4.44,,1.05258465,14890.0,0.70872068,0.90023459,8.91e-06,48.61559755,-5.01648314,0.0,0.0
2023-10-19,22,BTC-240927-15000-C,BTCUSDT,C,240927-15000,0.0,0.0,0.0,0.0,0.0,0.0,13800.0,16870.0,1.62,1.96,,1.06517792,15036.0,0.73059082,0.89752015,8.8e-06,49.6480187,-5.28174525,0.0,0.0
2023-10-19,23,BTC-240927-15000-C,BTCUSDT,C,240927-15000,0.0,0.0,0.0,0.0,0.0,0.0,13800.0,16870.0,1.62,1.96,,1.05545998,14976.0,0.70652485,0.9015276,8.82e-06,48.32956145,-4.97272354,0.0,0.0
2023-10-20,0,BTC-240927-15000-C,BTCUSDT,C,240927-15000,0.0,0.0,0.0,0.0,0.0,0.0,13800.0,16870.0,1.62,1.96,,1.06688499,15043.0,0.7340765,0.896967,8.8e-06,49.81844249,-5.32645418,0.0,0.0
2023-10-20,1,BTC-240927-15000-C,BTCUSDT,C,240927-15000,0.0,0.0,0.0,0.0,0.0,0.0,13705.0,16755.0,2.89,2.56,,1.04440212,14819.0,0.68464994,0.90439602,8.92e-06,47.19103395,-4.70638568,0.0,0.0
2023-10-20,2,BTC-240927-15000-C,BTCUSDT,C,240927-15000,0.0,0.0,0.0,0.0,0.0,0.0,14285.0,17465.0,2.19,3.18,,1.1187458,15649.0,0.79370022,0.89259495,8.29e-06,51.93995027,-6.00579072,0.0,0.0
2023-10-20,3,BTC-240927-15000-C,BTCUSDT,C,240927-15000,0.0,0.0,0.0,0.0,0.0,0.0,14485.0,17710.0,2.51,3.05,,1.12223148,15843.0,0.78665018,0.89549847,8.13e-06,51.37025908,-5.88787114,0.0,0.0
2023-10-20,4,BTC-240927-15000-C,BTCUSDT,C,240927-15000,0.0,0.0,0.0,0.0,0.0,0.0,14485.0,17710.0,2.51,3.05,,1.10970497,15794.0,0.76243877,0.89906253,8.15e-06,50.23020705,-5.58068578,0.0,0.0
2023-10-20,5,BTC-240927-15000-C,BTCUSDT,C,240927-15000,0.0,0.0,0.0,0.0,0.0,0.0,14590.0,17835.0,2.3,3.76,,1.14602566,16004.0,0.82018137,0.89181925,8e-06,52.63896233,-6.29198369,0.0,0.0
2023-10-20,6,BTC-240927-15000-C,BTCUSDT,C,240927-15000,0.0,0.0,0.0,0.0,0.0,0.0,14235.0,17405.0,2.67,2.76,,1.06250763,15044.0,0.60625381,0.92393601,8.31e-06,40.61897341,-3.58927342,0.0,0.0
2023-10-20,7,BTC-240927-15000-C,BTCUSDT,C,240927-15000,0.0,0.0,0.0,0.0,0.0,0.0,14235.0,17490.0,2.67,1.79,,1.08363152,15049.0,0.61681576,0.92152067,8.38e-06,41.53396809,-3.7345197,0.0,0.0
2023-10-20,8,BTC-240927-15000-C,BTCUSDT,C,240927-15000,0.0,0.0,0.0,0.0,0.0,0.0,14730.0,18005.0,2.21,4.21,,1.09774113,15534.0,0.62387056,0.92420261,7.94e-06,41.13180652,-3.74111371,0.0,0.0
2023-10-20,9,BTC-240927-15000-C,BTCUSDT,C,240927-15000,0.0,0.0,0.0,0.0,0.0,0.0,14730.0,18005.0,2.21,4.21,,1.08818054,15572.0,0.61909027,0.92561921,7.87e-06,40.62771253,-3.66739549,0.0,0.0
2023-10-20,10,BTC-240927-15000-C,BTCUSDT,C,240927-15000,0.0,0.0,0.0,0.0,0.0,0.0,14910.0,18225.0,3.42,3.69,,1.11786842,16135.0,0.73382854,0.90713959,7.83e-06,48.09098479,-5.14626849,0.0,0.0
2023-10-20,11,BTC-240927-15000-C,BTCUSDT,C,240927-15000,0.0,0.0,0.0,0.0,0.0,0.0,14910.0,18225.0,3.42,3.69,,1.12009048,16158.0,0.74123383,0.90602097,7.82e-06,48.49236905,-5.24222407,0.0,0.0
2023-10-20,12,BTC-240927-15000-C,BTCUSDT,C,240927-15000,0.0,0.0,0.0,0.0,0.0,0.0,14810.0,18105.0,2.92,2.92,,1.14928722,16219.0,0.81211329,0.89497039,7.83e-06,52.01606463,-6.16160482,0.0,0.0
2023-10-20,13,BTC-240927-15000-C,BTCUSDT,C,240927-15000,0.0,0.0,0.0,0.0,0.0,0.0,14610.0,17860.0,3.17,3.27,,1.08547211,15432.0,0.61773605,0.92475627,7.99e-06,40.77707919,-3.67461285,0.0,0.0
2023-10-20,14,BTC-240927-15000-C,BTCUSDT,C,240927-15000,0.0,0.0,0.0,0.0,0.0,0.0,14610.0,17860.0,3.17,3.27,,1.09609604,15743.0,0.70315361,0.90947174,8.09e-06,46.75452658,-4.79644202,0.0,0.0
2023-10-20,15,BTC-240927-15000-C,BTCUSDT,C,240927-15000,0.0,0.0,0.0,0.0,0.0,0.0,14480.0,17705.0,4.41,1.79,,1.07437134,15314.0,0.61218567,0.92502309,8.07e-06,40.52088078,-3.61959655,0.0,0.0
2023-10-20,16,BTC-240927-15000-C,BTCUSDT,C,240927-15000,0.0,0.0,0.0,0.0,0.0,0.0,14480.0,17705.0,4.41,1.79,,1.08305931,15279.0,0.61652966,0.923727,8.14e-06,40.97257981,-3.68636405,0.0,0.0
2023-10-20,17,BTC-240927-15000-C,BTCUSDT,C,240927-15000,0.0,0.0,0.0,0.0,0.0,0.0,100.0,0.0,0.01,0.0,,-1e-08,14781.0,0.4625,0.9586045,6.7e-06,25.33735333,-1.71031752,0.0,0.0
2023-10-20,18,BTC-240927-15000-C,BTCUSDT,C,240927-15000,0.0,0.0,0.0,0.0,0.0,0.0,100.0,0.0,0.01,0.0,,-1e-08,14752.0,0.4625,0.95841444,6.73e-06,25.40475334,-1.71507574,0.0,0.0
2023-10-20,19,BTC-240927-15000-C,BTCUSDT,C,240927-15000,0.0,0.0,0.0,0.0,0.0,0.0,100.0,0.0,0.01,0.0,,-1e-08,14821.0,0.4625,0.95889935,6.65e-06,25.22380808,-1.70306728,0.0,0.0
2023-10-20,20,BTC-240927-15000-C,BTCUSDT,C,240927-15000,0.0,0.0,0.0,0.0,0.0,0.0,14625.0,17880.0,3.44,3.22,,1.10116959,15816.0,0.7202816,0.90690711,8.07e-06,47.70192175,-5.01649574,0.0,0.0
2023-10-20,21,BTC-240927-15000-C,BTCUSDT,C,240927-15000,0.0,0.0,0.0,0.0,0.0,0.0,14625.0,17880.0,3.44,3.22,,1.09543324,15696.0,0.68718195,0.91225332,8.08e-06,45.70824277,-4.58649963,0.0,0.0
2023-10-20,22,BTC-240927-15000-C,BTCUSDT,C,240927-15000,0.0,0.0,0.0,0.0,0.0,0.0,14625.0,17880.0,3.44,3.22,,1.08684063,15450.0,0.61842031,0.92483074,7.98e-06,40.74827332,-3.68011087,0.0,0.0
2023-10-20,23,BTC-240927-15000-C,BTCUSDT,C,240927-15000,0.0,0.0,0.0,0.0,0.0,0.0,14725.0,18005.0,1.57,2.44,,1.10891342,15938.0,0.7284832,0.90650085,7.98e-06,47.99688953,-5.10685392,0.0,0.0
2023-10-21,0,BTC-240927-15000-C,BTCUSDT,C,240927-15000,0.0,0.0,0.0,0.0,0.0,0.0,14580.0,17825.0,2.12,2.29,,1.08406544,15403.0,0.61703272,0.92476489,8.02e-06,40.71073698,-3.66936422,0.0,0.0
2023-10-21,1,BTC-240927-15000-C,BTCUSDT,C,240927-15000,0.0,0.0,0.0,0.0,0.0,0.0,14580.0,17825.0,2.12,2.29,,1.09865189,15765.0,0.71816444,0.90689064,8.11e-06,47.62293668,-4.99650821,0.0,0.0
2023-10-21,2,BTC-240927-15000-C,BTCUSDT,C,240927-15000,0.0,0.0,0.0,0.0,0.0,0.0,14475.0,17695.0,1.83,4.11,,1.08312607,15271.0,0.61656303,0.92373245,8.14e-06,40.93506646,-3.6876729,0.0,0.0
2023-10-21,3,BTC-240927-15000-C,BTCUSDT,C,240927-15000,0.0,0.0,0.0,0.0,0.0,0.0,14475.0,17695.0,1.83,4.11,,1.06524467,15343.0,0.60762234,0.92643712,8.01e-06,39.97881258,-3.54973483,0.0,0.0
2023-10-21,4,BTC-240927-15000-C,BTCUSDT,C,240927-15000,0.0,0.0,0.0,0.0,0.0,0.0,14600.0,17850.0,4.22,3.31,,1.09975815,15782.0,0.71755409,0.90718071,8.09e-06,47.54072384,-4.98546435,0.0,0.0
2023-10-21,5,BTC-240927-15000-C,BTCUSDT,C,240927-15000,0.0,0.0,0.0,0.0,0.0,0.0,14600.0,17850.0,4.22,3.31,,1.09652042,15726.0,0.7014966,0.90976091,8.1e-06,46.5890337,-4.77691318,0.0,0.0
2023-10-21,6,BTC-240927-15000-C,BTCUSDT,C,240927-15000,0.0,0.0,0.0,0.0,0.0,0.0,14690.0,17960.0,4.45,3.76,,1.09619141,15498.0,0.6230957,0.92425884,7.96e-06,41.01025806,-3.73540963,0.0,0.0
2023-10-21,7,BTC-240927-15000-C,BTCUSDT,C,240927-15000,0.0,0.0,0.0,0.0,0.0,0.0,14690.0,17960.0,4.45,3.76,,1.09723091,15494.0,0.62361546,0.92411656,7.97e-06,41.05762085,-3.74329913,0.0,0.0
2023-10-21,8,BTC-240927-15000-C,BTCUSDT,C,240927-15000,0.0,0.0,0.0,0.0,0.0,0.0,100.0,0.0,0.01,0.0,,-1e-08,14919.0,0.4625,0.9596705,6.53e-06,24.90623131,-1.68428877,0.0,0.0
2023-10-21,9,BTC-240927-15000-C,BTCUSDT,C,240927-15000,0.0,0.0,0.0,0.0,0.0,0.0,14655.0,17915.0,3.87,2.34,,1.06800556,15565.0,0.60900278,0.92806099,7.8e-06,39.59799179,-3.52648593,0.0,0.0
2023-10-21,10,BTC-240927-15000-C,BTCUSDT,C,240927-15000,0.0,0.0,0.0,0.0,0.0,0.0,14775.0,18060.0,1.8,3.54,,1.10293388,15577.0,0.62646694,0.92421469,7.9e-06,41.11691024,-3.76722254,0.0,0.0
2023-10-21,11,BTC-240927-15000-C,BTCUSDT,C,240927-15000,0.0,0.0,0.0,0.0,0.0,0.0,14775.0,18060.0,1.8,3.54,,1.09837055,15596.0,0.62418528,0.92489193,7.87e-06,40.87561442,-3.73192918,0.0,0.0
2023-10-21,12,BTC-240927-15000-C,BTCUSDT,C,240927-15000,0.0,0.0,0.0,0.0,0.0,0.0,14775.0,18060.0,1.8,3.54,,1.10434532,15836.0,0.68797588,0.91345281,7.96e-06,45.43279311,-4.57247323,0.0,0.0
2023-10-21,13,BTC-240927-15000-C,BTCUSDT,C,240927-15000,0.0,0.0,0.0,0.0,0.0,0.0,14685.0,17955.0,3.17,3.03,,1.084795,15540.0,0.6173975,0.92596941,7.88e-06,40.38199824,-3.64765821,0.0,0.0
2023-10-21,14,BTC-240927-15000-C,BTCUSDT,C,240927-15000,0.0,0.0,0.0,0.0,0.0,0.0,14685.0,17955.0,3.17,3.03,,1.06842995,15607.0,0.60921497,0.92840356,7.76e-06,39.5003767,-3.52116378,0.0,0.0
2023-10-21,15,BTC-240927-15000-C,BTCUSDT,C,240927-15000,0.0,0.0,0.0,0.0,0.0,0.0,14820.0,18115.0,2.82,4.2,,1.08763218,15698.0,0.61881609,0.92699131,7.74e-06,40.1701554,-3.63774697,0.0,0.0
2023-10-21,16,BTC-240927-15000-C,BTCUSDT,C,240927-15000,0.0,0.0,0.0,0.0,0.0,0.0,14820.0,18205.0,2.82,3.18,,1.11465931,15684.0,0.63232965,0.92387434,7.84e-06,41.36790055,-3.82848875,0.0,0.0
2023-10-21,17,BTC-240927-15000-C,BTCUSDT,C,240927-15000,0.0,0.0,0.0,0.0,0.0,0.0,100.0,0.0,0.01,0.0,,-1e-08,15390.0,0.4625,0.96280896,6.02e-06,23.68820224,-1.60367795,0.0,0.0
2023-10-21,18,BTC-240927-15000-C,BTCUSDT,C,240927-15000,0.0,0.0,0.0,0.0,0.0,0.0,14195.0,19215.0,4.41,2.06,,1.23780251,16263.0,0.69390125,0.91596556,7.61e-06,45.07892206,-4.57928307,0.0,0.0
2023-10-21,19,BTC-240927-15000-C,BTCUSDT,C,240927-15000,0.0,0.0,0.0,0.0,0.0,0.0,14195.0,19215.0,4.41,2.06,,1.24704361,16228.0,0.6985218,0.91479101,7.65e-06,45.45712239,-4.64901758,0.0,0.0
2023-10-21,20,BTC-240927-15000-C,BTCUSDT,C,240927-15000,0.0,0.0,0.0,0.0,0.0,0.0,14195.0,19215.0,4.41,2.06,,1.2677002,16152.0,0.7088501,0.91217899,7.75e-06,46.28370659,-4.80413064,0.0,0.0
2023-10-21,21,BTC-240927-15000-C,BTCUSDT,C,240927-15000,0.0,0.0,0.0,0.0,0.0,0.0,14195.0,19215.0,4.41,2.06,,1.27108574,16140.0,0.71054287,0.91176299,7.76e-06,46.41062409,-4.82939764,0.0,0.0
2023-10-21,22,BTC-240927-15000-C,BTCUSDT,C,240927-15000,0.0,0.0,0.0,0.0,0.0,0.0,14195.0,19215.0,4.41,2.06,,1.26979828,16145.0,0.70989914,0.91193546,7.76e-06,46.35399965,-4.81972367,0.0,0.0
2023-10-21,23,BTC-240927-15000-C,BTCUSDT,C,240927-15000,0.0,0.0,0.0,0.0,0.0,0.0,14035.0,18995.0,1.75,4.31,,1.24511719,16008.0,0.69755859,0.91314575,7.84e-06,45.74139496,-4.6739212,0.0,0.0
2023-10-22,0,BTC-240927-15000-C,BTCUSDT,C,240927-15000,0.0,0.0,0.0,0.0,0.0,0.0,14035.0,18995.0,1.75,4.31,,1.23581409,16043.0,0.69290705,0.91436251,7.79e-06,45.35179257,-4.6037713,0.0,0.0
2023-10-22,1,BTC-240927-15000-C,BTCUSDT,C,240927-15000,0.0,0.0,0.0,0.0,0.0,0.0,14035.0,18995.0,1.75,4.31,,1.2422657,16019.0,0.69613285,0.91353571,7.82e-06,45.61232478,-4.65234236,0.0,0.0
2023-10-22,2,BTC-240927-15000-C,BTCUSDT,C,240927-15000,0.0,0.0,0.0,0.0,0.0,0.0,14035.0,18995.0,1.75,4.31,,1.25246048,15982.0,0.70123024,0.91223069,7.87e-06,46.0202299,-4.72889619,0.0,0.0
2023-10-22,3,BTC-240927-15000-C,BTCUSDT,C,240927-15000,0.0,0.0,0.0,0.0,0.0,0.0,14035.0,18995.0,1.75,4.31,,1.2458992,16006.0,0.6979496,0.913087,7.84e-06,45.74856062,-4.67955865,0.0,0.0
2023-10-22,4,BTC-240927-15000-C,BTCUSDT,C,240927-15000,0.0,0.0,0.0,0.0,0.0,0.0,14035.0,18995.0,1.75,4.31,,1.23860836,16034.0,0.69430418,0.91404159,7.8e-06,45.44299028,-4.62458879,0.0,0.0
2023-10-22,5,BTC-240927-15000-C,BTCUSDT,C,240927-15000,0.0,0.0,0.0,0.0,0.0,0.0,14035.0,19140.0,1.75,2.2,,1.23918533,16182.0,0.69459267,0.91525217,7.68e-06,45.20218857,-4.6025567,0.0,0.0
2023-10-22,6,BTC-240927-15000-C,BTCUSDT,C,240927-15000,0.0,0.0,0.0,0.0,0.0,0.0,14480.0,19595.0,3.63,1.83,,1.32417202,16343.0,0.73708601,0.90868329,7.66e-06,47.72343271,-5.1571812,0.0,0.0
2023-10-22,7,BTC-240927-15000-C,BTCUSDT,C,240927-15000,0.0,0.0,0.0,0.0,0.0,0.0,14210.0,19230.0,2.4,4.08,,1.30067825,16051.0,0.72533913,0.90831902,7.88e-06,47.44753963,-5.04626918,0.0,0.0
2023-10-22,8,BTC-240927-15000-C,BTCUSDT,C,240927-15000,0.0,0.0,0.0,0.0,0.0,0.0,16035.0,20970.0,0.01,3.49,,1.60616875,17853.0,1.05913229,0.8817131,6.48e-06,57.10194924,-8.86890131,0.0,0.0
2023-10-22,9,BTC-240927-15000-C,BTCUSDT,C,240927-15000,0.0,0.0,0.0,0.0,0.0,0.0,16035.0,20970.0,0.01,3.49,,1.59852028,17868.0,1.05449982,0.88216642,6.48e-06,57.03477246,-8.82080006,0.0,0.0
2023-10-22,10,BTC-240927-15000-C,BTCUSDT,C,240927-15000,0.0,0.0,0.0,0.0,0.0,0.0,16035.0,20970.0,0.01,3.49,,1.59615517,17873.0,1.05302877,0.88231309,6.48e-06,57.00996927,-8.80574052,0.0,0.0
2023-10-22,11,BTC-240927-15000-C,BTCUSDT,C,240927-15000,0.0,0.0,0.0,0.0,0.0,0.0,16035.0,20970.0,0.01,3.49,,1.59501076,17875.0,1.05228968,0.88238852,6.49e-06,56.99528399,-8.79836874,0.0,0.0
2023-10-22,12,BTC-240927-15000-C,BTCUSDT,C,240927-15000,0.0,0.0,0.0,0.0,0.0,0.0,16035.0,20970.0,0.01,3.49,,1.59690857,17871.0,1.05341263,0.88228268,6.49e-06,57.00685507,-8.81062315,0.0,0.0
2023-10-22,13,BTC-240927-15000-C,BTCUSDT,C,240927-15000,0.0,0.0,0.0,0.0,0.0,0.0,16035.0,20970.0,0.01,3.49,,1.58883572,17887.0,1.04841061,0.88277406,6.49e-06,56.93084909,-8.7581664,0.0,0.0
2023-10-22,14,BTC-240927-15000-C,BTCUSDT,C,240927-15000,0.0,0.0,0.0,0.0,0.0,0.0,16035.0,20970.0,0.01,3.49,,1.60007477,17865.0,1.0552556,0.88211013,6.49e-06,57.02402081,-8.83085466,0.0,0.0
2023-10-22,15,BTC-240927-15000-C,BTCUSDT,C,240927-15000,0.0,0.0,0.0,0.0,0.0,0.0,16035.0,20970.0,0.01,3.49,,1.60831451,17848.0,1.06015272,0.8816381,6.49e-06,57.08595505,-8.88255801,0.0,0.0
2023-10-22,16,BTC-240927-15000-C,BTCUSDT,C,240927-15000,0.0,0.0,0.0,0.0,0.0,0.0,16035.0,20970.0,0.01,3.49,,1.60187721,17861.0,1.0562665,0.88201874,6.49e-06,57.029444,-8.84231766,0.0,0.0
2023-10-22,17,BTC-240927-15000-C,BTCUSDT,C,240927-15000,0.0,0.0,0.0,0.0,0.0,0.0,16035.0,20970.0,0.01,3.49,,1.5942812,17876.0,1.05161495,0.88247513,6.49e-06,56.96012513,-8.79375345,0.0,0.0
2023-10-22,18,BTC-240927-15000-C,BTCUSDT,C,240927-15000,0.0,0.0,0.0,0.0,0.0,0.0,16035.0,20970.0,0.01,3.49,,1.59919262,17867.0,1.05457134,0.8821906,6.49e-06,56.99754768,-8.82534859,0.0,0.0
2023-10-22,19,BTC-240927-15000-C,BTCUSDT,C,240927-15000,0.0,0.0,0.0,0.0,0.0,0.0,16035.0,20970.0,0.01,3.49,,1.6060257,17853.0,1.05864592,0.88179786,6.49e-06,57.04901035,-8.86853154,0.0,0.0
2023-10-22,20,BTC-240927-15000-C,BTCUSDT,C,240927-15000,0.0,0.0,0.0,0.0,0.0,0.0,16035.0,20970.0,0.01,3.49,,1.60543442,17854.0,1.05825253,0.88183953,6.49e-06,57.03949036,-8.86484142,0.0,0.0
2023-10-22,21,BTC-240927-15000-C,BTCUSDT,C,240927-15000,0.0,0.0,0.0,0.0,0.0,0.0,16035.0,20970.0,0.01,3.49,,1.62118912,17822.0,1.06748409,0.88094963,6.49e-06,57.15442639,-8.96128846,0.0,0.0
2023-10-22,22,BTC-240927-15000-C,BTCUSDT,C,240927-15000,0.0,0.0,0.0,0.0,0.0,0.0,16035.0,20970.0,0.01,3.49,,1.57470703,17913.0,1.03911705,0.88371718,6.49e-06,56.75027684,-8.66253078,0.0,0.0
2023-10-22,23,BTC-240927-15000-C,BTCUSDT,C,240927-15000,0.0,0.0,0.0,0.0,0.0,0.0,16035.0,20970.0,0.01,3.49,,1.58296585,17898.0,1.04434319,0.88320733,6.49e-06,56.82716953,-8.71896159,0.0,0.0
2023-10-23,0,BTC-240927-15000-C,BTCUSDT,C,240927-15000,0.0,0.0,0.0,0.0,0.0,0.0,16035.0,20970.0,0.01,3.49,,1.56197548,17936.0,1.0306675,0.88455729,6.49e-06,56.60307761,-8.57190404,0.0,0.0
2023-10-23,1,BTC-240927-15000-C,BTCUSDT,C,240927-15000,0.0,0.0,0.0,0.0,0.0,0.0,16035.0,21150.0,0.01,2.55,,1.55918121,17990.0,1.00563831,0.88704538,6.51e-06,56.13635876,-8.29579298,0.0,0.0
2023-10-23,2,BTC-240927-15000-C,BTCUSDT,C,240927-15000,0.0,0.0,0.0,0.0,0.0,0.0,16035.0,21150.0,0.01,2.55,,1.55326843,17997.0,1.00106544,0.88750485,6.51e-06,56.03904073,-8.24476355,0.0,0.0
2023-10-23,3,BTC-240927-15000-C,BTCUSDT,C,240927-15000,0.0,0.0,0.0,0.0,0.0,0.0,16035.0,21150.0,0.01,2.55,,1.49720192,18025.0,0.94942398,0.89265892,6.56e-06,54.81157522,-7.64910664,0.0,0.0
2023-10-23,4,BTC-240927-15000-C,BTCUSDT,C,240927-15000,0.0,0.0,0.0,0.0,0.0,0.0,16035.0,21235.0,0.01,3.85,,1.52388573,18028.0,0.9617979,0.89143167,6.54e-06,55.12860057,-7.79457122,0.0,0.0
2023-10-23,5,BTC-240927-15000-C,BTCUSDT,C,240927-15000,0.0,0.0,0.0,0.0,0.0,0.0,16035.0,21235.0,0.01,3.85,,1.50346756,18016.0,0.93854733,0.89374677,6.58e-06,54.50463601,-7.520977,0.0,0.0
2023-10-23,6,BTC-240927-15000-C,BTCUSDT,C,240927-15000,0.0,0.0,0.0,0.0,0.0,0.0,16035.0,21235.0,0.01,3.85,,1.52172089,18027.0,0.95940895,0.891678,6.55e-06,55.05841672,-7.7672152,0.0,0.0
2023-10-23,7,BTC-240927-15000-C,BTCUSDT,C,240927-15000,0.0,0.0,0.0,0.0,0.0,0.0,16035.0,21235.0,0.01,3.85,,1.54686928,18018.0,0.98307438,0.88932044,6.52e-06,55.62608168,-8.04184909,0.0,0.0
2023-10-23,8,BTC-240927-15000-C,BTCUSDT,C,240927-15000,0.0,0.0,0.0,0.0,0.0,0.0,16035.0,21235.0,0.01,3.85,,1.51920319,18027.0,0.95658607,0.89196747,6.55e-06,54.9762967,-7.73470642,0.0,0.0
2023-10-23,9,BTC-240927-15000-C,BTCUSDT,C,240927-15000,0.0,0.0,0.0,0.0,0.0,0.0,16035.0,21235.0,0.01,3.85,,1.55332565,18012.0,0.98843403,0.88879317,6.52e-06,55.73725146,-8.10383831,0.0,0.0
2023-10-23,10,BTC-240927-15000-C,BTCUSDT,C,240927-15000,0.0,0.0,0.0,0.0,0.0,0.0,16035.0,0.0,0.01,0.0,,-1e-08,16453.0,0.66438503,0.92372489,7.32e-06,42.28383184,-4.1328053,0.0,0.0
2023-10-23,11,BTC-240927-15000-C,BTCUSDT,C,240927-15000,0.0,0.0,0.0,0.0,0.0,0.0,16035.0,0.0,0.01,0.0,,-1e-08,16480.0,0.64994164,0.9269271,7.22e-06,41.04696463,-3.92517858,0.0,0.0
2023-10-23,12,BTC-240927-15000-C,BTCUSDT,C,240927-15000,0.0,0.0,0.0,0.0,0.0,0.0,16035.0,21240.0,0.01,2.2,,1.52470589,18026.0,0.96108265,0.89153607,6.55e-06,55.07277005,-7.78851972,0.0,0.0
2023-10-23,13,BTC-240927-15000-C,BTCUSDT,C,240927-15000,0.0,0.0,0.0,0.0,0.0,0.0,16035.0,21240.0,0.01,2.2,,1.53321266,18025.0,0.96943684,0.8907068,6.54e-06,55.2762307,-7.88621227,0.0,0.0
2023-10-23,14,BTC-240927-15000-C,BTCUSDT,C,240927-15000,0.0,0.0,0.0,0.0,0.0,0.0,16035.0,21240.0,0.01,2.2,,1.50891304,18018.0,0.94333,0.89331101,6.57e-06,54.59397487,-7.58005142,0.0,0.0
2023-10-23,15,BTC-240927-15000-C,BTCUSDT,C,240927-15000,0.0,0.0,0.0,0.0,0.0,0.0,16035.0,21240.0,0.01,2.2,,1.49002075,17979.0,0.91639824,0.89597955,6.61e-06,53.80885192,-7.25863623,0.0,0.0
2023-10-23,16,BTC-240927-15000-C,BTCUSDT,C,240927-15000,0.0,0.0,0.0,0.0,0.0,0.0,16035.0,21240.0,0.01,2.2,,1.44055367,17540.0,0.775,0.91204702,6.84e-06,48.04392452,-5.48164008,0.0,0.0
2023-10-23,17,BTC-240927-15000-C,BTCUSDT,C,240927-15000,0.0,0.0,0.0,0.0,0.0,0.0,16035.0,21240.0,0.01,2.2,,1.47618294,17896.0,0.88596649,0.89898209,6.68e-06,52.82046545,-6.89037951,0.0,0.0
2023-10-23,18,BTC-240927-15000-C,BTCUSDT,C,240927-15000,0.0,0.0,0.0,0.0,0.0,0.0,16035.0,0.0,0.01,0.0,,-1e-08,16368.0,0.4625,0.96873718,5.06e-06,21.16509047,-1.44148053,0.0,0.0
2023-10-23,19,BTC-240927-15000-C,BTCUSDT,C,240927-15000,0.0,0.0,0.0,0.0,0.0,0.0,16035.0,21385.0,0.01,2.89,,1.44185066,17682.0,0.775,0.91312784,6.75e-06,47.83238614,-5.4595137,0.0,0.0
2023-10-23,20,BTC-240927-15000-C,BTCUSDT,C,240927-15000,0.0,0.0,0.0,0.0,0.0,0.0,16035.0,21385.0,0.01,2.89,,1.4161396,17833.0,0.775,0.91424182,6.65e-06,47.61991363,-5.43592956,0.0,0.0
2023-10-23,21,BTC-240927-15000-C,BTCUSDT,C,240927-15000,0.0,0.0,0.0,0.0,0.0,0.0,16035.0,21385.0,0.01,2.89,,1.39976501,17929.0,0.77488251,0.91496278,6.59e-06,47.47566373,-5.41930667,0.0,0.0
2023-10-23,22,BTC-240927-15000-C,BTCUSDT,C,240927-15000,0.0,0.0,0.0,0.0,0.0,0.0,16035.0,0.0,0.01,0.0,,-1e-08,18513.0,0.4625,0.97810066,3.51e-06,16.82365234,-1.14636301,0.0,0.0
2023-10-23,23,BTC-240927-15000-C,BTCUSDT,C,240927-15000,0.0,0.0,0.0,0.0,0.0,0.0,16750.0,34045.0,4.29,3.37,,9.9999994,19256.0,0.775,0.92387664,5.79e-06,45.65199056,-5.21320601,0.0,0.0
