date,hour,symbol,underlying,type,strike,open,high,low,close,volume_contracts,volume_usdt,best_bid_price,best_ask_price,best_bid_qty,best_ask_qty,best_buy_iv,best_sell_iv,mark_price,mark_iv,delta,gamma,vega,theta,openinterest_contracts,openinterest_usdt
2023-08-21,12,BTC-231027-21000-C,BTCUSDT,C,231027-21000,0.0,0.0,0.0,0.0,0.0,0.0,0.0,0.0,0.0,0.0,,-1e-08,6210.0,0.775,0.79119979,3.332e-05,31.95272498,-18.53775987,0.0,0.0
2023-08-21,19,BTC-231027-21000-C,BTCUSDT,C,231027-21000,0.0,0.0,0.0,0.0,0.0,0.0,5330.0,5890.0,4.01,4.64,,0.64787865,5582.0,0.53510427,0.85667214,3.794e-05,25.19050446,-10.1349957,0.0,0.0
2023-08-21,15,BTC-231027-21000-C,BTCUSDT,C,231027-21000,0.0,0.0,0.0,0.0,0.0,0.0,0.0,0.0,0.0,0.0,,-1e-08,6156.0,0.775,0.78916374,3.362e-05,32.02559796,-18.61487558,0.0,0.0
2023-08-21,21,BTC-231027-21000-P,BTCUSDT,P,231027-21000,0.0,0.0,0.0,0.0,0.0,0.0,265.0,305.0,1.02,5.19,,0.46306074,284.0,0.45338273,-0.10751243,3.651e-05,20.66927912,-7.05477483,0.0,0.0
2023-08-21,18,BTC-231027-21000-C,BTCUSDT,C,231027-21000,0.0,0.0,0.0,0.0,0.0,0.0,5250.0,5800.0,2.23,4.13,,0.63415051,5496.0,0.52181482,0.85902645,3.855e-05,24.8584535,-9.74690589,0.0,0.0
2023-08-21,18,BTC-231027-21000-P,BTCUSDT,P,231027-21000,0.0,0.0,0.0,0.0,0.0,0.0,315.0,325.0,0.07,0.07,,0.46330273,319.0,0.46101362,-0.11698654,3.834e-05,21.84049805,-7.56575971,0.0,0.0
2023-08-21,11,BTC-231027-21000-P,BTCUSDT,P,231027-21000,0.0,0.0,0.0,0.0,0.0,0.0,0.0,0.0,0.0,0.0,,-1e-08,1200.0,0.775,-0.20794186,3.319e-05,31.91835663,-18.50627589,0.0,0.0
2023-08-21,17,BTC-231027-21000-P,BTCUSDT,P,231027-21000,0.0,0.0,0.0,0.0,0.0,0.0,290.0,325.0,6.33,3.2,,0.4640168,307.0,0.4558748,-0.11424889,3.809e-05,21.4960984,-7.35884446,0.0,0.0
2023-08-21,19,BTC-231027-21000-P,BTCUSDT,P,231027-21000,0.0,0.0,0.0,0.0,0.0,0.0,275.0,320.0,1.03,7.78,,0.46447098,297.0,0.45383155,-0.11151726,3.756e-05,21.15187048,-7.21758238,0.0,0.0
2023-08-21,20,BTC-231027-21000-P,BTCUSDT,P,231027-21000,0.0,0.0,0.0,0.0,0.0,0.0,280.0,310.0,4.68,3.57,,0.46056926,294.0,0.45344889,-0.1108842,3.744e-05,21.06800661,-7.18740759,0.0,0.0
2023-08-21,13,BTC-231027-21000-C,BTCUSDT,C,231027-21000,0.0,0.0,0.0,0.0,0.0,0.0,0.0,0.0,0.0,0.0,,-1e-08,6305.0,0.775,0.79524595,3.279e-05,31.72187518,-18.4153176,0.0,0.0
2023-08-21,15,BTC-231027-21000-P,BTCUSDT,P,231027-21000,0.0,0.0,0.0,0.0,0.0,0.0,0.0,0.0,0.0,0.0,,-1e-08,1216.0,0.775,-0.21083626,3.362e-05,32.02559796,-18.61487558,0.0,0.0
2023-08-21,20,BTC-231027-21000-C,BTCUSDT,C,231027-21000,0.0,0.0,0.0,0.0,0.0,0.0,5390.0,5960.0,3.37,3.57,,0.66896915,5651.0,0.55829287,0.84917989,3.763e-05,26.06875037,-10.94971397,0.0,0.0
2023-08-21,12,BTC-231027-21000-P,BTCUSDT,P,231027-21000,0.0,0.0,0.0,0.0,0.0,0.0,0.0,0.0,0.0,0.0,,-1e-08,1204.0,0.775,-0.20880021,3.332e-05,31.95272498,-18.53775987,0.0,0.0
2023-08-21,23,BTC-231027-21000-C,BTCUSDT,C,231027-21000,0.0,0.0,0.0,0.0,0.0,0.0,5350.0,5910.0,4.94,5.2,,0.64722538,5601.0,0.53329706,0.85866569,3.772e-05,24.94976807,-10.02937363,0.0,0.0
2023-08-21,17,BTC-231027-21000-C,BTCUSDT,C,231027-21000,0.0,0.0,0.0,0.0,0.0,0.0,5335.0,5900.0,2.53,5.38,,0.66371679,5594.0,0.55438876,0.84816246,3.811e-05,26.15323726,-10.8879036,0.0,0.0
2023-08-21,13,BTC-231027-21000-P,BTCUSDT,P,231027-21000,0.0,0.0,0.0,0.0,0.0,0.0,0.0,0.0,0.0,0.0,,-1e-08,1179.0,0.775,-0.20475405,3.279e-05,31.72187518,-18.4153176,0.0,0.0
2023-08-21,22,BTC-231027-21000-P,BTCUSDT,P,231027-21000,0.0,0.0,0.0,0.0,0.0,0.0,275.0,310.0,6.94,8.5,,0.46221197,292.0,0.45385867,-0.1099855,3.717e-05,20.95277353,-7.16353774,0.0,0.0
2023-08-21,21,BTC-231027-21000-C,BTCUSDT,C,231027-21000,0.0,0.0,0.0,0.0,0.0,0.0,5595.0,5795.0,1.5,1.5,,0.58449745,5691.0,0.54476738,0.8571476,3.707e-05,25.21419535,-10.3406791,0.0,0.0
2023-08-21,14,BTC-231027-21000-P,BTCUSDT,P,231027-21000,0.0,0.0,0.0,0.0,0.0,0.0,0.0,0.0,0.0,0.0,,-1e-08,1181.0,0.775,-0.20519785,3.286e-05,31.73476756,-18.434309,0.0,0.0
2023-08-21,23,BTC-231027-21000-P,BTCUSDT,P,231027-21000,0.0,0.0,0.0,0.0,0.0,0.0,260.0,300.0,1.02,4.27,,0.45729458,279.0,0.44758201,-0.10747876,3.71e-05,20.5963035,-6.94864314,0.0,0.0
2023-08-21,11,BTC-231027-21000-C,BTCUSDT,C,231027-21000,0.0,0.0,0.0,0.0,0.0,0.0,0.0,0.0,0.0,0.0,,-1e-08,6232.0,0.775,0.79205814,3.319e-05,31.91835663,-18.50627589,0.0,0.0
2023-08-21,14,BTC-231027-21000-C,BTCUSDT,C,231027-21000,0.0,0.0,0.0,0.0,0.0,0.0,0.0,0.0,0.0,0.0,,-1e-08,6292.0,0.775,0.79480215,3.286e-05,31.73476756,-18.434309,0.0,0.0
2023-08-21,16,BTC-231027-21000-P,BTCUSDT,P,231027-21000,0.0,0.0,0.0,0.0,0.0,0.0,280.0,330.0,1.04,3.98,,0.46423435,304.0,0.45258969,-0.11425459,3.841e-05,21.47431861,-7.2938488,0.0,0.0
2023-08-21,22,BTC-231027-21000-C,BTCUSDT,C,231027-21000,0.0,0.0,0.0,0.0,0.0,0.0,5440.0,6000.0,0.57,0.57,,0.67586899,5698.0,0.5683732,0.84693726,3.731e-05,26.33482969,-11.27533627,0.0,0.0
2023-08-21,16,BTC-231027-21000-C,BTCUSDT,C,231027-21000,0.0,0.0,0.0,0.0,0.0,0.0,5245.0,5795.0,2.89,2.16,,0.63756227,5493.0,0.52672029,0.85637434,3.868e-05,25.1708532,-9.94971608,0.0,0.0
2023-08-22,4,BTC-231027-21000-P,BTCUSDT,P,231027-21000,0.0,0.0,0.0,0.0,0.0,0.0,300.0,310.0,1.5,0.13,,0.45678794,304.0,0.45445174,-0.11433652,3.841e-05,21.40417492,-7.35513257,0.0,0.0
2023-08-22,12,BTC-231027-21000-C,BTCUSDT,C,231027-21000,0.0,0.0,0.0,0.0,0.0,0.0,5295.0,5855.0,5.97,5.89,,0.653584,5549.0,0.54178357,0.85341542,3.832e-05,25.38865962,-10.4535703,0.0,0.0
2023-08-22,10,BTC-231027-21000-C,BTCUSDT,C,231027-21000,0.0,0.0,0.0,0.0,0.0,0.0,5205.0,5755.0,3.81,2.83,,0.6177783,5444.0,0.4983604,0.86932692,3.85e-05,23.49261424,-8.88636544,0.0,0.0
2023-08-22,7,BTC-231027-21000-C,BTCUSDT,C,231027-21000,0.0,0.0,0.0,0.0,0.0,0.0,5320.0,5880.0,4.72,4.04,,0.64419746,5570.0,0.5291605,0.85986179,3.792e-05,24.72478777,-9.91165057,0.0,0.0
2023-08-22,3,BTC-231027-21000-P,BTCUSDT,P,231027-21000,0.0,0.0,0.0,0.0,0.0,0.0,270.0,320.0,2.16,2.62,,0.46346128,294.0,0.45159698,-0.1116026,3.792e-05,21.07742516,-7.192821,0.0,0.0
2023-08-22,1,BTC-231027-21000-P,BTCUSDT,P,231027-21000,0.0,0.0,0.0,0.0,0.0,0.0,270.0,315.0,1.03,2.54,,0.46057522,292.0,0.44987381,-0.11118597,3.795e-05,21.02993001,-7.14023621,0.0,0.0
2023-08-22,19,BTC-231027-21000-C,BTCUSDT,C,231027-21000,0.0,0.0,0.0,0.0,0.0,0.0,5130.0,5655.0,1.22,1.22,,0.66060543,5375.0,0.56235552,0.83645989,4.019e-05,26.95370235,-11.57065693,0.0,0.0
2023-08-22,15,BTC-231027-21000-C,BTCUSDT,C,231027-21000,0.0,0.0,0.0,0.0,0.0,0.0,5160.0,5765.0,2.85,2.25,,0.6527853,5431.0,0.53106546,0.85329937,3.931e-05,25.27573724,-10.22061073,0.0,0.0
2023-08-22,5,BTC-231027-21000-C,BTCUSDT,C,231027-21000,0.0,0.0,0.0,0.0,0.0,0.0,5225.0,5775.0,3.11,2.45,,0.62479496,5468.0,0.50841093,0.86504864,3.853e-05,24.05472619,-9.25322844,0.0,0.0
2023-08-22,7,BTC-231027-21000-P,BTCUSDT,P,231027-21000,0.0,0.0,0.0,0.0,0.0,0.0,260.0,295.0,2.14,4.02,,0.45500755,277.0,0.44646889,-0.10725621,3.726e-05,20.49798228,-6.93311347,0.0,0.0
2023-08-22,4,BTC-231027-21000-C,BTCUSDT,C,231027-21000,0.0,0.0,0.0,0.0,0.0,0.0,5425.0,5825.0,1.2,1.2,,0.65042496,5615.0,0.57567358,0.84048727,3.809e-05,26.88761127,-11.70395821,0.0,0.0
2023-08-22,21,BTC-231027-21000-P,BTCUSDT,P,231027-21000,0.0,0.0,0.0,0.0,0.0,0.0,310.0,340.0,15.13,0.13,,0.45377314,324.0,0.44703007,-0.12402598,4.215e-05,22.24641415,-7.60113192,0.0,0.0
2023-08-22,18,BTC-231027-21000-C,BTCUSDT,C,231027-21000,0.0,0.0,0.0,0.0,0.0,0.0,5140.0,5680.0,3.15,4.63,,0.63414335,5384.0,0.52511334,0.85421612,3.968e-05,25.11108703,-10.05937538,0.0,0.0
2023-08-22,18,BTC-231027-21000-P,BTCUSDT,P,231027-21000,0.0,0.0,0.0,0.0,0.0,0.0,310.0,330.0,15.13,2.51,,0.4620713,319.0,0.45749128,-0.11903792,3.961e-05,21.8350753,-7.62061393,0.0,0.0
2023-08-22,11,BTC-231027-21000-P,BTCUSDT,P,231027-21000,0.0,0.0,0.0,0.0,0.0,0.0,285.0,315.0,19.79,15.13,,0.46203196,299.0,0.45494735,-0.1127566,3.803e-05,21.17502738,-7.31659819,0.0,0.0
2023-08-22,17,BTC-231027-21000-P,BTCUSDT,P,231027-21000,0.0,0.0,0.0,0.0,0.0,0.0,320.0,340.0,2.63,15.0,,0.46237707,329.0,0.45786947,-0.12219812,4.041e-05,22.18567788,-7.74445447,0.0,0.0
2023-08-22,19,BTC-231027-21000-P,BTCUSDT,P,231027-21000,0.0,0.0,0.0,0.0,0.0,0.0,305.0,335.0,17.63,15.13,,0.45756757,319.0,0.45074463,-0.12109251,4.09e-05,21.98624162,-7.56502181,0.0,0.0
2023-08-22,9,BTC-231027-21000-C,BTCUSDT,C,231027-21000,0.0,0.0,0.0,0.0,0.0,0.0,5275.0,5830.0,4.87,6.0,,0.64363003,5525.0,0.53085327,0.8571875,3.839e-05,24.97277623,-10.05578581,0.0,0.0
2023-08-22,20,BTC-231027-21000-P,BTCUSDT,P,231027-21000,0.0,0.0,0.0,0.0,0.0,0.0,310.0,330.0,15.13,2.51,,0.46031237,319.0,0.4557392,-0.11964832,3.999e-05,21.86847558,-7.61272041,0.0,0.0
2023-08-22,13,BTC-231027-21000-C,BTCUSDT,C,231027-21000,0.0,0.0,0.0,0.0,0.0,0.0,5250.0,5805.0,4.89,4.4,,0.64930439,5502.0,0.53857088,0.85285916,3.873e-05,25.40110915,-10.40326641,0.0,0.0
2023-08-22,6,BTC-231027-21000-C,BTCUSDT,C,231027-21000,0.0,0.0,0.0,0.0,0.0,0.0,5320.0,5885.0,4.72,2.71,,0.65607071,5576.0,0.54363728,0.85330766,3.81e-05,25.47223079,-10.48402654,0.0,0.0
2023-08-22,15,BTC-231027-21000-P,BTCUSDT,P,231027-21000,0.0,0.0,0.0,0.0,0.0,0.0,310.0,330.0,15.13,15.13,,0.46357572,319.0,0.45899093,-0.11846284,3.925e-05,21.81116644,-7.62268465,0.0,0.0
2023-08-22,2,BTC-231027-21000-C,BTCUSDT,C,231027-21000,0.0,0.0,0.0,0.0,0.0,0.0,5245.0,5800.0,3.76,3.2,,0.62686682,5490.0,0.50946116,0.86528038,3.833e-05,24.06857197,-9.26016405,0.0,0.0
2023-08-22,2,BTC-231027-21000-P,BTCUSDT,P,231027-21000,0.0,0.0,0.0,0.0,0.0,0.0,290.0,320.0,1.08,5.51,,0.46382785,304.0,0.45680195,-0.11353476,3.793e-05,21.35197877,-7.36585817,0.0,0.0
2023-08-22,20,BTC-231027-21000-C,BTCUSDT,C,231027-21000,0.0,0.0,0.0,0.0,0.0,0.0,5045.0,5580.0,5.42,5.9,,0.61025143,5281.0,0.4965806,0.86358078,4.02e-05,23.95560757,-9.08661074,0.0,0.0
2023-08-22,10,BTC-231027-21000-P,BTCUSDT,P,231027-21000,0.0,0.0,0.0,0.0,0.0,0.0,285.0,315.0,19.79,17.63,,0.46172321,299.0,0.45464218,-0.11280267,3.806e-05,21.18544178,-7.31065933,0.0,0.0
2023-08-22,0,BTC-231027-21000-C,BTCUSDT,C,231027-21000,0.0,0.0,0.0,0.0,0.0,0.0,5370.0,5935.0,4.34,4.98,,0.6633544,5628.0,0.5524981,0.85108139,3.776e-05,25.80935684,-10.7552117,0.0,0.0
2023-08-22,12,BTC-231027-21000-P,BTCUSDT,P,231027-21000,0.0,0.0,0.0,0.0,0.0,0.0,290.0,315.0,2.63,15.13,,0.46194315,302.0,0.45605808,-0.11333681,3.809e-05,21.24243734,-7.36247011,0.0,0.0
2023-08-22,8,BTC-231027-21000-C,BTCUSDT,C,231027-21000,0.0,0.0,0.0,0.0,0.0,0.0,5275.0,5830.0,2.55,2.95,,0.6397295,5523.0,0.52571535,0.85947332,3.831e-05,24.72135412,-9.85197201,0.0,0.0
2023-08-22,23,BTC-231027-21000-C,BTCUSDT,C,231027-21000,0.0,0.0,0.0,0.0,0.0,0.0,5110.0,5650.0,5.28,4.39,,0.58001041,5320.0,0.44116735,0.89409158,3.763e-05,20.16838764,-6.80941274,0.0,0.0
2023-08-22,1,BTC-231027-21000-C,BTCUSDT,C,231027-21000,0.0,0.0,0.0,0.0,0.0,0.0,5245.0,5795.0,3.76,4.56,,0.62926769,5489.0,0.51451921,0.86274644,3.846e-05,24.37123587,-9.46374864,0.0,0.0
2023-08-22,17,BTC-231027-21000-C,BTCUSDT,C,231027-21000,0.0,0.0,0.0,0.0,0.0,0.0,5000.0,5530.0,4.64,3.9,,0.60246468,5233.0,0.48895836,0.86494606,4.056e-05,23.7807224,-8.86489017,0.0,0.0
2023-08-22,13,BTC-231027-21000-P,BTCUSDT,P,231027-21000,0.0,0.0,0.0,0.0,0.0,0.0,300.0,330.0,4.8,17.32,,0.46653807,314.0,0.45959949,-0.11651594,3.863e-05,21.62018643,-7.55636883,0.0,0.0
2023-08-22,22,BTC-231027-21000-P,BTCUSDT,P,231027-21000,0.0,0.0,0.0,0.0,0.0,0.0,305.0,335.0,15.13,23.97,,0.45952022,319.0,0.45267999,-0.12063447,4.061e-05,21.92996857,-7.59254779,0.0,0.0
2023-08-22,3,BTC-231027-21000-C,BTCUSDT,C,231027-21000,0.0,0.0,0.0,0.0,0.0,0.0,5245.0,5795.0,3.76,2.58,,0.6280899,5489.0,0.51265717,0.86377165,3.841e-05,24.23642657,-9.38915031,0.0,0.0
2023-08-22,21,BTC-231027-21000-C,BTCUSDT,C,231027-21000,0.0,0.0,0.0,0.0,0.0,0.0,4865.0,5380.0,4.82,2.61,,0.59818029,5095.0,0.49136996,0.8574169,4.221e-05,24.48719876,-9.19664088,0.0,0.0
2023-08-22,5,BTC-231027-21000-P,BTCUSDT,P,231027-21000,0.0,0.0,0.0,0.0,0.0,0.0,280.0,305.0,2.26,4.36,,0.4561764,292.0,0.45022845,-0.11132599,3.801e-05,21.01746561,-7.15964139,0.0,0.0
2023-08-22,9,BTC-231027-21000-P,BTCUSDT,P,231027-21000,0.0,0.0,0.0,0.0,0.0,0.0,280.0,305.0,4.79,15.13,,0.45697689,292.0,0.45102,-0.11126259,3.797e-05,20.98577326,-7.17952099,0.0,0.0
2023-08-22,14,BTC-231027-21000-P,BTCUSDT,P,231027-21000,0.0,0.0,0.0,0.0,0.0,0.0,295.0,330.0,17.63,22.76,,0.46628237,312.0,0.45816302,-0.11612972,3.868e-05,21.55630976,-7.51525857,0.0,0.0
2023-08-22,23,BTC-231027-21000-P,BTCUSDT,P,231027-21000,0.0,0.0,0.0,0.0,0.0,0.0,285.0,310.0,15.13,0.13,,0.46162903,297.0,0.45568317,-0.11221071,3.797e-05,21.02395829,-7.33183339,0.0,0.0
2023-08-22,11,BTC-231027-21000-C,BTCUSDT,C,231027-21000,0.0,0.0,0.0,0.0,0.0,0.0,5250.0,5805.0,5.72,3.11,,0.63476086,5497.0,0.51929712,0.86158023,3.844e-05,24.43513884,-9.63728739,0.0,0.0
2023-08-22,14,BTC-231027-21000-C,BTCUSDT,C,231027-21000,0.0,0.0,0.0,0.0,0.0,0.0,5270.0,5820.0,2.67,3.71,,0.65675259,5522.0,0.54897547,0.84903351,3.867e-05,25.82480987,-10.78796544,0.0,0.0
2023-08-22,16,BTC-231027-21000-P,BTCUSDT,P,231027-21000,0.0,0.0,0.0,0.0,0.0,0.0,295.0,325.0,17.63,5.44,,0.46568692,309.0,0.45869231,-0.11524319,3.841e-05,21.44682163,-7.49523083,0.0,0.0
2023-08-22,8,BTC-231027-21000-P,BTCUSDT,P,231027-21000,0.0,0.0,0.0,0.0,0.0,0.0,270.0,290.0,17.28,15.13,,0.4504168,279.0,0.44556767,-0.10846712,3.771e-05,20.622721,-6.96562179,0.0,0.0
2023-08-22,0,BTC-231027-21000-P,BTCUSDT,P,231027-21000,0.0,0.0,0.0,0.0,0.0,0.0,270.0,300.0,4.57,5.11,,0.45606673,284.0,0.44884384,-0.10893142,3.74e-05,20.76910959,-7.03111392,0.0,0.0
2023-08-22,22,BTC-231027-21000-C,BTCUSDT,C,231027-21000,0.0,0.0,0.0,0.0,0.0,0.0,4865.0,5450.0,4.82,2.04,,0.5819273,5094.0,0.43729544,0.88617249,4.034e-05,21.04598672,-7.0388622,0.0,0.0
2023-08-22,16,BTC-231027-21000-C,BTCUSDT,C,231027-21000,0.0,0.0,0.0,0.0,0.0,0.0,5205.0,5755.0,3.26,2.86,,0.62726021,5448.0,0.51120043,0.86369275,3.875e-05,24.11257223,-9.39150863,0.0,0.0
2023-08-22,6,BTC-231027-21000-P,BTCUSDT,P,231027-21000,0.0,0.0,0.0,0.0,0.0,0.0,275.0,305.0,2.63,3.38,,0.45765817,289.0,0.45048356,-0.11042343,3.775e-05,20.90881028,-7.13115986,0.0,0.0
2023-08-23,4,BTC-231027-21000-P,BTCUSDT,P,231027-21000,0.0,0.0,0.0,0.0,0.0,0.0,270.0,295.0,15.13,20.1,,0.45514405,282.0,0.44906855,-0.1091377,3.784e-05,20.57500316,-7.09373138,0.0,0.0
2023-08-23,12,BTC-231027-21000-C,BTCUSDT,C,231027-21000,0.0,0.0,0.0,0.0,0.0,0.0,5245.0,5615.0,1.2,1.2,,0.63263416,5421.0,0.56249619,0.8399669,3.973e-05,26.49707208,-11.50186442,0.0,0.0
2023-08-23,10,BTC-231027-21000-C,BTCUSDT,C,231027-21000,0.0,0.0,0.0,0.0,0.0,0.0,5360.0,5485.0,1.5,1.5,,0.54673195,5421.0,0.52117586,0.85906286,3.919e-05,24.47727934,-9.83195751,0.0,0.0
2023-08-23,7,BTC-231027-21000-C,BTCUSDT,C,231027-21000,0.0,0.0,0.0,0.0,0.0,0.0,5235.0,5790.0,2.64,2.99,,0.6317091,5479.0,0.513134,0.86533129,3.842e-05,23.83366415,-9.40758562,0.0,0.0
2023-08-23,3,BTC-231027-21000-P,BTCUSDT,P,231027-21000,0.0,0.0,0.0,0.0,0.0,0.0,275.0,300.0,2.63,15.13,,0.45495093,287.0,0.44893473,-0.11086703,3.833e-05,20.77886947,-7.15730531,0.0,0.0
2023-08-23,1,BTC-231027-21000-P,BTCUSDT,P,231027-21000,0.0,0.0,0.0,0.0,0.0,0.0,270.0,295.0,15.13,0.13,,0.45472562,282.0,0.44865578,-0.10913258,3.783e-05,20.59431164,-7.08027234,0.0,0.0
2023-08-23,19,BTC-231027-21000-C,BTCUSDT,C,231027-21000,0.0,0.0,0.0,0.0,0.0,0.0,5805.0,6410.0,2.87,3.41,,0.68318367,6067.0,0.55023432,0.8736442,3.366e-05,23.22521008,-9.90643824,0.0,0.0
2023-08-23,15,BTC-231027-21000-C,BTCUSDT,C,231027-21000,0.0,0.0,0.0,0.0,0.0,0.0,5525.0,6095.0,1.5,4.08,,0.71384907,5791.0,0.60749531,0.83761363,3.675e-05,27.03486558,-12.69862195,0.0,0.0
2023-08-23,5,BTC-231027-21000-C,BTCUSDT,C,231027-21000,0.0,0.0,0.0,0.0,0.0,0.0,5205.0,5755.0,4.82,2.64,,0.62201023,5445.0,0.50209284,0.86898999,3.851e-05,23.391152,-9.02268462,0.0,0.0
2023-08-23,7,BTC-231027-21000-P,BTCUSDT,P,231027-21000,0.0,0.0,0.0,0.0,0.0,0.0,265.0,280.0,15.0,0.13,,0.44861734,272.0,0.44491589,-0.10694141,3.766e-05,20.26072088,-6.93408851,0.0,0.0
2023-08-23,4,BTC-231027-21000-C,BTCUSDT,C,231027-21000,0.0,0.0,0.0,0.0,0.0,0.0,5200.0,5755.0,4.49,2.1,,0.62018633,5440.0,0.49795747,0.87073943,3.845e-05,23.18682549,-8.86453041,0.0,0.0
2023-08-23,21,BTC-231027-21000-P,BTCUSDT,P,231027-21000,280.0,310.0,260.0,275.0,9.64,9.64,300.0,305.0,1.5,15.0,,0.47673523,302.0,0.47552735,-0.10933441,3.561e-05,20.70014097,-7.6404771,9.64,253421.79098351
2023-08-23,18,BTC-231027-21000-C,BTCUSDT,C,231027-21000,0.0,0.0,0.0,0.0,0.0,0.0,5855.0,6295.0,1.5,1.5,,0.69326401,6062.0,0.60836077,0.84895595,3.46e-05,26.06712123,-12.28525064,0.0,0.0
2023-08-23,18,BTC-231027-21000-P,BTCUSDT,P,231027-21000,280.0,310.0,260.0,260.0,8.14,8.14,240.0,270.0,15.13,20.12,,0.466519,254.0,0.45869887,-0.09757919,3.377e-05,19.18312191,-6.81673963,8.14,215432.44706827
2023-08-23,11,BTC-231027-21000-P,BTCUSDT,P,231027-21000,280.0,280.0,280.0,280.0,0.14,0.14,295.0,300.0,1.5,17.54,,0.45252323,297.0,0.4513377,-0.1139877,3.909e-05,21.08665785,-7.33974436,0.14,3631.64370769
2023-08-23,17,BTC-231027-21000-P,BTCUSDT,P,231027-21000,280.0,310.0,260.0,260.0,8.14,8.14,235.0,265.0,15.0,1.05,,0.46781898,249.0,0.4599008,-0.09551373,3.305e-05,18.94610144,-6.74580045,8.14,216120.45806353
2023-08-23,19,BTC-231027-21000-P,BTCUSDT,P,231027-21000,280.0,310.0,260.0,260.0,8.14,8.14,245.0,270.0,32.09,17.0,,0.47552049,257.0,0.46896458,-0.09596717,3.243e-05,19.06797117,-6.93193909,8.14,216926.65036707
2023-08-23,9,BTC-231027-21000-C,BTCUSDT,C,231027-21000,0.0,0.0,0.0,0.0,0.0,0.0,5430.0,5985.0,1.5,2.33,,0.70341587,5690.0,0.60056448,0.83551793,3.756e-05,27.20661514,-12.584845,0.0,0.0
2023-08-23,20,BTC-231027-21000-P,BTCUSDT,P,231027-21000,280.0,310.0,260.0,275.0,9.64,9.64,270.0,280.0,1.5,15.0,,0.47858894,274.0,0.47604233,-0.1001451,3.302e-05,19.63473331,-7.2503911,9.64,256371.42911063
2023-08-23,13,BTC-231027-21000-C,BTCUSDT,C,231027-21000,0.0,0.0,0.0,0.0,0.0,0.0,5425.0,5975.0,1.5,4.04,,0.70719957,5683.0,0.60599923,0.83327304,3.763e-05,27.3866716,-12.81567488,0.0,0.0
2023-08-23,6,BTC-231027-21000-C,BTCUSDT,C,231027-21000,0.0,0.0,0.0,0.0,0.0,0.0,5245.0,5795.0,4.52,3.01,,0.63156128,5488.0,0.51435709,0.86503651,3.836e-05,23.88246495,-9.44326431,0.0,0.0
2023-08-23,15,BTC-231027-21000-P,BTCUSDT,P,231027-21000,280.0,310.0,280.0,310.0,5.14,5.14,285.0,295.0,1.57,17.2,,0.46171427,289.0,0.45928746,-0.10934821,3.705e-05,20.60408074,-7.31690282,5.14,134360.75982589
2023-08-23,2,BTC-231027-21000-C,BTCUSDT,C,231027-21000,0.0,0.0,0.0,0.0,0.0,0.0,5440.0,5610.0,1.5,1.5,,0.56797981,5522.0,0.5337286,0.85707156,3.842e-05,24.84898258,-10.16941366,0.0,0.0
2023-08-23,2,BTC-231027-21000-P,BTCUSDT,P,231027-21000,0.0,0.0,0.0,0.0,0.0,0.0,290.0,300.0,1.5,15.13,,0.45692623,294.0,0.45453906,-0.11183942,3.803e-05,20.94765813,-7.3008515,0.0,0.0
2023-08-23,20,BTC-231027-21000-C,BTCUSDT,C,231027-21000,0.0,0.0,0.0,0.0,0.0,0.0,5985.0,6585.0,1.5,2.76,,0.75643539,6264.0,0.64350843,0.84342842,3.335e-05,26.80914478,-13.38221669,0.0,0.0
2023-08-23,10,BTC-231027-21000-P,BTCUSDT,P,231027-21000,280.0,280.0,280.0,280.0,0.14,0.14,280.0,285.0,1.57,0.07,,0.44671535,282.0,0.44550419,-0.11042109,3.866e-05,20.6417428,-7.08746145,0.14,3635.45452308
2023-08-23,0,BTC-231027-21000-C,BTCUSDT,C,231027-21000,0.0,0.0,0.0,0.0,0.0,0.0,5250.0,5810.0,4.88,3.11,,0.64097404,5500.0,0.52483559,0.8600984,3.848e-05,24.50546205,-9.84914073,0.0,0.0
2023-08-23,12,BTC-231027-21000-P,BTCUSDT,P,231027-21000,280.0,300.0,280.0,300.0,2.14,2.14,295.0,300.0,1.57,13.07,,0.44750273,297.0,0.44632316,-0.11549424,4.006e-05,21.19975744,-7.30181939,2.14,55306.79588572
2023-08-23,8,BTC-231027-21000-C,BTCUSDT,C,231027-21000,0.0,0.0,0.0,0.0,0.0,0.0,5430.0,5630.0,1.5,1.5,,0.5791235,5526.0,0.53906202,0.85525544,3.845e-05,25.00611372,-10.37576178,0.0,0.0
2023-08-23,23,BTC-231027-21000-C,BTCUSDT,C,231027-21000,0.0,0.0,0.0,0.0,0.0,0.0,5815.0,6400.0,1.5,2.68,,0.73895931,6087.0,0.62859774,0.84231516,3.455e-05,26.74570437,-13.06654368,0.0,0.0
2023-08-23,1,BTC-231027-21000-C,BTCUSDT,C,231027-21000,0.0,0.0,0.0,0.0,0.0,0.0,5175.0,5725.0,5.94,4.14,,0.60866833,5409.0,0.48356771,0.87626113,3.837e-05,22.51411164,-8.34260198,0.0,0.0
2023-08-23,17,BTC-231027-21000-C,BTCUSDT,C,231027-21000,0.0,0.0,0.0,0.0,0.0,0.0,5935.0,6535.0,1.5,3.37,,0.75318813,6215.0,0.64069271,0.8422864,3.369e-05,26.91085362,-13.34832361,0.0,0.0
2023-08-23,13,BTC-231027-21000-P,BTCUSDT,P,231027-21000,280.0,310.0,280.0,310.0,5.14,5.14,290.0,300.0,1.5,19.72,,0.45709729,294.0,0.45470566,-0.11224702,3.829e-05,20.90670276,-7.34084501,5.14,133719.44293629
2023-08-23,22,BTC-231027-21000-P,BTCUSDT,P,231027-21000,280.0,310.0,260.0,275.0,9.64,9.64,280.0,285.0,1.5,15.07,,0.4741627,282.0,0.47291219,-0.10349615,3.425e-05,19.99151684,-7.34309154,9.64,255007.88740234
2023-08-23,3,BTC-231027-21000-C,BTCUSDT,C,231027-21000,0.0,0.0,0.0,0.0,0.0,0.0,5265.0,5820.0,5.92,4.35,,0.65597534,5517.0,0.54552078,0.85147547,3.864e-05,25.45203964,-10.65315661,0.0,0.0
2023-08-23,21,BTC-231027-21000-C,BTCUSDT,C,231027-21000,0.0,0.0,0.0,0.0,0.0,0.0,5680.0,5965.0,1.5,1.5,,0.61845303,5815.0,0.56059122,0.85913667,3.606e-05,24.71259058,-10.75316339,0.0,0.0
2023-08-23,5,BTC-231027-21000-P,BTCUSDT,P,231027-21000,0.0,0.0,0.0,0.0,0.0,0.0,270.0,290.0,15.13,15.13,,0.45260131,279.0,0.44772387,-0.10869813,3.786e-05,20.50453292,-7.05277883,0.0,0.0
2023-08-23,9,BTC-231027-21000-P,BTCUSDT,P,231027-21000,280.0,280.0,280.0,280.0,0.14,0.14,275.0,285.0,1.5,17.2,,0.45054853,279.0,0.44810772,-0.10876988,3.79e-05,20.48477218,-7.07012804,0.14,3646.02843077
2023-08-23,14,BTC-231027-21000-P,BTCUSDT,P,231027-21000,280.0,310.0,280.0,310.0,5.14,5.14,290.0,295.0,1.5,15.07,,0.45627952,292.0,0.45507759,-0.11133426,3.801e-05,20.79940997,-7.31385214,5.14,133930.43033405
2023-08-23,23,BTC-231027-21000-P,BTCUSDT,P,231027-21000,280.0,310.0,260.0,275.0,9.64,9.64,280.0,285.0,1.5,15.07,,0.47328174,282.0,0.47203243,-0.103762,3.441e-05,20.00719778,-7.33993091,9.64,254836.16044234
2023-08-23,11,BTC-231027-21000-C,BTCUSDT,C,231027-21000,0.0,0.0,0.0,0.0,0.0,0.0,5355.0,5460.0,1.5,1.5,,0.54639339,5406.0,0.52515745,0.85657329,3.941e-05,24.73451372,-10.01761841,0.0,0.0
2023-08-23,14,BTC-231027-21000-C,BTCUSDT,C,231027-21000,0.0,0.0,0.0,0.0,0.0,0.0,5460.0,6010.0,1.5,5.42,,0.71197271,5719.0,0.61102509,0.83285556,3.736e-05,27.44994647,-12.96015697,0.0,0.0
2023-08-23,16,BTC-231027-21000-P,BTCUSDT,P,231027-21000,280.0,310.0,280.0,290.0,6.64,6.64,235.0,260.0,15.0,2.09,,0.45775712,247.0,0.45118868,-0.09678001,3.419e-05,19.03295995,-6.64406546,6.64,175267.6995388
2023-08-23,8,BTC-231027-21000-P,BTCUSDT,P,231027-21000,280.0,280.0,280.0,280.0,0.14,0.14,285.0,290.0,1.5,17.21,,0.45261264,287.0,0.45140535,-0.11040754,3.802e-05,20.70933839,-7.19561596,0.14,3644.673
2023-08-23,0,BTC-231027-21000-P,BTCUSDT,P,231027-21000,0.0,0.0,0.0,0.0,0.0,0.0,270.0,295.0,15.13,0.13,,0.45418322,282.0,0.44811785,-0.10924319,3.791e-05,20.60999196,-7.0726512,0.0,0.0
2023-08-23,22,BTC-231027-21000-C,BTCUSDT,C,231027-21000,0.0,0.0,0.0,0.0,0.0,0.0,5835.0,6425.0,1.5,5.97,,0.7416749,6110.0,0.6304276,0.84242622,3.439e-05,26.76214493,-13.10414892,0.0,0.0
2023-08-23,16,BTC-231027-21000-C,BTCUSDT,C,231027-21000,0.0,0.0,0.0,0.0,0.0,0.0,5785.0,6365.0,1.5,2.79,,0.73517323,6055.0,0.62632561,0.8413358,3.478e-05,26.8795278,-13.02540314,0.0,0.0
2023-08-23,6,BTC-231027-21000-P,BTCUSDT,P,231027-21000,0.0,0.0,0.0,0.0,0.0,0.0,260.0,280.0,15.13,17.26,,0.44878423,269.0,0.44382989,-0.10630821,3.757e-05,20.18506295,-6.8869182,0.0,0.0
2023-08-24,4,BTC-231027-21000-P,BTCUSDT,P,231027-21000,280.0,310.0,260.0,275.0,13.53,13.53,235.0,265.0,15.0,2.4,,0.46506107,249.0,0.45715421,-0.09659153,3.375e-05,18.97316158,-6.76308711,13.53,358020.8570671
2023-08-24,12,BTC-231027-21000-C,BTCUSDT,C,231027-21000,0.0,0.0,0.0,0.0,0.0,0.0,5770.0,6205.0,1.5,1.5,,0.6870842,5974.0,0.60228586,0.84927645,3.52e-05,25.80646715,-12.18252188,0.0,0.0
2023-08-24,10,BTC-231027-21000-C,BTCUSDT,C,231027-21000,0.0,0.0,0.0,0.0,0.0,0.0,5835.0,6280.0,1.5,1.5,,0.68825245,6043.0,0.60045481,0.8526872,3.464e-05,25.5134914,-11.99193408,0.0,0.0
2023-08-24,7,BTC-231027-21000-C,BTCUSDT,C,231027-21000,0.0,0.0,0.0,0.0,0.0,0.0,5600.0,6190.0,2.7,5.76,,0.65495014,5849.0,0.51838636,0.88021921,3.476e-05,22.14932711,-8.9702399,0.0,0.0
2023-08-24,3,BTC-231027-21000-P,BTCUSDT,P,231027-21000,280.0,310.0,260.0,275.0,13.53,13.53,250.0,280.0,15.0,15.0,,0.47183454,264.0,0.46412408,-0.09999345,3.41e-05,19.45665795,-7.03659889,13.53,357788.55839292
2023-08-24,1,BTC-231027-21000-P,BTCUSDT,P,231027-21000,280.0,310.0,260.0,275.0,13.53,13.53,275.0,280.0,1.57,15.07,,0.46667695,277.0,0.46542376,-0.10388122,3.507e-05,19.9466667,-7.22463113,13.53,356551.44363889
2023-08-24,19,BTC-231027-21000-C,BTCUSDT,C,231027-21000,0.0,0.0,0.0,0.0,0.0,0.0,5.0,5855.0,0.01,2.39,,0.67595005,5215.0,0.41297503,0.9078978,3.687e-05,17.92067646,-5.82739406,0.0,0.0
2023-08-24,15,BTC-231027-21000-C,BTCUSDT,C,231027-21000,0.0,0.0,0.0,0.0,0.0,0.0,5430.0,5830.0,1.5,1.5,,0.66945553,5620.0,0.59415579,0.83753894,3.809e-05,26.68287516,-12.45061402,0.0,0.0
2023-08-24,5,BTC-231027-21000-C,BTCUSDT,C,231027-21000,0.0,0.0,0.0,0.0,0.0,0.0,5540.0,6130.0,5.72,5.37,,0.6506443,5789.0,0.51440716,0.87950554,3.523e-05,22.20707211,-8.91298423,0.0,0.0
2023-08-24,7,BTC-231027-21000-P,BTCUSDT,P,231027-21000,280.0,310.0,260.0,270.0,19.13,19.13,240.0,270.0,30.0,14.6,,0.46911061,254.0,0.46125174,-0.09742628,3.367e-05,19.0891936,-6.87884538,19.13,506493.76522875
2023-08-24,4,BTC-231027-21000-C,BTCUSDT,C,231027-21000,0.0,0.0,0.0,0.0,0.0,0.0,5835.0,6275.0,1.5,1.5,,0.69078684,6042.0,0.6050694,0.85025895,3.471e-05,25.82552972,-12.18419877,0.0,0.0
2023-08-24,21,BTC-231027-21000-P,BTCUSDT,P,231027-21000,280.0,280.0,255.0,260.0,13.99,13.99,295.0,315.0,15.13,17.46,,0.47322094,304.0,0.46842754,-0.11309141,3.764e-05,20.86292273,-7.70520297,23.63,616647.03623299
2023-08-24,18,BTC-231027-21000-C,BTCUSDT,C,231027-21000,0.0,0.0,0.0,0.0,0.0,0.0,5.0,5855.0,0.01,2.39,,0.67233562,5223.0,0.41116781,0.90911126,3.664e-05,17.75937487,-5.74590058,0.0,0.0
2023-08-24,18,BTC-231027-21000-P,BTCUSDT,P,231027-21000,275.0,280.0,255.0,260.0,15.49,15.49,300.0,320.0,15.13,0.13,,0.47100425,309.0,0.46626538,-0.11523619,3.84e-05,21.10389763,-7.74296267,23.63,614868.52038782
2023-08-24,11,BTC-231027-21000-P,BTCUSDT,P,231027-21000,300.0,310.0,255.0,260.0,23.49,23.49,245.0,270.0,15.0,20.77,,0.46813309,257.0,0.46161473,-0.09836932,3.397e-05,19.17706653,-6.93400633,23.63,625374.64170432
2023-08-24,17,BTC-231027-21000-P,BTCUSDT,P,231027-21000,275.0,280.0,255.0,260.0,15.49,15.49,300.0,325.0,15.13,0.13,,0.47509015,312.0,0.46917439,-0.11518613,3.809e-05,21.13245508,-7.79670103,23.63,615190.83099112
2023-08-24,19,BTC-231027-21000-P,BTCUSDT,P,231027-21000,275.0,280.0,255.0,260.0,15.49,15.49,295.0,315.0,15.13,0.13,,0.46815455,304.0,0.46338826,-0.11442316,3.847e-05,20.98132625,-7.65551069,23.63,615042.52287918
2023-08-24,9,BTC-231027-21000-C,BTCUSDT,C,231027-21000,0.0,0.0,0.0,0.0,0.0,0.0,5820.0,6260.0,1.5,1.5,,0.69140434,6027.0,0.60566902,0.84980479,3.482e-05,25.81964238,-12.23323706,0.0,0.0
2023-08-24,20,BTC-231027-21000-P,BTCUSDT,P,231027-21000,280.0,280.0,255.0,260.0,13.99,13.99,295.0,320.0,15.13,0.13,,0.471856,307.0,0.46590656,-0.11457902,3.828e-05,21.01240861,-7.71357891,23.63,614831.46283527
2023-08-24,13,BTC-231027-21000-C,BTCUSDT,C,231027-21000,0.0,0.0,0.0,0.0,0.0,0.0,5735.0,5875.0,1.5,1.5,,0.57518482,5803.0,0.54565907,0.86649504,3.585e-05,23.73147623,-10.15630807,0.0,0.0
2023-08-24,6,BTC-231027-21000-C,BTCUSDT,C,231027-21000,0.0,0.0,0.0,0.0,0.0,0.0,5830.0,6420.0,1.5,3.69,,0.74392796,6105.0,0.63254595,0.84203951,3.443e-05,26.72838948,-13.19994645,0.0,0.0
2023-08-24,15,BTC-231027-21000-P,BTCUSDT,P,231027-21000,290.0,290.0,255.0,260.0,18.49,18.49,290.0,315.0,23.13,0.13,,0.46694994,302.0,0.46098441,-0.11407906,3.856e-05,20.95512556,-7.58637519,23.63,614419.61270888
2023-08-24,2,BTC-231027-21000-C,BTCUSDT,C,231027-21000,0.0,0.0,0.0,0.0,0.0,0.0,5505.0,6085.0,2.98,3.49,,0.64632416,5751.0,0.51351309,0.87817422,3.559e-05,22.36578983,-8.94363951,0.0,0.0
2023-08-24,2,BTC-231027-21000-P,BTCUSDT,P,231027-21000,280.0,310.0,260.0,275.0,13.53,13.53,250.0,280.0,32.11,18.25,,0.46818912,264.0,0.46051115,-0.10087396,3.467e-05,19.5380832,-7.00649202,13.53,356878.9444518
2023-08-24,20,BTC-231027-21000-C,BTCUSDT,C,231027-21000,0.0,0.0,0.0,0.0,0.0,0.0,5.0,5755.0,0.01,3.55,,0.63451529,5199.0,0.39225764,0.9184501,3.543e-05,16.37128057,-5.05982305,0.0,0.0
2023-08-24,10,BTC-231027-21000-P,BTCUSDT,P,231027-21000,300.0,310.0,255.0,255.0,21.99,21.99,240.0,270.0,2.1,20.71,,0.46953261,254.0,0.46166658,-0.0974353,3.368e-05,19.07132483,-6.89204837,22.13,585839.77611425
2023-08-24,0,BTC-231027-21000-C,BTCUSDT,C,231027-21000,0.0,0.0,0.0,0.0,0.0,0.0,5885.0,6330.0,1.5,1.5,,0.69261551,6094.0,0.60558796,0.85183663,3.432e-05,25.73215058,-12.11904945,0.0,0.0
2023-08-24,12,BTC-231027-21000-P,BTCUSDT,P,231027-21000,310.0,310.0,255.0,260.0,21.49,21.49,275.0,280.0,1.5,30.0,,0.47049701,277.0,0.46923637,-0.10332629,3.472e-05,19.82916392,-7.29293007,23.63,623699.31884847
2023-08-24,8,BTC-231027-21000-C,BTCUSDT,C,231027-21000,0.0,0.0,0.0,0.0,0.0,0.0,5830.0,6420.0,1.5,3.14,,0.73515892,6103.0,0.6216526,0.84641599,3.437e-05,26.25374386,-12.75885753,0.0,0.0
2023-08-24,23,BTC-231027-21000-C,BTCUSDT,C,231027-21000,0.0,0.0,0.0,0.0,0.0,0.0,5.0,5755.0,0.01,3.55,,0.58843613,5302.0,0.36921806,0.93452745,3.167e-05,13.90519133,-4.0531949,0.0,0.0
2023-08-24,1,BTC-231027-21000-C,BTCUSDT,C,231027-21000,0.0,0.0,0.0,0.0,0.0,0.0,5745.0,6175.0,1.5,1.5,,0.68599939,5948.0,0.60325027,0.84688038,3.544e-05,26.1310556,-12.2673645,0.0,0.0
2023-08-24,17,BTC-231027-21000-C,BTCUSDT,C,231027-21000,0.0,0.0,0.0,0.0,0.0,0.0,5.0,0.0,0.01,0.0,,-1e-08,5353.0,0.4625,0.88760768,3.797e-05,20.76585608,-7.55245611,0.0,0.0
2023-08-24,13,BTC-231027-21000-P,BTCUSDT,P,231027-21000,290.0,290.0,255.0,260.0,18.49,18.49,270.0,295.0,15.13,20.46,,0.47621667,282.0,0.46996683,-0.10481838,3.508e-05,20.00250352,-7.37295015,23.63,622831.56033071
2023-08-24,22,BTC-231027-21000-P,BTCUSDT,P,231027-21000,280.0,280.0,255.0,260.0,13.99,13.99,295.0,310.0,15.0,0.13,,0.47235191,302.0,0.46873927,-0.11222401,3.739e-05,20.76146957,-7.67788113,23.63,617222.9071231
2023-08-24,3,BTC-231027-21000-C,BTCUSDT,C,231027-21000,0.0,0.0,0.0,0.0,0.0,0.0,5840.0,6275.0,1.5,1.5,,0.69450378,6045.0,0.61059475,0.84807352,3.474e-05,26.07093352,-12.40423812,0.0,0.0
2023-08-24,21,BTC-231027-21000-C,BTCUSDT,C,231027-21000,0.0,0.0,0.0,0.0,0.0,0.0,5.0,5755.0,0.01,3.55,,0.61490059,5243.0,0.38245029,0.9254132,3.388e-05,15.33267245,-4.62337768,0.0,0.0
2023-08-24,5,BTC-231027-21000-P,BTCUSDT,P,231027-21000,280.0,310.0,260.0,265.0,15.03,15.03,235.0,265.0,32.1,1.6,,0.46320319,249.0,0.45531183,-0.09708661,3.408e-05,19.01023113,-6.7533797,15.03,397033.26686469
2023-08-24,9,BTC-231027-21000-P,BTCUSDT,P,231027-21000,300.0,310.0,255.0,255.0,21.99,21.99,235.0,270.0,21.46,20.71,,0.46753824,252.0,0.45834392,-0.09733136,3.393e-05,19.0369059,-6.82564424,22.13,585114.78029119
2023-08-24,14,BTC-231027-21000-P,BTCUSDT,P,231027-21000,290.0,290.0,255.0,260.0,18.49,18.49,305.0,310.0,1.5,0.07,,0.47122657,307.0,0.47003269,-0.11319258,3.741e-05,20.94578878,-7.72677857,23.63,617419.25164949
2023-08-24,23,BTC-231027-21000-P,BTCUSDT,P,231027-21000,280.0,280.0,255.0,260.0,13.99,13.99,285.0,305.0,15.13,0.13,,0.47332346,294.0,0.46844125,-0.10983308,3.677e-05,20.48348238,-7.57524181,23.63,618595.47514847
2023-08-24,11,BTC-231027-21000-C,BTCUSDT,C,231027-21000,0.0,0.0,0.0,0.0,0.0,0.0,5790.0,6225.0,1.5,1.5,,0.6777668,5993.0,0.59104681,0.85460932,3.493e-05,25.25251404,-11.69092572,0.0,0.0
2023-08-24,14,BTC-231027-21000-C,BTCUSDT,C,231027-21000,0.0,0.0,0.0,0.0,0.0,0.0,5525.0,5935.0,2.23,0.73,,0.6702137,5719.0,0.59165478,0.8429458,3.723e-05,26.23231816,-12.18088179,0.0,0.0
2023-08-24,16,BTC-231027-21000-P,BTCUSDT,P,231027-21000,260.0,280.0,255.0,260.0,16.99,16.99,290.0,315.0,15.13,15.13,,0.47348082,302.0,0.46747267,-0.11229829,3.744e-05,20.80758236,-7.64398771,23.63,616946.50883071
2023-08-24,8,BTC-231027-21000-P,BTCUSDT,P,231027-21000,300.0,310.0,260.0,270.0,18.99,18.99,255.0,260.0,1.5,15.0,,0.46430647,257.0,0.46300173,-0.09795233,3.368e-05,19.16129853,-6.93554089,19.13,506324.16398239
2023-08-24,0,BTC-231027-21000-P,BTCUSDT,P,231027-21000,280.0,310.0,260.0,275.0,13.53,13.53,250.0,280.0,15.13,17.59,,0.47502577,264.0,0.46729207,-0.09908421,3.352e-05,19.39773114,-7.04943952,13.53,358450.94739889
2023-08-24,22,BTC-231027-21000-C,BTCUSDT,C,231027-21000,0.0,0.0,0.0,0.0,0.0,0.0,5.0,5755.0,0.01,3.55,,0.60733318,5260.0,0.37866659,0.92809482,3.326e-05,14.91842766,-4.45689083,0.0,0.0
2023-08-24,16,BTC-231027-21000-C,BTCUSDT,C,231027-21000,0.0,0.0,0.0,0.0,0.0,0.0,1310.0,5775.0,5.96,4.38,,0.61540365,5262.0,0.38270183,0.92564172,3.37e-05,15.33308661,-4.61139425,0.0,0.0
2023-08-24,6,BTC-231027-21000-P,BTCUSDT,P,231027-21000,280.0,310.0,260.0,265.0,16.63,16.63,265.0,270.0,1.5,15.0,,0.46744049,267.0,0.46615928,-0.10050157,3.411e-05,19.51278759,-7.10167764,16.63,439963.28586939
2023-08-25,4,BTC-231027-21000-P,BTCUSDT,P,231027-21000,265.0,270.0,255.0,260.0,10.1,10.1,285.0,305.0,18.0,0.13,,0.46582103,294.0,0.46097368,-0.11210348,3.82e-05,20.63076998,-7.53286354,23.63,615020.92090432
2023-08-25,12,BTC-231027-21000-C,BTCUSDT,C,231027-21000,0.0,0.0,0.0,0.0,0.0,0.0,5485.0,6040.0,1.5,4.97,,0.71578979,5744.0,0.61038971,0.83804991,3.71e-05,26.55620539,-12.90747034,0.0,0.0
2023-08-25,10,BTC-231027-21000-C,BTCUSDT,C,231027-21000,0.0,0.0,0.0,0.0,0.0,0.0,5465.0,6020.0,1.5,3.17,,0.71369171,5724.0,0.60837746,0.83782593,3.726e-05,26.578608,-12.85870613,0.0,0.0
2023-08-25,7,BTC-231027-21000-C,BTCUSDT,C,231027-21000,0.0,0.0,0.0,0.0,0.0,0.0,5230.0,5780.0,5.11,5.01,,0.66057682,5480.0,0.54852486,0.85261993,3.892e-05,24.87122622,-10.82736769,0.0,0.0
2023-08-25,3,BTC-231027-21000-P,BTCUSDT,P,231027-21000,265.0,270.0,255.0,260.0,10.1,10.1,285.0,305.0,15.13,0.13,,0.46993673,294.0,0.46506882,-0.11092427,3.745e-05,20.54371541,-7.5627227,23.63,616830.64636193
2023-08-25,1,BTC-231027-21000-P,BTCUSDT,P,231027-21000,265.0,270.0,255.0,260.0,10.1,10.1,285.0,305.0,15.13,15.13,,0.47190011,294.0,0.46702385,-0.11030348,3.706e-05,20.50766192,-7.57119799,23.63,617729.75290627
2023-08-25,19,BTC-231027-21000-C,BTCUSDT,C,231027-21000,0.0,0.0,0.0,0.0,0.0,0.0,5345.0,5880.0,1.5,4.75,,0.6998682,5595.0,0.59789658,0.83714766,3.83e-05,26.45390181,-12.65335551,0.0,0.0
2023-08-25,15,BTC-231027-21000-C,BTCUSDT,C,231027-21000,0.0,0.0,0.0,0.0,0.0,0.0,5330.0,5870.0,1.5,2.31,,0.70602894,5583.0,0.60463667,0.83342832,3.844e-05,26.84014187,-12.948296,0.0,0.0
2023-08-25,5,BTC-231027-21000-C,BTCUSDT,C,231027-21000,0.0,0.0,0.0,0.0,0.0,0.0,5.0,5745.0,0.01,5.32,,0.62399387,5215.0,0.38699694,0.9225008,3.462e-05,15.72297602,-4.82278133,0.0,0.0
2023-08-25,7,BTC-231027-21000-P,BTCUSDT,P,231027-21000,255.0,260.0,255.0,260.0,4.5,4.5,295.0,315.0,15.0,15.13,,0.46843052,304.0,0.46365321,-0.11486853,3.875e-05,20.93332951,-7.70301871,23.63,613822.96559568
2023-08-25,4,BTC-231027-21000-C,BTCUSDT,C,231027-21000,0.0,0.0,0.0,0.0,0.0,0.0,5.0,5745.0,0.01,5.32,,0.63347578,5194.0,0.39173789,0.91907748,3.537e-05,16.23147598,-5.03642217,0.0,0.0
2023-08-25,21,BTC-231027-21000-P,BTCUSDT,P,231027-21000,295.0,300.0,280.0,300.0,9.0,9.0,260.0,280.0,15.14,15.14,,0.45915723,269.0,0.45409381,-0.10603149,3.739e-05,19.75082793,-7.18456111,32.63,850980.611
2023-08-25,18,BTC-231027-21000-C,BTCUSDT,C,231027-21000,0.0,0.0,0.0,0.0,0.0,0.0,1300.0,5690.0,3.17,4.95,,0.60863018,5194.0,0.37931509,0.92665642,3.402e-05,15.0068352,-4.55082051,0.0,0.0
2023-08-25,18,BTC-231027-21000-P,BTCUSDT,P,231027-21000,295.0,300.0,280.0,300.0,9.0,9.0,270.0,295.0,20.13,28.12,,0.4644686,282.0,0.45826852,-0.10913252,3.783e-05,20.16238172,-7.38690195,32.63,850034.42347135
2023-08-25,11,BTC-231027-21000-P,BTCUSDT,P,231027-21000,295.0,295.0,285.0,285.0,3.0,3.0,275.0,280.0,1.5,15.07,,0.45860171,277.0,0.4573527,-0.10739248,3.732e-05,20.01371172,-7.28381169,26.63,695016.74164935
2023-08-25,17,BTC-231027-21000-P,BTCUSDT,P,231027-21000,295.0,300.0,280.0,300.0,9.0,9.0,295.0,300.0,1.5,20.0,,0.45781791,297.0,0.45661449,-0.11477757,3.96e-05,20.77937857,-7.58042371,32.63,844697.22042873
2023-08-25,19,BTC-231027-21000-P,BTCUSDT,P,231027-21000,295.0,300.0,280.0,300.0,9.0,9.0,285.0,290.0,1.5,17.4,,0.45791686,287.0,0.45669079,-0.11138158,3.865e-05,20.39139089,-7.45004692,32.63,847593.81421441
2023-08-25,9,BTC-231027-21000-C,BTCUSDT,C,231027-21000,0.0,0.0,0.0,0.0,0.0,0.0,5455.0,26180.0,1.5,1.5,,9.9999994,6755.0,0.95114059,0.77215037,2.933e-05,32.70431544,-24.72031494,0.0,0.0
2023-08-25,20,BTC-231027-21000-P,BTCUSDT,P,231027-21000,295.0,300.0,280.0,300.0,9.0,9.0,255.0,280.0,3.13,18.31,,0.45791686,267.0,0.45157313,-0.10576978,3.755e-05,19.70693886,-7.12404735,32.63,850410.30314279
2023-08-25,13,BTC-231027-21000-C,BTCUSDT,C,231027-21000,0.0,0.0,0.0,0.0,0.0,0.0,5470.0,6025.0,1.5,3.0,,0.72093964,5730.0,0.61672449,0.83490962,3.725e-05,26.84315234,-13.19109674,0.0,0.0
2023-08-25,6,BTC-231027-21000-C,BTCUSDT,C,231027-21000,0.0,0.0,0.0,0.0,0.0,0.0,5375.0,5625.0,1.5,1.5,,0.59241772,5494.0,0.54117203,0.8565782,3.866e-05,24.46344611,-10.500143,0.0,0.0
2023-08-25,15,BTC-231027-21000-P,BTCUSDT,P,231027-21000,295.0,300.0,280.0,300.0,9.0,9.0,270.0,300.0,18.0,15.13,,0.46006382,284.0,0.45270681,-0.11140645,3.9e-05,20.39189119,-7.36559552,32.63,845890.92622863
2023-08-25,2,BTC-231027-21000-C,BTCUSDT,C,231027-21000,0.0,0.0,0.0,0.0,0.0,0.0,5.0,5860.0,0.01,4.2,,0.64340115,5298.0,0.39670057,0.92026756,3.437e-05,16.12573947,-5.06032083,0.0,0.0
2023-08-25,2,BTC-231027-21000-P,BTCUSDT,P,231027-21000,265.0,270.0,255.0,260.0,10.1,10.1,285.0,305.0,15.13,15.13,,0.47118604,294.0,0.46631217,-0.11054027,3.721e-05,20.5198273,-7.56913127,23.63,617539.93862867
2023-08-25,20,BTC-231027-21000-C,BTCUSDT,C,231027-21000,0.0,0.0,0.0,0.0,0.0,0.0,5430.0,5990.0,2.2,5.75,,0.713377,5691.0,0.60656548,0.83794059,3.752e-05,26.45046623,-12.8437118,0.0,0.0
2023-08-25,10,BTC-231027-21000-P,BTCUSDT,P,231027-21000,260.0,295.0,260.0,285.0,4.5,4.5,275.0,280.0,1.5,15.07,,0.45786679,277.0,0.45661896,-0.10755011,3.742e-05,20.03319699,-7.27438249,26.63,694749.25939452
2023-08-25,0,BTC-231027-21000-C,BTCUSDT,C,231027-21000,0.0,0.0,0.0,0.0,0.0,0.0,5.0,5860.0,0.01,4.2,,0.64061642,5303.0,0.39530821,0.92106218,3.42e-05,16.01929717,-5.00267953,0.0,0.0
2023-08-25,12,BTC-231027-21000-P,BTCUSDT,P,231027-21000,295.0,295.0,285.0,285.0,3.0,3.0,260.0,280.0,18.13,15.13,,0.45918107,269.0,0.45412511,-0.10565779,3.714e-05,19.77926369,-7.15242886,26.63,695228.26578799
2023-08-25,8,BTC-231027-21000-C,BTCUSDT,C,231027-21000,0.0,0.0,0.0,0.0,0.0,0.0,5485.0,5890.0,1.86,2.21,,0.66749096,5676.0,0.58910608,0.84363408,3.755e-05,25.97063759,-12.15046282,0.0,0.0
2023-08-25,23,BTC-231027-21000-C,BTCUSDT,C,231027-21000,0.0,0.0,0.0,0.0,0.0,0.0,5395.0,5640.0,1.5,1.5,,0.58774471,5511.0,0.53622007,0.86104897,3.835e-05,23.84786674,-10.25751536,0.0,0.0
2023-08-25,1,BTC-231027-21000-C,BTCUSDT,C,231027-21000,0.0,0.0,0.0,0.0,0.0,0.0,5.0,5860.0,0.01,4.2,,0.6383419,5309.0,0.39417095,0.92193117,3.402e-05,15.88519873,-4.94978874,0.0,0.0
2023-08-25,17,BTC-231027-21000-C,BTCUSDT,C,231027-21000,0.0,0.0,0.0,0.0,0.0,0.0,5275.0,5815.0,1.5,5.39,,0.70048094,5528.0,0.59878707,0.83350502,3.89e-05,26.76652074,-12.80488166,0.0,0.0
2023-08-25,13,BTC-231027-21000-P,BTCUSDT,P,231027-21000,295.0,295.0,285.0,285.0,3.0,3.0,255.0,290.0,33.14,20.64,,0.46231806,272.0,0.45351565,-0.10668913,3.752e-05,19.8842214,-7.18550112,26.63,694165.86632741
2023-08-25,22,BTC-231027-21000-P,BTCUSDT,P,231027-21000,295.0,300.0,280.0,280.0,15.28,15.28,280.0,285.0,1.5,15.0,,0.4602778,282.0,0.45903623,-0.10912575,3.782e-05,20.13609116,-7.40937369,38.91,1013500.32327704
2023-08-25,3,BTC-231027-21000-C,BTCUSDT,C,231027-21000,0.0,0.0,0.0,0.0,0.0,0.0,5.0,5860.0,0.01,4.2,,0.65133572,5280.0,0.40066786,0.91758977,3.494e-05,16.51097263,-5.23647612,0.0,0.0
2023-08-25,21,BTC-231027-21000-C,BTCUSDT,C,231027-21000,0.0,0.0,0.0,0.0,0.0,0.0,5430.0,5590.0,1.5,1.5,,0.56045532,5507.0,0.52618027,0.86535893,3.819e-05,23.37433961,-9.85242776,0.0,0.0
2023-08-25,5,BTC-231027-21000-P,BTCUSDT,P,231027-21000,265.0,270.0,255.0,260.0,8.6,8.6,285.0,310.0,18.0,0.13,,0.47011077,297.0,0.46405792,-0.11212191,3.792e-05,20.65173786,-7.59598479,23.63,615791.6743769
2023-08-25,9,BTC-231027-21000-P,BTCUSDT,P,231027-21000,260.0,295.0,260.0,285.0,4.5,4.5,275.0,280.0,1.5,15.07,,0.45718491,277.0,0.45593798,-0.10769437,3.751e-05,20.05160572,-7.26539361,26.63,694546.02274622
2023-08-25,14,BTC-231027-21000-P,BTCUSDT,P,231027-21000,295.0,295.0,280.0,295.0,7.5,7.5,270.0,315.0,33.13,23.08,,0.46125233,292.0,0.45039535,-0.11458816,4.015e-05,20.72922309,-7.4442609,31.13,804565.05448249
2023-08-25,23,BTC-231027-21000-P,BTCUSDT,P,231027-21000,295.0,300.0,280.0,280.0,15.28,15.28,275.0,280.0,1.5,15.0,,0.45831442,277.0,0.45706302,-0.10796661,3.769e-05,19.98051661,-7.32541729,38.91,1013991.95754058
2023-08-25,11,BTC-231027-21000-C,BTCUSDT,C,231027-21000,0.0,0.0,0.0,0.0,0.0,0.0,5490.0,6040.0,1.5,4.76,,0.7177496,5748.0,0.61392784,0.83665827,3.71e-05,26.70515896,-13.046449,0.0,0.0
2023-08-25,14,BTC-231027-21000-C,BTCUSDT,C,231027-21000,0.0,0.0,0.0,0.0,0.0,0.0,5015.0,5545.0,2.08,4.98,,0.6218195,5250.0,0.50759077,0.86200215,4.056e-05,23.59834175,-9.5508026,0.0,0.0
2023-08-25,16,BTC-231027-21000-P,BTCUSDT,P,231027-21000,295.0,300.0,280.0,300.0,9.0,9.0,295.0,300.0,1.5,20.07,,0.46011686,297.0,0.45891106,-0.11407741,3.915e-05,20.73145848,-7.59592324,32.63,845951.61444292
2023-08-25,8,BTC-231027-21000-P,BTCUSDT,P,231027-21000,255.0,295.0,255.0,295.0,6.0,6.0,290.0,295.0,1.5,0.07,,0.46506107,292.0,0.46383917,-0.1106482,3.757e-05,20.46150783,-7.53740341,25.13,655630.09049236
2023-08-25,0,BTC-231027-21000-P,BTCUSDT,P,231027-21000,265.0,270.0,255.0,260.0,10.1,10.1,285.0,305.0,18.13,0.13,,0.47130048,294.0,0.4664278,-0.11042452,3.714e-05,20.52409765,-7.56261332,23.63,617779.1832901
2023-08-25,22,BTC-231027-21000-C,BTCUSDT,C,231027-21000,0.0,0.0,0.0,0.0,0.0,0.0,5405.0,5550.0,1.5,1.5,,0.55413723,5475.0,0.52301645,0.86550928,3.844e-05,23.3235226,-9.77842388,0.0,0.0
2023-08-25,16,BTC-231027-21000-C,BTCUSDT,C,231027-21000,0.0,0.0,0.0,0.0,0.0,0.0,5320.0,5855.0,1.5,5.01,,0.70165157,5571.0,0.60069084,0.83459397,3.853e-05,26.70787191,-12.80891903,0.0,0.0
2023-08-25,6,BTC-231027-21000-P,BTCUSDT,P,231027-21000,270.0,270.0,255.0,260.0,7.0,7.0,295.0,315.0,15.0,15.13,,0.47035217,304.0,0.46556622,-0.11428291,3.839e-05,20.89450808,-7.71535385,23.63,614959.74776803
2023-08-26,4,BTC-231027-21000-P,BTCUSDT,P,231027-21000,295.0,300.0,280.0,280.0,15.28,15.28,270.0,275.0,1.5,15.0,,0.45733988,272.0,0.45607626,-0.1066891,3.749e-05,19.78740368,-7.26323016,38.91,1014487.24492783
2023-08-26,12,BTC-231027-21000-C,BTCUSDT,C,231027-21000,0.0,0.0,0.0,0.0,0.0,0.0,5325.0,5875.0,2.2,5.46,,0.68631649,5578.0,0.57637691,0.84705759,3.826e-05,25.29537442,-11.79743801,0.0,0.0
2023-08-26,10,BTC-231027-21000-C,BTCUSDT,C,231027-21000,0.0,0.0,0.0,0.0,0.0,0.0,5310.0,5850.0,1.5,4.72,,0.67522049,5557.0,0.56555748,0.85071015,3.834e-05,24.91460795,-11.38637596,0.0,0.0
2023-08-26,7,BTC-231027-21000-C,BTCUSDT,C,231027-21000,0.0,0.0,0.0,0.0,0.0,0.0,1310.0,5700.0,5.97,3.91,,0.61542988,5195.0,0.38271494,0.92579033,3.417e-05,15.07568859,-4.65297594,0.0,0.0
2023-08-26,3,BTC-231027-21000-P,BTCUSDT,P,231027-21000,295.0,300.0,280.0,280.0,15.28,15.28,270.0,275.0,1.5,17.33,,0.45787275,272.0,0.45660913,-0.10650467,3.737e-05,19.77898117,-7.26374936,38.91,1015045.23841312
2023-08-26,1,BTC-231027-21000-P,BTCUSDT,P,231027-21000,295.0,300.0,280.0,280.0,15.28,15.28,275.0,280.0,1.5,17.33,,0.4579401,277.0,0.456689,-0.10815161,3.781e-05,19.98214173,-7.32981737,38.91,1013505.78778032
2023-08-26,19,BTC-231027-21000-C,BTCUSDT,C,231027-21000,0.0,0.0,0.0,0.0,0.0,0.0,5315.0,5855.0,1.5,2.28,,0.6792593,5562.0,0.56968927,0.84988883,3.832e-05,24.92939908,-11.54634844,0.0,0.0
2023-08-26,15,BTC-231027-21000-C,BTCUSDT,C,231027-21000,0.0,0.0,0.0,0.0,0.0,0.0,5345.0,5885.0,1.5,5.99,,0.68323612,5593.0,0.57445288,0.84883599,3.81e-05,25.09865623,-11.69026425,0.0,0.0
2023-08-26,5,BTC-231027-21000-C,BTCUSDT,C,231027-21000,0.0,0.0,0.0,0.0,0.0,0.0,5360.0,5905.0,1.5,3.67,,0.6857729,5611.0,0.57694674,0.84769472,3.798e-05,25.31694007,-11.76364285,0.0,0.0
2023-08-26,7,BTC-231027-21000-P,BTCUSDT,P,231027-21000,295.0,300.0,280.0,280.0,15.28,15.28,235.0,265.0,3.0,20.18,,0.45142949,249.0,0.44358224,-0.10200601,3.739e-05,19.11714029,-6.83872764,38.91,1013565.13194386
2023-08-26,4,BTC-231027-21000-C,BTCUSDT,C,231027-21000,0.0,0.0,0.0,0.0,0.0,0.0,5390.0,5935.0,2.2,5.34,,0.69258213,5642.0,0.58491945,0.8455508,3.778e-05,25.57292741,-12.03871221,0.0,0.0
2023-08-26,21,BTC-231027-21000-P,BTCUSDT,P,231027-21000,280.0,280.0,280.0,280.0,6.28,6.28,240.0,270.0,18.0,0.14,,0.45569003,254.0,0.44787258,-0.1032556,3.755e-05,19.19023043,-6.99710424,38.91,1013412.00185286
2023-08-26,18,BTC-231027-21000-C,BTCUSDT,C,231027-21000,0.0,0.0,0.0,0.0,0.0,0.0,5295.0,5835.0,1.5,2.46,,0.67605257,5542.0,0.56616187,0.85044398,3.847e-05,24.86273026,-11.43642023,0.0,0.0
2023-08-26,18,BTC-231027-21000-P,BTCUSDT,P,231027-21000,280.0,280.0,280.0,280.0,6.28,6.28,260.0,265.0,1.5,15.0,,0.45150101,262.0,0.45021713,-0.10528418,3.787e-05,19.46633982,-7.12044248,38.91,1012461.9724108
2023-08-26,11,BTC-231027-21000-P,BTCUSDT,P,231027-21000,280.0,300.0,280.0,280.0,12.28,12.28,260.0,265.0,1.5,15.0,,0.45181096,262.0,0.45052767,-0.10491536,3.763e-05,19.4819835,-7.09744282,38.91,1013434.19256827
2023-08-26,17,BTC-231027-21000-P,BTCUSDT,P,231027-21000,280.0,280.0,280.0,280.0,6.28,6.28,270.0,275.0,1.5,15.0,,0.45716584,272.0,0.45589983,-0.10727577,3.788e-05,19.74857574,-7.30990857,38.91,1013019.71733784
2023-08-26,19,BTC-231027-21000-P,BTCUSDT,P,231027-21000,280.0,280.0,280.0,280.0,6.28,6.28,260.0,265.0,1.5,15.0,,0.4524225,262.0,0.45113683,-0.10507846,3.774e-05,19.44282459,-7.1311972,38.91,1013014.82487927
2023-08-26,9,BTC-231027-21000-C,BTCUSDT,C,231027-21000,0.0,0.0,0.0,0.0,0.0,0.0,5310.0,5850.0,1.5,5.41,,0.68074942,5558.0,0.57264686,0.84755479,3.841e-05,25.25308105,-11.67786926,0.0,0.0
2023-08-26,20,BTC-231027-21000-P,BTCUSDT,P,231027-21000,280.0,280.0,280.0,280.0,6.28,6.28,240.0,270.0,18.0,0.14,,0.45501292,254.0,0.44720262,-0.10339304,3.764e-05,19.20818129,-6.98843181,38.91,1012980.48813693
2023-08-26,13,BTC-231027-21000-C,BTCUSDT,C,231027-21000,0.0,0.0,0.0,0.0,0.0,0.0,5340.0,5880.0,1.5,5.76,,0.68394661,5588.0,0.57564497,0.84793608,3.816e-05,25.20504638,-11.74830401,0.0,0.0
2023-08-26,6,BTC-231027-21000-C,BTCUSDT,C,231027-21000,0.0,0.0,0.0,0.0,0.0,0.0,5390.0,5935.0,1.5,2.81,,0.69162369,5641.0,0.58354378,0.84629795,3.777e-05,25.47878633,-11.98225745,0.0,0.0
2023-08-26,15,BTC-231027-21000-P,BTCUSDT,P,231027-21000,280.0,280.0,280.0,280.0,6.28,6.28,260.0,265.0,1.5,15.0,,0.45287788,262.0,0.45159221,-0.10479338,3.754e-05,19.44564786,-7.12013626,38.91,1013777.44799344
2023-08-26,2,BTC-231027-21000-C,BTCUSDT,C,231027-21000,0.0,0.0,0.0,0.0,0.0,0.0,5380.0,5925.0,1.5,3.0,,0.68835735,5631.0,0.58005095,0.84700701,3.783e-05,25.43098561,-11.85634119,0.0,0.0
2023-08-26,2,BTC-231027-21000-P,BTCUSDT,P,231027-21000,295.0,300.0,280.0,280.0,15.28,15.28,260.0,265.0,1.5,15.0,,0.45201361,262.0,0.45073211,-0.10449687,3.735e-05,19.50630444,-7.06667072,38.91,1014674.67838688
2023-08-26,20,BTC-231027-21000-C,BTCUSDT,C,231027-21000,0.0,0.0,0.0,0.0,0.0,0.0,5315.0,5855.0,2.2,5.82,,0.68011284,5562.0,0.57067394,0.84954687,3.832e-05,24.95671256,-11.58682809,0.0,0.0
2023-08-26,10,BTC-231027-21000-P,BTCUSDT,P,231027-21000,280.0,300.0,280.0,280.0,12.28,12.28,260.0,265.0,1.5,15.14,,0.45108855,262.0,0.44980645,-0.10506837,3.773e-05,19.50118955,-7.08829029,38.91,1013032.40987867
2023-08-26,0,BTC-231027-21000-C,BTCUSDT,C,231027-21000,0.0,0.0,0.0,0.0,0.0,0.0,5370.0,5925.0,1.5,4.93,,0.69777012,5627.0,0.58953285,0.84257675,3.796e-05,25.89750423,-12.25479066,0.0,0.0
2023-08-26,12,BTC-231027-21000-P,BTCUSDT,P,231027-21000,280.0,300.0,280.0,280.0,12.28,12.28,245.0,275.0,18.0,15.14,,0.45612454,259.0,0.4483977,-0.10456568,3.775e-05,19.4157976,-7.04463704,38.91,1012796.28035696
2023-08-26,8,BTC-231027-21000-C,BTCUSDT,C,231027-21000,0.0,0.0,0.0,0.0,0.0,0.0,5325.0,5865.0,1.5,4.42,,0.67800045,5572.0,0.56895494,0.84973675,3.824e-05,25.04657877,-11.49996409,0.0,0.0
2023-08-26,23,BTC-231027-21000-C,BTCUSDT,C,231027-21000,0.0,0.0,0.0,0.0,0.0,0.0,5305.0,5555.0,1.5,1.5,,0.57269573,5423.0,0.5177331,0.86776603,3.876e-05,22.8300811,-9.63577693,0.0,0.0
2023-08-26,1,BTC-231027-21000-C,BTCUSDT,C,231027-21000,0.0,0.0,0.0,0.0,0.0,0.0,5380.0,5925.0,1.5,5.7,,0.69598675,5633.0,0.5895853,0.84289298,3.791e-05,25.8617357,-12.24714577,0.0,0.0
2023-08-26,17,BTC-231027-21000-C,BTCUSDT,C,231027-21000,0.0,0.0,0.0,0.0,0.0,0.0,5320.0,5860.0,2.2,2.97,,0.68074703,5568.0,0.571661,0.84909285,3.829e-05,25.03373025,-11.6190564,0.0,0.0
2023-08-26,13,BTC-231027-21000-P,BTCUSDT,P,231027-21000,280.0,300.0,280.0,280.0,12.28,12.28,235.0,275.0,18.0,17.47,,0.45710206,254.0,0.44670254,-0.10319432,3.752e-05,19.2354945,-6.95752441,38.91,1013370.21422296
2023-08-26,22,BTC-231027-21000-P,BTCUSDT,P,231027-21000,280.0,280.0,280.0,280.0,0.0,0.0,245.0,270.0,22.13,0.14,,0.45524836,257.0,0.44876248,-0.10398774,3.769e-05,19.2742006,-7.04646547,38.91,1012879.0075418
2023-08-26,3,BTC-231027-21000-C,BTCUSDT,C,231027-21000,0.0,0.0,0.0,0.0,0.0,0.0,5425.0,5970.0,1.5,2.93,,0.70092678,5678.0,0.59461117,0.84294867,3.755e-05,25.87751967,-12.37565094,0.0,0.0
2023-08-26,21,BTC-231027-21000-C,BTCUSDT,C,231027-21000,0.0,0.0,0.0,0.0,0.0,0.0,5335.0,5875.0,2.2,4.88,,0.68463802,5583.0,0.57585239,0.8482927,3.819e-05,25.09572022,-11.76507016,0.0,0.0
2023-08-26,5,BTC-231027-21000-P,BTCUSDT,P,231027-21000,295.0,300.0,280.0,280.0,15.28,15.28,260.0,265.0,1.5,15.0,,0.45176804,262.0,0.45048594,-0.10468358,3.747e-05,19.5021556,-7.07552646,38.91,1014086.63283974
2023-08-26,9,BTC-231027-21000-P,BTCUSDT,P,231027-21000,280.0,300.0,280.0,280.0,12.28,12.28,270.0,275.0,1.5,16.17,,0.45492351,272.0,0.45366228,-0.1075496,3.806e-05,19.82419746,-7.26257513,38.91,1012302.2074119
2023-08-26,14,BTC-231027-21000-P,BTCUSDT,P,231027-21000,300.0,300.0,280.0,280.0,7.78,7.78,270.0,275.0,1.5,17.33,,0.4585439,272.0,0.4572767,-0.10677973,3.755e-05,19.7283113,-7.30962493,38.91,1014305.52510656
2023-08-26,23,BTC-231027-21000-P,BTCUSDT,P,231027-21000,280.0,280.0,280.0,280.0,0.0,0.0,245.0,275.0,18.0,15.14,,0.45726955,259.0,0.44951886,-0.1047131,3.785e-05,19.35581973,-7.09304704,38.91,1012421.74944304
2023-08-26,11,BTC-231027-21000-C,BTCUSDT,C,231027-21000,0.0,0.0,0.0,0.0,0.0,0.0,5320.0,5860.0,1.5,4.67,,0.67591667,5567.0,0.56612253,0.85099138,3.825e-05,24.88498626,-11.39187234,0.0,0.0
2023-08-26,14,BTC-231027-21000-C,BTCUSDT,C,231027-21000,0.0,0.0,0.0,0.0,0.0,0.0,5365.0,5905.0,1.5,3.76,,0.68615198,5613.0,0.57778955,0.8482102,3.795e-05,25.18929092,-11.79265864,0.0,0.0
2023-08-26,16,BTC-231027-21000-P,BTCUSDT,P,231027-21000,280.0,280.0,280.0,280.0,6.28,6.28,270.0,275.0,1.5,16.17,,0.45743644,272.0,0.45617044,-0.10716097,3.78e-05,19.74594184,-7.3083272,38.91,1013314.87677737
2023-08-26,8,BTC-231027-21000-P,BTCUSDT,P,231027-21000,285.0,300.0,280.0,280.0,13.78,13.78,230.0,265.0,18.0,20.53,,0.45117021,247.0,0.44197708,-0.1015246,3.742e-05,19.0394353,-6.79084803,38.91,1013300.74063196
2023-08-26,0,BTC-231027-21000-P,BTCUSDT,P,231027-21000,295.0,300.0,280.0,280.0,15.28,15.28,275.0,280.0,1.5,15.0,,0.45739949,277.0,0.45614928,-0.10825712,3.788e-05,19.99737242,-7.32183439,38.91,1013226.94418238
2023-08-26,22,BTC-231027-21000-C,BTCUSDT,C,231027-21000,0.0,0.0,0.0,0.0,0.0,0.0,5335.0,5575.0,1.5,1.5,,0.57631969,5449.0,0.52415848,0.8657939,3.865e-05,23.08256614,-9.85655434,0.0,0.0
2023-08-26,16,BTC-231027-21000-C,BTCUSDT,C,231027-21000,0.0,0.0,0.0,0.0,0.0,0.0,5340.0,5895.0,1.5,2.91,,0.69060564,5595.0,0.57972789,0.84672067,3.813e-05,25.31054113,-11.90525258,0.0,0.0
2023-08-26,6,BTC-231027-21000-P,BTCUSDT,P,231027-21000,295.0,300.0,280.0,280.0,15.28,15.28,260.0,265.0,1.5,15.0,,0.45283854,262.0,0.45155495,-0.10443864,3.731e-05,19.47532834,-7.08731714,38.91,1014723.24319794
2023-08-27,4,BTC-231027-21000-P,BTCUSDT,P,231027-21000,280.0,280.0,280.0,280.0,0.0,0.0,265.0,270.0,1.5,15.0,,0.45649886,267.0,0.45521855,-0.10614448,3.778e-05,19.52724326,-7.27129796,38.91,1013107.6914463
2023-08-27,12,BTC-231027-21000-C,BTCUSDT,C,231027-21000,0.0,0.0,0.0,0.0,0.0,0.0,5425.0,5560.0,1.5,1.5,,0.55912495,5490.0,0.52968979,0.86622931,3.828e-05,22.95658376,-10.00126033,0.0,0.0
2023-08-27,10,BTC-231027-21000-C,BTCUSDT,C,231027-21000,0.0,0.0,0.0,0.0,0.0,0.0,5405.0,5800.0,1.5,1.5,,0.64819336,5590.0,0.56681871,0.85365396,3.798e-05,24.43006346,-11.37364642,0.0,0.0
2023-08-27,7,BTC-231027-21000-C,BTCUSDT,C,231027-21000,0.0,0.0,0.0,0.0,0.0,0.0,1305.0,5660.0,2.27,5.75,,0.60717106,5179.0,0.37858553,0.92898672,3.368e-05,14.45431291,-4.48540382,0.0,0.0
2023-08-27,3,BTC-231027-21000-P,BTCUSDT,P,231027-21000,280.0,280.0,280.0,280.0,0.0,0.0,245.0,275.0,18.0,17.4,,0.45804083,259.0,0.45027852,-0.10467338,3.782e-05,19.32622308,-7.11349985,38.91,1012543.05603608
2023-08-27,1,BTC-231027-21000-P,BTCUSDT,P,231027-21000,280.0,280.0,280.0,280.0,0.0,0.0,245.0,270.0,18.0,2.47,,0.45387983,257.0,0.44740081,-0.10447321,3.802e-05,19.29470435,-7.04690995,38.91,1011502.3503627
2023-08-27,19,BTC-231027-21000-C,BTCUSDT,C,231027-21000,0.0,0.0,0.0,0.0,0.0,0.0,5450.0,5845.0,1.5,1.5,,0.65421104,5635.0,0.57263851,0.85387239,3.762e-05,24.36873917,-11.53262468,0.0,0.0
2023-08-27,15,BTC-231027-21000-C,BTCUSDT,C,231027-21000,0.0,0.0,0.0,0.0,0.0,0.0,5480.0,5875.0,1.5,1.5,,0.66470623,5666.0,0.58484077,0.84963146,3.749e-05,24.87278586,-11.9889697,0.0,0.0
2023-08-27,5,BTC-231027-21000-C,BTCUSDT,C,231027-21000,0.0,0.0,0.0,0.0,0.0,0.0,5325.0,5565.0,1.5,1.5,,0.5730772,5438.0,0.52024841,0.8677696,3.863e-05,22.79543099,-9.70746348,0.0,0.0
2023-08-27,7,BTC-231027-21000-P,BTCUSDT,P,231027-21000,280.0,280.0,280.0,280.0,0.0,0.0,245.0,275.0,18.0,15.14,,0.45988619,259.0,0.45210242,-0.10435204,3.761e-05,19.27344317,-7.14226942,38.91,1013374.74659672
2023-08-27,4,BTC-231027-21000-C,BTCUSDT,C,231027-21000,0.0,0.0,0.0,0.0,0.0,0.0,5305.0,5695.0,1.5,1.5,,0.62206745,5485.0,0.53872108,0.86114691,3.856e-05,23.58342126,-10.39254305,0.0,0.0
2023-08-27,21,BTC-231027-21000-P,BTCUSDT,P,231027-21000,280.0,280.0,265.0,265.0,0.2,0.2,230.0,265.0,18.13,19.71,,0.45824409,247.0,0.44892013,-0.10117655,3.718e-05,18.77197396,-6.97416446,39.11,1019486.60611101
2023-08-27,18,BTC-231027-21000-C,BTCUSDT,C,231027-21000,0.0,0.0,0.0,0.0,0.0,0.0,5435.0,5840.0,1.5,1.5,,0.65816164,5624.0,0.57509065,0.8522651,3.775e-05,24.5381589,-11.65450486,0.0,0.0
2023-08-27,18,BTC-231027-21000-P,BTCUSDT,P,231027-21000,280.0,280.0,265.0,265.0,0.2,0.2,230.0,265.0,18.0,20.4,,0.45981348,247.0,0.450477,-0.10065433,3.682e-05,18.74761204,-6.97483812,39.11,1020971.86208368
2023-08-27,11,BTC-231027-21000-P,BTCUSDT,P,231027-21000,280.0,280.0,280.0,280.0,0.0,0.0,250.0,275.0,4.0,15.14,,0.46144426,262.0,0.45496792,-0.10467494,3.748e-05,19.30280875,-7.21821123,38.91,1014036.22942418
2023-08-27,17,BTC-231027-21000-P,BTCUSDT,P,231027-21000,280.0,280.0,265.0,265.0,0.2,0.2,235.0,265.0,7.25,20.53,,0.45745432,249.0,0.44950873,-0.10180515,3.725e-05,18.88072127,-7.00444073,39.11,1019170.94543303
2023-08-27,19,BTC-231027-21000-P,BTCUSDT,P,231027-21000,280.0,280.0,265.0,265.0,0.2,0.2,230.0,265.0,18.0,22.73,,0.46103776,247.0,0.45168698,-0.10038326,3.663e-05,18.71841153,-6.98748853,39.11,1021734.33517137
2023-08-27,9,BTC-231027-21000-C,BTCUSDT,C,231027-21000,0.0,0.0,0.0,0.0,0.0,0.0,5420.0,5550.0,1.5,1.5,,0.55251598,5483.0,0.52389383,0.86835423,3.824e-05,22.73271321,-9.77526074,0.0,0.0
2023-08-27,20,BTC-231027-21000-P,BTCUSDT,P,231027-21000,280.0,280.0,265.0,265.0,0.2,0.2,235.0,265.0,6.58,19.71,,0.45942724,249.0,0.45145988,-0.1014197,3.699e-05,18.82910068,-7.03011605,39.11,1020442.26110971
2023-08-27,13,BTC-231027-21000-C,BTCUSDT,C,231027-21000,0.0,0.0,0.0,0.0,0.0,0.0,5420.0,5575.0,1.5,1.5,,0.56260586,5495.0,0.52866697,0.86698261,3.821e-05,22.86695842,-9.94979703,0.0,0.0
2023-08-27,6,BTC-231027-21000-C,BTCUSDT,C,231027-21000,0.0,0.0,0.0,0.0,0.0,0.0,5330.0,5530.0,1.5,1.5,,0.55478573,5425.0,0.50973892,0.87225719,3.849e-05,22.25985061,-9.29423353,0.0,0.0
2023-08-27,15,BTC-231027-21000-P,BTCUSDT,P,231027-21000,280.0,280.0,280.0,280.0,0.0,0.0,245.0,280.0,18.0,17.33,,0.46803832,262.0,0.45892209,-0.10375932,3.688e-05,19.19996951,-7.26205089,38.91,1016394.2865955
2023-08-27,2,BTC-231027-21000-C,BTCUSDT,C,231027-21000,0.0,0.0,0.0,0.0,0.0,0.0,5275.0,5660.0,1.5,1.5,,0.61979771,5453.0,0.53799629,0.85987681,3.888e-05,23.71318711,-10.42146031,0.0,0.0
2023-08-27,2,BTC-231027-21000-P,BTCUSDT,P,231027-21000,280.0,280.0,280.0,280.0,0.0,0.0,230.0,265.0,18.0,0.14,,0.4516691,247.0,0.44244379,-0.10211297,3.783e-05,18.97328574,-6.85740844,38.91,1011786.2650881
2023-08-27,20,BTC-231027-21000-C,BTCUSDT,C,231027-21000,0.0,0.0,0.0,0.0,0.0,0.0,5420.0,5825.0,1.5,1.5,,0.65703392,5609.0,0.57384253,0.85231234,3.787e-05,24.50386112,-11.62896336,0.0,0.0
2023-08-27,10,BTC-231027-21000-P,BTCUSDT,P,231027-21000,280.0,280.0,280.0,280.0,0.0,0.0,265.0,270.0,1.5,15.0,,0.45995772,267.0,0.45867115,-0.10547425,3.734e-05,19.43275776,-7.32093939,38.91,1014971.1982418
2023-08-27,0,BTC-231027-21000-C,BTCUSDT,C,231027-21000,0.0,0.0,0.0,0.0,0.0,0.0,5285.0,5525.0,1.5,1.5,,0.56637764,5398.0,0.51326036,0.86888248,3.891e-05,22.67504892,-9.49411422,0.0,0.0
2023-08-27,12,BTC-231027-21000-P,BTCUSDT,P,231027-21000,280.0,280.0,280.0,280.0,0.0,0.0,245.0,275.0,23.25,15.14,,0.4621619,259.0,0.4543519,-0.10396244,3.734e-05,19.20846531,-7.17812289,38.91,1014432.50988609
2023-08-27,8,BTC-231027-21000-C,BTCUSDT,C,231027-21000,0.0,0.0,0.0,0.0,0.0,0.0,5420.0,5550.0,1.5,1.5,,0.55914402,5483.0,0.53101063,0.86495311,3.841e-05,23.12604441,-10.07259578,0.0,0.0
2023-08-27,23,BTC-231027-21000-C,BTCUSDT,C,231027-21000,0.0,0.0,0.0,0.0,0.0,0.0,5415.0,5810.0,1.5,1.5,,0.64911366,5599.0,0.56683064,0.8551928,3.786e-05,24.16597402,-11.35194346,0.0,0.0
2023-08-27,1,BTC-231027-21000-C,BTCUSDT,C,231027-21000,0.0,0.0,0.0,0.0,0.0,0.0,5265.0,5650.0,1.5,1.5,,0.61690331,5443.0,0.53471088,0.8608513,3.892e-05,23.60583078,-10.30391205,0.0,0.0
2023-08-27,17,BTC-231027-21000-C,BTCUSDT,C,231027-21000,0.0,0.0,0.0,0.0,0.0,0.0,5390.0,5780.0,1.5,1.5,,0.64815998,5572.0,0.56779861,0.85305992,3.814e-05,24.42006494,-11.44347432,0.0,0.0
2023-08-27,13,BTC-231027-21000-P,BTCUSDT,P,231027-21000,280.0,280.0,280.0,280.0,0.0,0.0,250.0,275.0,3.0,15.14,,0.46276987,262.0,0.4562819,-0.10441047,3.73e-05,19.2679147,-7.235884,38.91,1014717.08173524
2023-08-27,22,BTC-231027-21000-P,BTCUSDT,P,231027-21000,265.0,265.0,265.0,265.0,0.2,0.2,260.0,265.0,1.5,17.33,,0.45961618,262.0,0.45831412,-0.10428947,3.721e-05,19.19977206,-7.28739127,39.11,1020337.47639469
2023-08-27,3,BTC-231027-21000-C,BTCUSDT,C,231027-21000,0.0,0.0,0.0,0.0,0.0,0.0,5295.0,5685.0,1.5,1.5,,0.62293768,5475.0,0.54004312,0.8600164,3.869e-05,23.70788355,-10.4658939,0.0,0.0
2023-08-27,21,BTC-231027-21000-C,BTCUSDT,C,231027-21000,0.0,0.0,0.0,0.0,0.0,0.0,5385.0,5775.0,1.5,1.5,,0.64629078,5567.0,0.56537867,0.8542357,3.815e-05,24.25797866,-11.35029599,0.0,0.0
2023-08-27,5,BTC-231027-21000-P,BTCUSDT,P,231027-21000,280.0,280.0,280.0,280.0,0.0,0.0,245.0,275.0,18.0,15.14,,0.45897543,259.0,0.45120209,-0.10450953,3.771e-05,19.29957998,-7.12797484,38.91,1012947.77562212
2023-08-27,9,BTC-231027-21000-P,BTCUSDT,P,231027-21000,280.0,280.0,280.0,280.0,0.0,0.0,260.0,275.0,15.0,15.14,,0.46197474,267.0,0.45811772,-0.10556603,3.74e-05,19.44645749,-7.31225593,38.91,1014577.18104386
2023-08-27,14,BTC-231027-21000-P,BTCUSDT,P,231027-21000,280.0,280.0,280.0,280.0,0.0,0.0,245.0,280.0,18.0,15.0,,0.46911716,262.0,0.45999199,-0.10343977,3.667e-05,19.18030107,-7.26653387,38.91,1017433.79931434
2023-08-27,23,BTC-231027-21000-P,BTCUSDT,P,231027-21000,265.0,265.0,265.0,265.0,0.2,0.2,235.0,250.0,3.0,15.0,,0.45255542,242.0,0.44851631,-0.09959441,3.676e-05,18.56904038,-6.90208497,39.11,1020838.45830311
2023-08-27,11,BTC-231027-21000-C,BTCUSDT,C,231027-21000,0.0,0.0,0.0,0.0,0.0,0.0,5420.0,5545.0,1.5,1.5,,0.55634975,5480.0,0.52913427,0.86597277,3.838e-05,22.98567175,-9.99657897,0.0,0.0
2023-08-27,14,BTC-231027-21000-C,BTCUSDT,C,231027-21000,0.0,0.0,0.0,0.0,0.0,0.0,5520.0,5920.0,1.5,1.5,,0.67404985,5709.0,0.59403539,0.84752579,3.721e-05,25.13433393,-12.29706048,0.0,0.0
2023-08-27,16,BTC-231027-21000-P,BTCUSDT,P,231027-21000,280.0,280.0,280.0,280.0,0.0,0.0,245.0,280.0,18.0,17.33,,0.47050178,262.0,0.46135962,-0.10316713,3.649e-05,19.14471291,-7.28461508,38.91,1018107.47679222
2023-08-27,8,BTC-231027-21000-P,BTCUSDT,P,231027-21000,280.0,280.0,280.0,280.0,0.0,0.0,245.0,275.0,18.0,16.31,,0.46077073,259.0,0.45297801,-0.10416097,3.748e-05,19.2511269,-7.15270179,38.91,1014087.94551762
2023-08-27,0,BTC-231027-21000-P,BTCUSDT,P,231027-21000,280.0,280.0,280.0,280.0,0.0,0.0,245.0,275.0,18.0,15.14,,0.45653999,259.0,0.44879436,-0.10494812,3.801e-05,19.36860898,-7.09111156,38.91,1011763.45356598
2023-08-27,22,BTC-231027-21000-C,BTCUSDT,C,231027-21000,0.0,0.0,0.0,0.0,0.0,0.0,5395.0,5785.0,1.5,1.5,,0.64333439,5577.0,0.56161165,0.856413,3.8e-05,24.02556519,-11.17435592,0.0,0.0
2023-08-27,16,BTC-231027-21000-C,BTCUSDT,C,231027-21000,0.0,0.0,0.0,0.0,0.0,0.0,5530.0,5930.0,1.5,1.5,,0.67228794,5718.0,0.59170723,0.84910398,3.71e-05,24.96259717,-12.18189393,0.0,0.0
2023-08-27,6,BTC-231027-21000-P,BTCUSDT,P,231027-21000,280.0,280.0,280.0,280.0,0.0,0.0,245.0,275.0,18.0,15.13,,0.4597944,259.0,0.45201302,-0.10433476,3.76e-05,19.27859917,-7.13789168,38.91,1013421.61331001
2023-08-28,4,BTC-231027-21000-P,BTCUSDT,P,231027-21000,265.0,265.0,265.0,265.0,0.2,0.2,250.0,265.0,0.38,20.0,,0.45708954,257.0,0.45315981,-0.10408028,3.775e-05,19.08539662,-7.19229357,39.11,1017924.63436917
2023-08-28,12,BTC-231027-21000-C,BTCUSDT,C,231027-21000,0.0,0.0,0.0,0.0,0.0,0.0,5480.0,6035.0,1.5,2.23,,0.72407246,5738.0,0.6141448,0.8423699,3.709e-05,25.48599042,-13.088852,0.0,0.0
2023-08-28,10,BTC-231027-21000-C,BTCUSDT,C,231027-21000,0.0,0.0,0.0,0.0,0.0,0.0,5080.0,5615.0,4.76,4.22,,0.62461376,5308.0,0.49806118,0.87508052,3.93e-05,21.62897969,-8.99586895,0.0,0.0
2023-08-28,7,BTC-231027-21000-C,BTCUSDT,C,231027-21000,0.0,0.0,0.0,0.0,0.0,0.0,5045.0,5575.0,2.02,4.42,,0.61506271,5268.0,0.48705339,0.87846222,3.941e-05,21.22280919,-8.61386605,0.0,0.0
2023-08-28,3,BTC-231027-21000-P,BTCUSDT,P,231027-21000,265.0,265.0,265.0,265.0,0.2,0.2,245.0,265.0,23.0,22.96,,0.4563278,254.0,0.45107245,-0.10366709,3.781e-05,19.02895053,-7.13304745,39.11,1017480.34476917
2023-08-28,19,BTC-231027-21000-C,BTCUSDT,C,231027-21000,0.0,0.0,0.0,0.0,0.0,0.0,5360.0,5595.0,1.5,4.58,,0.60433865,5472.0,0.55472136,0.85663214,3.885e-05,23.74283513,-11.06777741,0.0,0.0
2023-08-28,15,BTC-231027-21000-C,BTCUSDT,C,231027-21000,0.0,0.0,0.0,0.0,0.0,0.0,5435.0,5575.0,1.5,1.5,,0.55998802,5502.0,0.52867174,0.86953281,3.801e-05,22.37983707,-9.91473615,0.0,0.0
2023-08-28,5,BTC-231027-21000-C,BTCUSDT,C,231027-21000,0.0,0.0,0.0,0.0,0.0,0.0,5265.0,5495.0,1.5,1.5,,0.57355404,5374.0,0.52294731,0.86563684,3.929e-05,22.79684214,-9.92084189,0.0,0.0
2023-08-28,7,BTC-231027-21000-P,BTCUSDT,P,231027-21000,265.0,275.0,265.0,275.0,1.2,1.2,260.0,290.0,23.0,40.08,,0.46513677,274.0,0.45751363,-0.10928482,3.891e-05,19.67879784,-7.50276375,40.11,1040144.87476162
2023-08-28,4,BTC-231027-21000-C,BTCUSDT,C,231027-21000,0.0,0.0,0.0,0.0,0.0,0.0,5335.0,5720.0,1.5,1.5,,0.64014435,5515.0,0.55964231,0.85503286,3.855e-05,24.07195053,-11.2030599,0.0,0.0
2023-08-28,21,BTC-231027-21000-P,BTCUSDT,P,231027-21000,275.0,280.0,245.0,245.0,5.34,5.34,270.0,300.0,20.57,39.99,,0.47520995,284.0,0.46763271,-0.11066707,3.852e-05,19.79847112,-7.79108913,42.45,1103133.06392288
2023-08-28,18,BTC-231027-21000-C,BTCUSDT,C,231027-21000,0.0,0.0,0.0,0.0,0.0,0.0,5495.0,5905.0,1.5,1.5,,0.67431927,5687.0,0.5903244,0.85058193,3.73e-05,24.56085071,-12.1753954,0.0,0.0
2023-08-28,18,BTC-231027-21000-P,BTCUSDT,P,231027-21000,275.0,280.0,245.0,245.0,5.34,5.34,260.0,280.0,15.0,24.99,,0.4738313,269.0,0.46862602,-0.10506657,3.676e-05,19.21304269,-7.56086496,42.45,1109935.15396144
2023-08-28,11,BTC-231027-21000-P,BTCUSDT,P,231027-21000,265.0,275.0,265.0,275.0,1.2,1.2,255.0,290.0,35.0,32.51,,0.4696101,272.0,0.46063304,-0.10770302,3.819e-05,19.49769145,-7.50524719,40.11,1042825.09989231
2023-08-28,17,BTC-231027-21000-P,BTCUSDT,P,231027-21000,275.0,280.0,245.0,245.0,5.34,5.34,245.0,280.0,34.57,17.37,,0.47329664,262.0,0.46408772,-0.10349804,3.671e-05,19.00649778,-7.40196973,42.45,1109812.3288517
2023-08-28,19,BTC-231027-21000-P,BTCUSDT,P,231027-21000,275.0,280.0,245.0,245.0,5.34,5.34,270.0,295.0,20.57,32.52,,0.47322333,282.0,0.46688676,-0.10992528,3.835e-05,19.72821563,-7.7402024,42.45,1103729.29982966
2023-08-28,9,BTC-231027-21000-C,BTCUSDT,C,231027-21000,0.0,0.0,0.0,0.0,0.0,0.0,5285.0,5430.0,1.5,1.5,,0.55866718,5355.0,0.52714348,0.86312891,3.957e-05,23.02771876,-10.12982705,0.0,0.0
2023-08-28,20,BTC-231027-21000-P,BTCUSDT,P,231027-21000,275.0,280.0,245.0,245.0,5.34,5.34,290.0,295.0,1.5,24.99,,0.47303498,292.0,0.47178507,-0.11213735,3.852e-05,19.99988503,-7.93467018,42.45,1103350.92129111
2023-08-28,13,BTC-231027-21000-C,BTCUSDT,C,231027-21000,0.0,0.0,0.0,0.0,0.0,0.0,5440.0,5590.0,1.5,1.5,,0.56569099,5512.0,0.5324173,0.86805878,3.801e-05,22.57042674,-10.05596927,0.0,0.0
2023-08-28,6,BTC-231027-21000-C,BTCUSDT,C,231027-21000,0.0,0.0,0.0,0.0,0.0,0.0,5250.0,5485.0,1.5,1.5,,0.57528496,5361.0,0.52375317,0.86476496,3.944e-05,22.87593395,-9.9775216,0.0,0.0
2023-08-28,15,BTC-231027-21000-P,BTCUSDT,P,231027-21000,265.0,280.0,265.0,280.0,4.54,4.54,275.0,280.0,1.5,20.0,,0.4706949,277.0,0.4694128,-0.10737095,3.73e-05,19.50114827,-7.67102255,43.45,1133704.29947807
2023-08-28,2,BTC-231027-21000-C,BTCUSDT,C,231027-21000,0.0,0.0,0.0,0.0,0.0,0.0,5330.0,5565.0,1.5,1.5,,0.57805061,5441.0,0.52619696,0.86687397,3.866e-05,22.73495103,-9.93472089,0.0,0.0
2023-08-28,2,BTC-231027-21000-P,BTCUSDT,P,231027-21000,265.0,265.0,265.0,265.0,0.2,0.2,245.0,265.0,23.0,23.8,,0.45702696,254.0,0.45176834,-0.10344312,3.766e-05,19.01711297,-7.13466675,39.11,1017756.29805285
2023-08-28,20,BTC-231027-21000-C,BTCUSDT,C,231027-21000,0.0,0.0,0.0,0.0,0.0,0.0,5340.0,5480.0,1.5,1.5,,0.56021214,5407.0,0.52937984,0.8654217,3.901e-05,22.72828776,-10.1179216,0.0,0.0
2023-08-28,10,BTC-231027-21000-P,BTCUSDT,P,231027-21000,265.0,275.0,265.0,275.0,1.2,1.2,275.0,290.0,5.0,15.0,,0.46673834,282.0,0.46295881,-0.11062035,3.879e-05,19.845618,-7.67240248,40.11,1041033.63743092
2023-08-28,0,BTC-231027-21000-C,BTCUSDT,C,231027-21000,0.0,0.0,0.0,0.0,0.0,0.0,5365.0,5755.0,1.5,1.5,,0.64571857,5547.0,0.56480885,0.85383961,3.832e-05,24.25957134,-11.36191779,0.0,0.0
2023-08-28,12,BTC-231027-21000-P,BTCUSDT,P,231027-21000,265.0,275.0,265.0,275.0,4.2,4.2,250.0,280.0,10.95,22.03,,0.47204196,264.0,0.4641974,-0.10416867,3.682e-05,19.1233848,-7.42329511,43.11,1126759.13450114
2023-08-28,8,BTC-231027-21000-C,BTCUSDT,C,231027-21000,0.0,0.0,0.0,0.0,0.0,0.0,5310.0,5435.0,1.5,1.5,,0.54745674,5370.0,0.51976442,0.86723852,3.923e-05,22.59091461,-9.79175937,0.0,0.0
2023-08-28,23,BTC-231027-21000-C,BTCUSDT,C,231027-21000,0.0,0.0,0.0,0.0,0.0,0.0,5455.0,5850.0,1.5,1.5,,0.66373825,5640.0,0.58187008,0.85254604,3.762e-05,24.27560058,-11.90329455,0.0,0.0
2023-08-28,17,BTC-231027-21000-C,BTCUSDT,C,231027-21000,0.0,0.0,0.0,0.0,0.0,0.0,5500.0,5900.0,1.5,1.5,,0.6742835,5688.0,0.59277654,0.84949596,3.732e-05,24.6820457,-12.27770747,0.0,0.0
2023-08-28,13,BTC-231027-21000-P,BTCUSDT,P,231027-21000,265.0,280.0,265.0,280.0,4.54,4.54,260.0,280.0,20.0,19.66,,0.47039926,269.0,0.46521783,-0.10574209,3.72e-05,19.30103363,-7.51396085,43.45,1134117.47555503
2023-08-28,22,BTC-231027-21000-P,BTCUSDT,P,231027-21000,275.0,280.0,245.0,245.0,5.34,5.34,285.0,290.0,1.5,24.99,,0.47478497,287.0,0.47352076,-0.11004052,3.779e-05,19.7707346,-7.88366431,42.45,1106524.623
2023-08-28,3,BTC-231027-21000-C,BTCUSDT,C,231027-21000,0.0,0.0,0.0,0.0,0.0,0.0,5345.0,5490.0,1.5,1.5,,0.55289268,5415.0,0.52068233,0.86837217,3.88e-05,22.53694656,-9.75173493,0.0,0.0
2023-08-28,21,BTC-231027-21000-C,BTCUSDT,C,231027-21000,0.0,0.0,0.0,0.0,0.0,0.0,5340.0,5500.0,1.5,1.5,,0.571661,5417.0,0.53691626,0.86243489,3.907e-05,23.05679933,-10.41758874,0.0,0.0
2023-08-28,5,BTC-231027-21000-P,BTCUSDT,P,231027-21000,265.0,265.0,265.0,265.0,0.2,0.2,270.0,275.0,1.5,22.33,,0.45891106,272.0,0.45763522,-0.10833056,3.858e-05,19.59090593,-7.46087675,39.11,1015394.96518679
2023-08-28,9,BTC-231027-21000-P,BTCUSDT,P,231027-21000,265.0,275.0,265.0,275.0,1.2,1.2,265.0,290.0,8.0,25.85,,0.46536088,277.0,0.45902759,-0.10986391,3.895e-05,19.7385487,-7.56094853,40.11,1040127.91396173
2023-08-28,14,BTC-231027-21000-P,BTCUSDT,P,231027-21000,265.0,280.0,265.0,280.0,4.54,4.54,260.0,280.0,20.0,20.0,,0.47261477,269.0,0.46741992,-0.10520959,3.685e-05,19.2514324,-7.5353814,43.45,1135738.31334609
2023-08-28,23,BTC-231027-21000-P,BTCUSDT,P,231027-21000,275.0,280.0,245.0,245.0,5.34,5.34,240.0,265.0,20.57,20.58,,0.46532691,252.0,0.45864075,-0.10160126,3.676e-05,18.69784205,-7.22662138,42.45,1108991.47310109
2023-08-28,11,BTC-231027-21000-C,BTCUSDT,C,231027-21000,0.0,0.0,0.0,0.0,0.0,0.0,5360.0,5520.0,1.5,1.5,,0.57147026,5437.0,0.53686142,0.86249722,3.89e-05,23.14666197,-10.38430145,0.0,0.0
2023-08-28,14,BTC-231027-21000-C,BTCUSDT,C,231027-21000,0.0,0.0,0.0,0.0,0.0,0.0,5470.0,5625.0,1.5,1.5,,0.56716919,5544.0,0.53256035,0.86948482,3.768e-05,22.4258323,-10.00120593,0.0,0.0
2023-08-28,16,BTC-231027-21000-P,BTCUSDT,P,231027-21000,265.0,280.0,245.0,245.0,5.54,5.54,245.0,280.0,39.57,32.36,,0.47343791,262.0,0.46422899,-0.1034199,3.666e-05,19.0067749,-7.39915653,42.45,1110056.24375254
2023-08-28,8,BTC-231027-21000-P,BTCUSDT,P,231027-21000,265.0,275.0,265.0,275.0,1.2,1.2,265.0,280.0,3.0,20.0,,0.46223462,272.0,0.45840085,-0.10823944,3.852e-05,19.56285236,-7.47821515,40.11,1041589.70748462
2023-08-28,0,BTC-231027-21000-P,BTCUSDT,P,231027-21000,265.0,265.0,265.0,265.0,0.2,0.2,240.0,250.0,8.0,15.0,,0.44973433,244.0,0.44706166,-0.10093636,3.733e-05,18.70657094,-6.93471536,39.11,1018051.84071852
2023-08-28,22,BTC-231027-21000-C,BTCUSDT,C,231027-21000,0.0,0.0,0.0,0.0,0.0,0.0,5425.0,5825.0,1.5,1.5,,0.67213058,5613.0,0.59099674,0.84737107,3.797e-05,24.79354133,-12.33928362,0.0,0.0
2023-08-28,16,BTC-231027-21000-C,BTCUSDT,C,231027-21000,0.0,0.0,0.0,0.0,0.0,0.0,5500.0,5900.0,1.5,1.5,,0.67234516,5688.0,0.59057236,0.85033153,3.73e-05,24.60445055,-12.18507802,0.0,0.0
2023-08-28,6,BTC-231027-21000-P,BTCUSDT,P,231027-21000,265.0,275.0,265.0,275.0,1.2,1.2,255.0,275.0,23.0,19.0,,0.45816779,264.0,0.45300931,-0.10690857,3.864e-05,19.38637177,-7.31342553,40.11,1040923.95641532
2023-08-29,4,BTC-231027-21000-P,BTCUSDT,P,231027-21000,275.0,280.0,245.0,245.0,5.34,5.34,240.0,265.0,10.57,22.45,,0.46272457,252.0,0.45605272,-0.10247263,3.735e-05,18.7365862,-7.22610523,42.45,1106202.98728008
2023-08-29,12,BTC-231027-21000-C,BTCUSDT,C,231027-21000,0.0,0.0,0.0,0.0,0.0,0.0,5370.0,5530.0,1.5,1.5,,0.56583405,5447.0,0.52991867,0.86831676,3.853e-05,22.30900104,-10.05410674,0.0,0.0
2023-08-29,10,BTC-231027-21000-C,BTCUSDT,C,231027-21000,0.0,0.0,0.0,0.0,0.0,0.0,5300.0,5465.0,1.5,1.5,,0.5600214,5379.0,0.52289963,0.86839595,3.91e-05,22.26332552,-9.8866092,0.0,0.0
2023-08-29,7,BTC-231027-21000-C,BTCUSDT,C,231027-21000,0.0,0.0,0.0,0.0,0.0,0.0,5090.0,5630.0,4.17,5.17,,0.61817646,5310.0,0.48066854,0.88550101,3.85e-05,20.23169434,-8.24130268,0.0,0.0
2023-08-29,3,BTC-231027-21000-P,BTCUSDT,P,231027-21000,275.0,280.0,245.0,245.0,5.34,5.34,240.0,265.0,10.57,22.45,,0.46394408,252.0,0.45726389,-0.10211922,3.711e-05,18.71416771,-7.23153075,42.45,1107481.54396144
2023-08-29,1,BTC-231027-21000-P,BTCUSDT,P,231027-21000,275.0,280.0,245.0,245.0,5.34,5.34,260.0,265.0,1.5,20.0,,0.46491444,262.0,0.46359867,-0.10404214,3.704e-05,19.00001162,-7.43323069,42.45,1108231.40688475
2023-08-29,19,BTC-231027-21000-C,BTCUSDT,C,231027-21000,0.0,0.0,0.0,0.0,0.0,0.0,6040.0,7525.0,1.5,5.11,,0.75625896,6948.0,0.45312948,0.94991221,2.045e-05,11.50912604,-4.45737034,0.0,0.0
2023-08-29,15,BTC-231027-21000-C,BTCUSDT,C,231027-21000,0.0,0.0,0.0,0.0,0.0,0.0,6315.0,6980.0,1.5,2.39,,0.67627907,6514.0,0.41313953,0.95490541,2.09e-05,10.43944087,-3.6758053,0.0,0.0
2023-08-29,5,BTC-231027-21000-C,BTCUSDT,C,231027-21000,0.0,0.0,0.0,0.0,0.0,0.0,5405.0,5795.0,1.5,1.5,,0.66156864,5588.0,0.58091402,0.85117301,3.807e-05,24.32390381,-11.95776642,0.0,0.0
2023-08-29,7,BTC-231027-21000-P,BTCUSDT,P,231027-21000,275.0,280.0,245.0,245.0,4.34,4.34,235.0,265.0,40.57,22.44,,0.46030581,249.0,0.45228392,-0.10263688,3.782e-05,18.70073134,-7.16782915,42.45,1104037.93465381
2023-08-29,4,BTC-231027-21000-C,BTCUSDT,C,231027-21000,0.0,0.0,0.0,0.0,0.0,0.0,5395.0,5785.0,1.5,1.5,,0.65987587,5578.0,0.5791378,0.85140072,3.815e-05,24.30073034,-11.90145353,0.0,0.0
2023-08-29,21,BTC-231027-21000-P,BTCUSDT,P,231027-21000,245.0,245.0,190.0,205.0,8.78,8.78,135.0,155.0,15.0,18.39,,0.47873676,144.0,0.47113895,-0.05989669,2.282e-05,13.16364797,-5.30833619,33.67,930814.92975047
2023-08-29,18,BTC-231027-21000-C,BTCUSDT,C,231027-21000,0.0,0.0,0.0,0.0,0.0,0.0,1400.0,7620.0,3.8,3.59,,0.74690819,7072.0,0.44845409,0.95408616,1.918e-05,10.79105615,-4.13320343,0.0,0.0
2023-08-29,18,BTC-231027-21000-P,BTCUSDT,P,231027-21000,245.0,245.0,190.0,205.0,8.78,8.78,135.0,170.0,16.25,18.53,,0.50332248,151.0,0.49012899,-0.05956083,2.157e-05,13.26753764,-5.55399595,33.67,941857.22807651
2023-08-29,11,BTC-231027-21000-P,BTCUSDT,P,231027-21000,275.0,280.0,245.0,245.0,4.34,4.34,250.0,275.0,25.57,19.62,,0.46453774,262.0,0.45798659,-0.10589592,3.83e-05,19.0810491,-7.42679571,42.45,1102724.3310661
2023-08-29,17,BTC-231027-21000-P,BTCUSDT,P,231027-21000,245.0,245.0,190.0,205.0,8.78,8.78,140.0,170.0,4.4,17.28,,0.49947202,154.0,0.48831254,-0.06076948,2.205e-05,13.44391538,-5.60298538,33.67,939393.21786477
2023-08-29,19,BTC-231027-21000-P,BTCUSDT,P,231027-21000,245.0,245.0,190.0,205.0,8.78,8.78,135.0,165.0,15.0,2.4,,0.49371302,149.0,0.48239648,-0.05989894,2.213e-05,13.25708602,-5.46595762,33.67,937874.94645779
2023-08-29,9,BTC-231027-21000-C,BTCUSDT,C,231027-21000,0.0,0.0,0.0,0.0,0.0,0.0,5305.0,5540.0,1.5,1.5,,0.58746815,5416.0,0.53574562,0.86399989,3.9e-05,22.78813793,-10.36094147,0.0,0.0
2023-08-29,20,BTC-231027-21000-P,BTCUSDT,P,231027-21000,245.0,245.0,190.0,205.0,8.78,8.78,135.0,165.0,17.33,2.4,,0.48186004,149.0,0.47070324,-0.06176576,2.346e-05,13.44722618,-5.41381474,33.67,928997.22905302
2023-08-29,13,BTC-231027-21000-C,BTCUSDT,C,231027-21000,0.0,0.0,0.0,0.0,0.0,0.0,5400.0,5540.0,1.5,1.5,,0.56703091,5467.0,0.53590298,0.86656059,3.845e-05,22.51329145,-10.26803194,0.0,0.0
2023-08-29,6,BTC-231027-21000-C,BTCUSDT,C,231027-21000,0.0,0.0,0.0,0.0,0.0,0.0,5315.0,5555.0,1.5,1.5,,0.58739185,5429.0,0.53440571,0.86490593,3.886e-05,22.72214218,-10.28328026,0.0,0.0
2023-08-29,15,BTC-231027-21000-P,BTCUSDT,P,231027-21000,245.0,245.0,190.0,205.0,9.78,9.78,160.0,195.0,16.25,22.74,,0.49423039,177.0,0.48235178,-0.0698339,2.527e-05,14.73578871,-6.0578118,33.67,922348.09160014
2023-08-29,2,BTC-231027-21000-C,BTCUSDT,C,231027-21000,0.0,0.0,0.0,0.0,0.0,0.0,5425.0,5815.0,1.5,1.5,,0.6566143,5607.0,0.57496071,0.85434489,3.782e-05,24.03535963,-11.67013487,0.0,0.0
2023-08-29,2,BTC-231027-21000-P,BTCUSDT,P,231027-21000,275.0,280.0,245.0,245.0,5.34,5.34,245.0,265.0,20.0,22.78,,0.46488225,254.0,0.45955539,-0.10241081,3.696e-05,18.77405544,-7.28589723,42.45,1107754.60008771
2023-08-29,20,BTC-231027-21000-C,BTCUSDT,C,231027-21000,0.0,0.0,0.0,0.0,0.0,0.0,5770.0,7220.0,1.5,3.35,,0.72366714,6682.0,0.43683357,0.95006155,2.137e-05,11.37026209,-4.24824909,0.0,0.0
2023-08-29,10,BTC-231027-21000-P,BTCUSDT,P,231027-21000,275.0,280.0,245.0,245.0,4.34,4.34,250.0,275.0,10.57,29.31,,0.46470106,262.0,0.45814931,-0.10580993,3.825e-05,19.08090077,-7.42411879,42.45,1102774.87455509
2023-08-29,0,BTC-231027-21000-C,BTCUSDT,C,231027-21000,0.0,0.0,0.0,0.0,0.0,0.0,5495.0,5890.0,1.5,1.5,,0.67272186,5681.0,0.59178114,0.85020474,3.736e-05,24.54270461,-12.24784837,0.0,0.0
2023-08-29,12,BTC-231027-21000-P,BTCUSDT,P,231027-21000,280.0,280.0,245.0,245.0,1.34,1.34,250.0,275.0,10.57,22.46,,0.46842813,262.0,0.46184748,-0.10492345,3.765e-05,18.99614404,-7.46136324,42.45,1105244.80681314
2023-08-29,8,BTC-231027-21000-C,BTCUSDT,C,231027-21000,0.0,0.0,0.0,0.0,0.0,0.0,5270.0,5655.0,1.5,1.5,,0.64332008,5450.0,0.56247234,0.85327717,3.915e-05,23.967775,-11.43282651,0.0,0.0
2023-08-29,23,BTC-231027-21000-C,BTCUSDT,C,231027-21000,0.0,0.0,0.0,0.0,0.0,0.0,5860.0,7325.0,1.5,3.69,,0.71612358,6815.0,0.43306179,0.95449492,1.993e-05,10.59850447,-3.93411978,0.0,0.0
2023-08-29,1,BTC-231027-21000-C,BTCUSDT,C,231027-21000,0.0,0.0,0.0,0.0,0.0,0.0,5435.0,5830.0,1.5,1.5,,0.66090584,5620.0,0.57868004,0.85320087,3.776e-05,24.17378125,-11.80496366,0.0,0.0
2023-08-29,17,BTC-231027-21000-C,BTCUSDT,C,231027-21000,0.0,0.0,0.0,0.0,0.0,0.0,6005.0,7655.0,1.5,5.99,,0.78850746,7020.0,0.46925373,0.94558147,2.104e-05,12.32588455,-4.93652874,0.0,0.0
2023-08-29,13,BTC-231027-21000-P,BTCUSDT,P,231027-21000,245.0,245.0,245.0,245.0,1.0,1.0,250.0,275.0,10.57,20.0,,0.46909094,262.0,0.46250433,-0.10479487,3.756e-05,18.97906289,-7.47055062,42.45,1105972.18989576
2023-08-29,22,BTC-231027-21000-P,BTCUSDT,P,231027-21000,245.0,245.0,190.0,205.0,8.78,8.78,135.0,155.0,15.0,18.54,,0.47804177,144.0,0.47044992,-0.06003089,2.292e-05,13.17306607,-5.30815136,33.67,930611.67386349
2023-08-29,3,BTC-231027-21000-C,BTCUSDT,C,231027-21000,0.0,0.0,0.0,0.0,0.0,0.0,5410.0,5800.0,1.5,1.5,,0.65746784,5592.0,0.57613373,0.85326705,3.797e-05,24.1276087,-11.74709275,0.0,0.0
2023-08-29,21,BTC-231027-21000-C,BTCUSDT,C,231027-21000,0.0,0.0,0.0,0.0,0.0,0.0,5800.0,7320.0,1.5,3.93,,0.73494911,6769.0,0.44247456,0.94997182,2.107e-05,11.41749906,-4.32406718,0.0,0.0
2023-08-29,5,BTC-231027-21000-P,BTCUSDT,P,231027-21000,275.0,280.0,245.0,245.0,5.34,5.34,230.0,265.0,40.57,23.99,,0.46329319,247.0,0.45386553,-0.10120009,3.719e-05,18.56562727,-7.13085747,42.45,1106578.87503305
2023-08-29,9,BTC-231027-21000-P,BTCUSDT,P,231027-21000,275.0,280.0,245.0,245.0,4.34,4.34,245.0,275.0,25.57,29.31,,0.46505749,259.0,0.45716286,-0.10510275,3.812e-05,19.00211936,-7.37232939,42.45,1103229.92456059
2023-08-29,14,BTC-231027-21000-P,BTCUSDT,P,231027-21000,245.0,245.0,190.0,205.0,9.78,9.78,190.0,225.0,15.0,21.66,,0.51611245,207.0,0.50503314,-0.07620708,2.573e-05,15.79814041,-6.79510247,33.67,924325.98950002
2023-08-29,23,BTC-231027-21000-P,BTCUSDT,P,231027-21000,245.0,245.0,190.0,205.0,8.78,8.78,125.0,155.0,15.0,19.94,,0.48182726,139.0,0.47017068,-0.0580972,2.229e-05,12.87102433,-5.18706602,33.67,933533.22372477
2023-08-29,11,BTC-231027-21000-C,BTCUSDT,C,231027-21000,0.0,0.0,0.0,0.0,0.0,0.0,5310.0,5455.0,1.5,1.5,,0.55811405,5380.0,0.52568913,0.86720436,3.916e-05,22.38912761,-10.0025937,0.0,0.0
2023-08-29,14,BTC-231027-21000-C,BTCUSDT,C,231027-21000,0.0,0.0,0.0,0.0,0.0,0.0,1380.0,7150.0,4.07,2.4,,0.72288513,6603.0,0.43644257,0.94805587,2.209e-05,11.72175044,-4.35702186,0.0,0.0
2023-08-29,16,BTC-231027-21000-P,BTCUSDT,P,231027-21000,245.0,245.0,190.0,205.0,8.78,8.78,135.0,165.0,18.76,2.4,,0.50043285,149.0,0.48902988,-0.05881251,2.137e-05,13.15695392,-5.48754148,33.67,941324.95500003
2023-08-29,8,BTC-231027-21000-P,BTCUSDT,P,231027-21000,275.0,280.0,245.0,245.0,4.34,4.34,245.0,275.0,20.57,35.61,,0.46296895,259.0,0.45509338,-0.10560751,3.846e-05,19.04954475,-7.35207357,42.45,1102386.14917585
2023-08-29,0,BTC-231027-21000-P,BTCUSDT,P,231027-21000,275.0,280.0,245.0,245.0,5.34,5.34,230.0,265.0,40.57,34.62,,0.46657979,247.0,0.45712531,-0.10016566,3.648e-05,18.51245265,-7.13633923,42.45,1109673.84855509
2023-08-29,22,BTC-231027-21000-C,BTCUSDT,C,231027-21000,0.0,0.0,0.0,0.0,0.0,0.0,5740.0,7225.0,1.5,3.82,,0.70250511,6733.0,0.42625256,0.95516189,2.006e-05,10.44730962,-3.81429683,0.0,0.0
2023-08-29,16,BTC-231027-21000-C,BTCUSDT,C,231027-21000,0.0,0.0,0.0,0.0,0.0,0.0,6925.0,7655.0,3.57,5.26,,0.75246811,7098.0,0.45123405,0.95353203,1.921e-05,10.9123785,-4.19960411,0.0,0.0
2023-08-29,6,BTC-231027-21000-P,BTCUSDT,P,231027-21000,275.0,280.0,245.0,245.0,4.34,4.34,265.0,270.0,1.5,35.0,,0.46288133,267.0,0.46158105,-0.10656706,3.807e-05,19.22537411,-7.51508821,42.45,1103957.5642089
2023-08-30,4,BTC-231027-21000-P,BTCUSDT,P,231027-21000,245.0,245.0,190.0,205.0,8.78,8.78,135.0,155.0,17.2,23.1,,0.46985447,144.0,0.46233326,-0.06148417,2.398e-05,13.29679713,-5.28821537,33.67,923975.54265047
2023-08-30,12,BTC-231027-21000-C,BTCUSDT,C,231027-21000,0.0,0.0,0.0,0.0,0.0,0.0,6255.0,6985.0,4.86,4.0,,0.70924282,6461.0,0.42962141,0.94863703,2.253e-05,11.46883338,-4.26294626,0.0,0.0
2023-08-30,10,BTC-231027-21000-C,BTCUSDT,C,231027-21000,0.0,0.0,0.0,0.0,0.0,0.0,6365.0,7045.0,4.28,5.37,,0.70437431,6537.0,0.42718716,0.95120183,2.167e-05,11.05077125,-4.0783988,0.0,0.0
2023-08-30,7,BTC-231027-21000-C,BTCUSDT,C,231027-21000,0.0,0.0,0.0,0.0,0.0,0.0,6370.0,7045.0,3.46,4.35,,0.70291519,6538.0,0.4264576,0.9513387,2.164e-05,11.03867277,-4.05821113,0.0,0.0
2023-08-30,3,BTC-231027-21000-P,BTCUSDT,P,231027-21000,245.0,245.0,190.0,205.0,8.78,8.78,130.0,155.0,15.0,20.77,,0.46756089,142.0,0.45810282,-0.06112272,2.412e-05,13.21847866,-5.2052331,33.67,923367.60505302
2023-08-30,1,BTC-231027-21000-P,BTCUSDT,P,231027-21000,245.0,245.0,190.0,205.0,8.78,8.78,125.0,150.0,16.25,3.69,,0.47081172,137.0,0.46110153,-0.0586192,2.305e-05,12.87465783,-5.09572813,33.67,927955.04748477
2023-08-30,19,BTC-231027-21000-C,BTCUSDT,C,231027-21000,0.0,0.0,0.0,0.0,0.0,0.0,5465.0,6825.0,1.5,5.05,,0.7057476,6295.0,0.4278738,0.94568977,2.386e-05,11.88260585,-4.42109106,0.0,0.0
2023-08-30,15,BTC-231027-21000-C,BTCUSDT,C,231027-21000,0.0,0.0,0.0,0.0,0.0,0.0,6170.0,6820.0,4.84,4.28,,0.6953907,6310.0,0.42269535,0.94785928,2.333e-05,11.5301726,-4.22579425,0.0,0.0
2023-08-30,5,BTC-231027-21000-C,BTCUSDT,C,231027-21000,0.0,0.0,0.0,0.0,0.0,0.0,5615.0,7045.0,1.5,4.35,,0.69099426,6562.0,0.42049713,0.95398777,2.094e-05,10.57409184,-3.82758198,0.0,0.0
2023-08-30,7,BTC-231027-21000-P,BTCUSDT,P,231027-21000,245.0,245.0,155.0,155.0,8.79,8.79,135.0,150.0,3.25,3.69,,0.46649516,142.0,0.46080232,-0.06086149,2.39e-05,13.17523885,-5.23377532,33.68,924119.03123505
2023-08-30,4,BTC-231027-21000-C,BTCUSDT,C,231027-21000,0.0,0.0,0.0,0.0,0.0,0.0,5615.0,7045.0,1.5,4.35,,0.70065022,6541.0,0.42532511,0.95166658,2.155e-05,10.9926611,-4.02189577,0.0,0.0
2023-08-30,21,BTC-231027-21000-P,BTCUSDT,P,231027-21000,155.0,155.0,155.0,155.0,0.01,0.01,155.0,160.0,0.1,2.41,,0.4677695,157.0,0.46597302,-0.06626111,2.554e-05,13.91486492,-5.64640086,33.68,918140.72390329
2023-08-30,18,BTC-231027-21000-C,BTCUSDT,C,231027-21000,0.0,0.0,0.0,0.0,0.0,0.0,1360.0,6825.0,2.59,5.05,,0.67081451,6367.0,0.41040726,0.9541727,2.164e-05,10.4178489,-3.71518604,0.0,0.0
2023-08-30,18,BTC-231027-21000-P,BTCUSDT,P,231027-21000,155.0,155.0,155.0,155.0,0.01,0.01,135.0,165.0,17.0,20.26,,0.47165334,149.0,0.46060085,-0.06403384,2.512e-05,13.57416942,-5.43282209,33.68,918575.68074709
2023-08-30,11,BTC-231027-21000-P,BTCUSDT,P,231027-21000,245.0,245.0,155.0,155.0,8.79,8.79,135.0,155.0,17.0,18.32,,0.46625555,144.0,0.45876086,-0.06225709,2.456e-05,13.34363655,-5.29239503,33.68,920646.48629452
2023-08-30,17,BTC-231027-21000-P,BTCUSDT,P,231027-21000,155.0,155.0,155.0,155.0,0.01,0.01,135.0,165.0,22.57,20.26,,0.46639621,149.0,0.45541823,-0.06488682,2.576e-05,13.66608678,-5.4041538,33.68,915042.20461533
2023-08-30,19,BTC-231027-21000-P,BTCUSDT,P,231027-21000,155.0,155.0,155.0,155.0,0.01,0.01,135.0,165.0,17.0,20.26,,0.46721399,149.0,0.4562211,-0.06480581,2.57e-05,13.64795344,-5.41433315,33.68,916170.3587781
2023-08-30,9,BTC-231027-21000-C,BTCUSDT,C,231027-21000,0.0,0.0,0.0,0.0,0.0,0.0,6365.0,7045.0,4.28,5.37,,0.70726395,6530.0,0.42863197,0.95044751,2.187e-05,11.18744025,-4.13982184,0.0,0.0
2023-08-30,20,BTC-231027-21000-P,BTCUSDT,P,231027-21000,155.0,155.0,155.0,155.0,0.01,0.01,135.0,165.0,17.0,22.59,,0.47053158,149.0,0.45949131,-0.06427726,2.53e-05,13.58916727,-5.43359221,33.68,917824.379877
2023-08-30,13,BTC-231027-21000-C,BTCUSDT,C,231027-21000,0.0,0.0,0.0,0.0,0.0,0.0,6310.0,6980.0,5.65,4.66,,0.70027351,6475.0,0.42513676,0.95073906,2.202e-05,11.09730673,-4.08473771,0.0,0.0
2023-08-30,6,BTC-231027-21000-C,BTCUSDT,C,231027-21000,0.0,0.0,0.0,0.0,0.0,0.0,6370.0,7045.0,3.46,4.35,,0.72176933,6498.0,0.43588467,0.94673252,2.279e-05,11.84361792,-4.44719347,0.0,0.0
2023-08-30,15,BTC-231027-21000-P,BTCUSDT,P,231027-21000,155.0,155.0,155.0,155.0,0.01,0.01,135.0,165.0,25.2,17.41,,0.46753347,149.0,0.45654237,-0.06463783,2.557e-05,13.65059118,-5.40353067,33.68,916297.82462409
2023-08-30,2,BTC-231027-21000-C,BTCUSDT,C,231027-21000,0.0,0.0,0.0,0.0,0.0,0.0,5590.0,7050.0,1.5,5.3,,0.71444511,6517.0,0.43222256,0.94835791,2.237e-05,11.58247616,-4.30024893,0.0,0.0
2023-08-30,2,BTC-231027-21000-P,BTCUSDT,P,231027-21000,245.0,245.0,190.0,205.0,8.78,8.78,125.0,155.0,16.25,21.18,,0.46791196,139.0,0.45645297,-0.06032223,2.394e-05,13.09287615,-5.13352695,33.67,922668.66734826
2023-08-30,20,BTC-231027-21000-C,BTCUSDT,C,231027-21000,0.0,0.0,0.0,0.0,0.0,0.0,5440.0,6825.0,1.5,5.05,,0.68259716,6344.0,0.41629858,0.95149138,2.237e-05,10.88360841,-3.94270905,0.0,0.0
2023-08-30,10,BTC-231027-21000-P,BTCUSDT,P,231027-21000,245.0,245.0,155.0,155.0,8.79,8.79,135.0,155.0,18.25,22.01,,0.47058165,144.0,0.46304643,-0.06153027,2.402e-05,13.27297013,-5.30971942,33.68,924057.01833921
2023-08-30,0,BTC-231027-21000-C,BTCUSDT,C,231027-21000,0.0,0.0,0.0,0.0,0.0,0.0,5795.0,7420.0,1.5,4.62,,0.78672886,6768.0,0.46836443,0.94046999,2.29e-05,13.07056205,-5.2509951,0.0,0.0
2023-08-30,12,BTC-231027-21000-P,BTCUSDT,P,231027-21000,245.0,245.0,155.0,155.0,8.79,8.79,135.0,155.0,17.0,2.41,,0.46707571,144.0,0.45957208,-0.06215103,2.448e-05,13.32784383,-5.29929659,33.68,921464.34032519
2023-08-30,8,BTC-231027-21000-C,BTCUSDT,C,231027-21000,0.0,0.0,0.0,0.0,0.0,0.0,5665.0,7045.0,1.5,4.35,,0.69033623,6565.0,0.42016811,0.95433876,2.085e-05,10.49935492,-3.80574545,0.0,0.0
2023-08-30,23,BTC-231027-21000-C,BTCUSDT,C,231027-21000,0.0,0.0,0.0,0.0,0.0,0.0,5495.0,6915.0,1.5,3.44,,0.70258141,6404.0,0.4262907,0.94920687,2.264e-05,11.29961135,-4.20080083,0.0,0.0
2023-08-30,1,BTC-231027-21000-C,BTCUSDT,C,231027-21000,0.0,0.0,0.0,0.0,0.0,0.0,5720.0,7180.0,1.5,2.43,,0.71625233,6656.0,0.43312616,0.95115043,2.124e-05,11.14313336,-4.14281686,0.0,0.0
2023-08-30,17,BTC-231027-21000-C,BTCUSDT,C,231027-21000,0.0,0.0,0.0,0.0,0.0,0.0,1360.0,6800.0,2.59,4.61,,0.69849491,6282.0,0.42424746,0.9466789,2.371e-05,11.71509673,-4.31557075,0.0,0.0
2023-08-30,13,BTC-231027-21000-P,BTCUSDT,P,231027-21000,245.0,245.0,155.0,155.0,8.79,8.79,135.0,155.0,17.0,2.41,,0.46818674,144.0,0.46067148,-0.06199785,2.436e-05,13.30715229,-5.30755357,33.68,921970.56923067
2023-08-30,22,BTC-231027-21000-P,BTCUSDT,P,231027-21000,155.0,155.0,155.0,155.0,0.11,0.11,135.0,155.0,20.38,18.26,,0.46342671,144.0,0.45594633,-0.06302566,2.514e-05,13.36986848,-5.31236705,33.78,920396.53650333
2023-08-30,3,BTC-231027-21000-C,BTCUSDT,C,231027-21000,0.0,0.0,0.0,0.0,0.0,0.0,5585.0,6940.0,1.5,4.97,,0.67257881,6483.0,0.41128941,0.95558172,2.085e-05,10.25851495,-3.62683468,0.0,0.0
2023-08-30,21,BTC-231027-21000-C,BTCUSDT,C,231027-21000,0.0,0.0,0.0,0.0,0.0,0.0,5470.0,6915.0,1.5,3.44,,0.71567535,6375.0,0.43283768,0.9458344,2.348e-05,11.88304121,-4.4790365,0.0,0.0
2023-08-30,5,BTC-231027-21000-P,BTCUSDT,P,231027-21000,245.0,245.0,190.0,205.0,8.78,8.78,130.0,150.0,15.0,2.44,,0.46761811,139.0,0.45994937,-0.05993,2.361e-05,13.04142237,-5.16360935,33.67,924891.21612604
2023-08-30,9,BTC-231027-21000-P,BTCUSDT,P,231027-21000,245.0,245.0,155.0,155.0,8.79,8.79,135.0,155.0,18.25,22.01,,0.47000229,144.0,0.46247423,-0.06159609,2.407e-05,13.28459779,-5.30398521,33.68,923496.73216714
2023-08-30,14,BTC-231027-21000-P,BTCUSDT,P,231027-21000,155.0,155.0,155.0,155.0,0.01,0.01,135.0,165.0,25.79,17.41,,0.46320856,149.0,0.45227945,-0.0653442,2.611e-05,13.72749675,-5.37934736,33.68,914127.91105072
2023-08-30,23,BTC-231027-21000-P,BTCUSDT,P,231027-21000,155.0,155.0,155.0,155.0,0.11,0.11,135.0,155.0,2.0,22.97,,0.46634495,144.0,0.45883596,-0.06257326,2.48e-05,13.31843645,-5.32933983,33.78,921817.64996707
2023-08-30,11,BTC-231027-21000-C,BTCUSDT,C,231027-21000,0.0,0.0,0.0,0.0,0.0,0.0,6365.0,7045.0,4.28,5.37,,0.73803425,6599.0,0.53271532,0.91153103,2.766e-05,17.44861679,-8.03614723,0.0,0.0
2023-08-30,14,BTC-231027-21000-C,BTCUSDT,C,231027-21000,0.0,0.0,0.0,0.0,0.0,0.0,6020.0,6720.0,2.22,4.93,,0.68445206,6222.0,0.41722603,0.94779607,2.373e-05,11.50879268,-4.16037565,0.0,0.0
2023-08-30,16,BTC-231027-21000-P,BTCUSDT,P,231027-21000,155.0,155.0,155.0,155.0,0.01,0.01,145.0,165.0,17.82,20.26,,0.46535611,154.0,0.45816869,-0.06643906,2.609e-05,13.91462746,-5.53166619,33.68,914797.221477
2023-08-30,8,BTC-231027-21000-P,BTCUSDT,P,231027-21000,245.0,245.0,155.0,155.0,8.79,8.79,135.0,150.0,2.0,3.69,,0.46829879,142.0,0.46259195,-0.06060136,2.371e-05,13.14328732,-5.24512809,33.68,925339.80539781
2023-08-30,0,BTC-231027-21000-P,BTCUSDT,P,231027-21000,245.0,245.0,190.0,205.0,8.78,8.78,125.0,145.0,22.12,21.07,,0.4702431,134.0,0.46237528,-0.05745387,2.256e-05,12.71125936,-5.04134752,33.67,930663.86236349
2023-08-30,22,BTC-231027-21000-C,BTCUSDT,C,231027-21000,0.0,0.0,0.0,0.0,0.0,0.0,5470.0,6915.0,1.5,3.44,,0.72262764,6361.0,0.43631382,0.9441659,2.389e-05,12.15832126,-4.62295645,0.0,0.0
2023-08-30,16,BTC-231027-21000-C,BTCUSDT,C,231027-21000,0.0,0.0,0.0,0.0,0.0,0.0,5330.0,6820.0,1.5,4.28,,0.71267128,6274.0,0.43133564,0.94355616,2.44e-05,12.25037128,-4.58483356,0.0,0.0
2023-08-30,6,BTC-231027-21000-P,BTCUSDT,P,231027-21000,245.0,245.0,190.0,205.0,8.78,8.78,130.0,155.0,16.25,22.02,,0.46746552,142.0,0.45800447,-0.06121853,2.42e-05,13.21428086,-5.2136671,33.67,922197.43869996
2023-08-31,4,BTC-231027-21000-P,BTCUSDT,P,231027-21000,155.0,155.0,155.0,155.0,0.11,0.11,135.0,150.0,3.25,3.71,,0.46132326,142.0,0.45565039,-0.06226923,2.496e-05,13.22125318,-5.27288222,33.78,920606.59242206
2023-08-31,12,BTC-231027-21000-C,BTCUSDT,C,231027-21000,0.0,0.0,0.0,0.0,0.0,0.0,5355.0,0.0,1.5,0.0,,-1e-08,6349.0,0.4625,0.93428171,2.577e-05,13.71845763,-5.58601793,0.0,0.0
2023-08-31,10,BTC-231027-21000-C,BTCUSDT,C,231027-21000,0.0,0.0,0.0,0.0,0.0,0.0,6180.0,6835.0,5.75,5.46,,0.7068634,6312.0,0.4284317,0.94680636,2.355e-05,11.63334507,-4.38162005,0.0,0.0
2023-08-31,7,BTC-231027-21000-C,BTCUSDT,C,231027-21000,0.0,0.0,0.0,0.0,0.0,0.0,6180.0,6835.0,5.75,5.46,,0.68514347,6355.0,0.41757174,0.95190402,2.223e-05,10.77107054,-3.94534535,0.0,0.0
2023-08-31,3,BTC-231027-21000-P,BTCUSDT,P,231027-21000,155.0,155.0,155.0,155.0,0.11,0.11,135.0,150.0,18.25,3.71,,0.45941889,142.0,0.45376062,-0.06255506,2.518e-05,13.25557744,-5.26080863,33.78,919279.65091663
2023-08-31,1,BTC-231027-21000-P,BTCUSDT,P,231027-21000,155.0,155.0,155.0,155.0,0.11,0.11,135.0,150.0,21.17,2.33,,0.45781434,142.0,0.45216948,-0.06276527,2.534e-05,13.28691401,-5.24710547,33.78,918465.25594956
2023-08-31,19,BTC-231027-21000-C,BTCUSDT,C,231027-21000,0.0,0.0,0.0,0.0,0.0,0.0,4495.0,6295.0,1.5,1.5,,0.82671642,5451.0,0.48835821,0.89280492,3.671e-05,19.00445697,-8.21325727,0.0,0.0
2023-08-31,15,BTC-231027-21000-C,BTCUSDT,C,231027-21000,0.0,0.0,0.0,0.0,0.0,0.0,5160.0,6605.0,1.5,3.22,,0.71191788,6049.0,0.43095894,0.93915527,2.634e-05,12.77497945,-4.8577857,0.0,0.0
2023-08-31,5,BTC-231027-21000-C,BTCUSDT,C,231027-21000,0.0,0.0,0.0,0.0,0.0,0.0,5465.0,6835.0,1.5,5.46,,0.68817139,6348.0,0.41908569,0.95103424,2.246e-05,10.93065725,-4.01245064,0.0,0.0
2023-08-31,7,BTC-231027-21000-P,BTCUSDT,P,231027-21000,155.0,155.0,155.0,155.0,0.1,0.1,135.0,150.0,2.0,7.46,,0.46218038,142.0,0.45649856,-0.06221167,2.492e-05,13.20084159,-5.28610877,33.78,920770.06534956
2023-08-31,4,BTC-231027-21000-C,BTCUSDT,C,231027-21000,0.0,0.0,0.0,0.0,0.0,0.0,5430.0,6835.0,1.5,5.46,,0.68710327,6350.0,0.41855164,0.95122185,2.241e-05,10.902051,-3.99393467,0.0,0.0
2023-08-31,21,BTC-231027-21000-P,BTCUSDT,P,231027-21000,155.0,245.0,135.0,245.0,5.03,5.03,220.0,235.0,1.5,15.0,,0.45515001,227.0,0.45088321,-0.09714784,3.725e-05,17.57724742,-7.02388547,38.31,996297.6166483
2023-08-31,18,BTC-231027-21000-C,BTCUSDT,C,231027-21000,0.0,0.0,0.0,0.0,0.0,0.0,4610.0,5800.0,1.5,5.68,,0.60087204,5390.0,0.37543602,0.94468171,2.876e-05,11.56491622,-3.83954479,0.0,0.0
2023-08-31,18,BTC-231027-21000-P,BTCUSDT,P,231027-21000,155.0,165.0,135.0,165.0,4.63,4.63,160.0,185.0,20.57,15.0,,0.43968499,172.0,0.43151796,-0.07947088,3.312e-05,15.30829905,-5.84153687,38.31,1007429.44348943
2023-08-31,11,BTC-231027-21000-P,BTCUSDT,P,231027-21000,155.0,155.0,135.0,135.0,2.13,2.13,120.0,140.0,20.57,20.18,,0.45745432,129.0,0.44948757,-0.05832752,2.406e-05,12.55354417,-4.96421778,35.81,978251.61428999
2023-08-31,17,BTC-231027-21000-P,BTCUSDT,P,231027-21000,155.0,165.0,135.0,165.0,4.63,4.63,170.0,190.0,18.98,19.73,,0.44419825,179.0,0.43778151,-0.08122009,3.314e-05,15.58522238,-6.02909058,38.31,1007892.18321887
2023-08-31,19,BTC-231027-21000-P,BTCUSDT,P,231027-21000,155.0,165.0,135.0,165.0,4.63,4.63,215.0,240.0,26.27,17.98,,0.46587765,227.0,0.45870155,-0.09512985,3.582e-05,17.42029465,-7.07142879,38.31,1002342.39380113
2023-08-31,9,BTC-231027-21000-C,BTCUSDT,C,231027-21000,0.0,0.0,0.0,0.0,0.0,0.0,6180.0,6835.0,5.75,5.46,,0.70765495,6310.0,0.42882748,0.94653381,2.362e-05,11.68355944,-4.40137361,0.0,0.0
2023-08-31,20,BTC-231027-21000-P,BTCUSDT,P,231027-21000,155.0,245.0,135.0,245.0,5.03,5.03,230.0,250.0,15.0,19.36,,0.46290696,239.0,0.45734614,-0.1002224,3.757e-05,17.9846074,-7.28430032,38.31,995143.46254604
2023-08-31,13,BTC-231027-21000-C,BTCUSDT,C,231027-21000,0.0,0.0,0.0,0.0,0.0,0.0,5355.0,0.0,1.5,0.0,,-1e-08,6304.0,0.4625,0.93308952,2.619e-05,13.88099312,-5.65635067,0.0,0.0
2023-08-31,6,BTC-231027-21000-C,BTCUSDT,C,231027-21000,0.0,0.0,0.0,0.0,0.0,0.0,6180.0,6835.0,5.75,5.46,,0.68730354,6350.0,0.41865177,0.95131459,2.238e-05,10.87787234,-3.99185356,0.0,0.0
2023-08-31,15,BTC-231027-21000-P,BTCUSDT,P,231027-21000,155.0,155.0,135.0,135.0,2.13,2.13,130.0,150.0,23.07,22.96,,0.44722617,139.0,0.43972015,-0.06421766,2.693e-05,13.32378763,-5.1694736,35.81,964033.99966573
2023-08-31,2,BTC-231027-21000-C,BTCUSDT,C,231027-21000,0.0,0.0,0.0,0.0,0.0,0.0,5430.0,6835.0,1.5,5.46,,0.70845127,6304.0,0.42922564,0.94580956,2.379e-05,11.83569295,-4.44007149,0.0,0.0
2023-08-31,2,BTC-231027-21000-P,BTCUSDT,P,231027-21000,155.0,155.0,155.0,155.0,0.11,0.11,135.0,155.0,18.25,23.68,,0.4617244,144.0,0.45425594,-0.06341993,2.544e-05,13.39090313,-5.31644228,33.78,918608.15648581
2023-08-31,20,BTC-231027-21000-C,BTCUSDT,C,231027-21000,0.0,0.0,0.0,0.0,0.0,0.0,5315.0,5460.0,1.5,1.5,,0.55808544,5384.0,0.52393436,0.87329276,3.877e-05,21.26135559,-9.86528638,0.0,0.0
2023-08-31,10,BTC-231027-21000-P,BTCUSDT,P,231027-21000,155.0,155.0,155.0,155.0,0.1,0.1,145.0,150.0,0.01,7.4,,0.45992017,147.0,0.45806319,-0.06406527,2.549e-05,13.46255559,-5.42127458,33.78,919015.64835174
2023-08-31,0,BTC-231027-21000-C,BTCUSDT,C,231027-21000,0.0,0.0,0.0,0.0,0.0,0.0,5415.0,6835.0,1.5,5.46,,0.69805145,6325.0,0.42402573,0.94825882,2.318e-05,11.42947183,-4.22957595,0.0,0.0
2023-08-31,12,BTC-231027-21000-P,BTCUSDT,P,231027-21000,155.0,155.0,135.0,135.0,2.13,2.13,125.0,150.0,15.0,2.4,,0.45997918,137.0,0.45035362,-0.06125909,2.506e-05,12.98837057,-5.14983878,35.81,973962.11540775
2023-08-31,8,BTC-231027-21000-C,BTCUSDT,C,231027-21000,0.0,0.0,0.0,0.0,0.0,0.0,6180.0,6835.0,5.75,5.46,,0.69514275,6335.0,0.42257137,0.94955369,2.285e-05,11.1742717,-4.1450707,0.0,0.0
2023-08-31,23,BTC-231027-21000-C,BTCUSDT,C,231027-21000,0.0,0.0,0.0,0.0,0.0,0.0,5220.0,5600.0,1.5,1.5,,0.64283371,5396.0,0.55927277,0.85796234,3.944e-05,22.9047045,-11.36980013,0.0,0.0
2023-08-31,1,BTC-231027-21000-C,BTCUSDT,C,231027-21000,0.0,0.0,0.0,0.0,0.0,0.0,5405.0,6835.0,1.5,5.46,,0.70894241,6303.0,0.42947121,0.94561072,2.384e-05,11.87342813,-4.45353229,0.0,0.0
2023-08-31,17,BTC-231027-21000-C,BTCUSDT,C,231027-21000,0.0,0.0,0.0,0.0,0.0,0.0,4680.0,5850.0,1.5,2.17,,0.61132431,5424.0,0.38066216,0.94321461,2.892e-05,11.82358504,-3.97713441,0.0,0.0
2023-08-31,13,BTC-231027-21000-P,BTCUSDT,P,231027-21000,155.0,155.0,135.0,135.0,2.13,2.13,125.0,145.0,20.57,2.4,,0.45413196,134.0,0.44638455,-0.06094869,2.524e-05,12.90919665,-5.07706146,35.81,971902.89327878
2023-08-31,22,BTC-231027-21000-P,BTCUSDT,P,231027-21000,145.0,245.0,135.0,245.0,4.93,4.93,215.0,240.0,7.07,23.81,,0.45982718,227.0,0.45269698,-0.0967074,3.695e-05,17.53294929,-7.03956678,38.31,997897.0997117
2023-08-31,3,BTC-231027-21000-C,BTCUSDT,C,231027-21000,0.0,0.0,0.0,0.0,0.0,0.0,5430.0,6835.0,1.5,5.46,,0.70003986,6323.0,0.42501993,0.94798521,2.325e-05,11.46349671,-4.26141132,0.0,0.0
2023-08-31,21,BTC-231027-21000-C,BTCUSDT,C,231027-21000,0.0,0.0,0.0,0.0,0.0,0.0,5300.0,5680.0,1.5,1.5,,0.64698696,5476.0,0.5630374,0.85973454,3.869e-05,22.79903244,-11.3766959,0.0,0.0
2023-08-31,5,BTC-231027-21000-P,BTCUSDT,P,231027-21000,155.0,155.0,155.0,155.0,0.11,0.11,135.0,150.0,2.0,3.71,,0.46138585,142.0,0.45571148,-0.06228676,2.498e-05,13.2182462,-5.27623828,33.78,920538.40136707
2023-08-31,9,BTC-231027-21000-P,BTCUSDT,P,231027-21000,155.0,155.0,155.0,155.0,0.1,0.1,145.0,150.0,0.01,7.46,,0.45960963,147.0,0.45775354,-0.06408925,2.551e-05,13.46992765,-5.41660832,33.78,918783.17029457
2023-08-31,14,BTC-231027-21000-P,BTCUSDT,P,231027-21000,155.0,155.0,135.0,135.0,2.13,2.13,125.0,145.0,5.42,23.04,,0.45555532,134.0,0.44779241,-0.06074493,2.508e-05,12.88320961,-5.08655604,35.81,973038.78226573
2023-08-31,23,BTC-231027-21000-P,BTCUSDT,P,231027-21000,145.0,245.0,135.0,245.0,4.93,4.93,210.0,235.0,7.07,23.45,,0.45092404,222.0,0.44377714,-0.09702004,3.796e-05,17.49211192,-6.88987977,38.31,993634.02150339
2023-08-31,11,BTC-231027-21000-C,BTCUSDT,C,231027-21000,0.0,0.0,0.0,0.0,0.0,0.0,5540.0,7005.0,1.5,3.71,,0.74042797,6429.0,0.44521399,0.94321351,2.378e-05,12.29192885,-4.81454914,0.0,0.0
2023-08-31,14,BTC-231027-21000-C,BTCUSDT,C,231027-21000,0.0,0.0,0.0,0.0,0.0,0.0,5345.0,6705.0,1.5,3.58,,0.66289425,6261.0,0.40644712,0.95438542,2.201e-05,10.26412564,-3.67831609,0.0,0.0
2023-08-31,16,BTC-231027-21000-P,BTCUSDT,P,231027-21000,155.0,165.0,135.0,165.0,4.63,4.63,155.0,185.0,19.21,15.0,,0.43626487,169.0,0.42644292,-0.07940142,3.355e-05,15.27512251,-5.75184683,38.31,1007244.14027283
2023-08-31,8,BTC-231027-21000-P,BTCUSDT,P,231027-21000,155.0,155.0,155.0,155.0,0.1,0.1,135.0,155.0,2.0,27.43,,0.46473622,144.0,0.4572323,-0.06308865,2.519e-05,13.32768589,-5.34939036,33.78,919598.43389002
2023-08-31,0,BTC-231027-21000-P,BTCUSDT,P,231027-21000,155.0,155.0,155.0,155.0,0.11,0.11,135.0,155.0,17.0,22.43,,0.46272576,144.0,0.45525014,-0.0631976,2.527e-05,13.37783122,-5.31513457,33.78,918994.31014291
2023-08-31,22,BTC-231027-21000-C,BTCUSDT,C,231027-21000,0.0,0.0,0.0,0.0,0.0,0.0,5340.0,5725.0,1.5,1.5,,0.65480232,5519.0,0.57031393,0.85854102,3.839e-05,22.94910815,-11.60815378,0.0,0.0
2023-08-31,16,BTC-231027-21000-C,BTCUSDT,C,231027-21000,0.0,0.0,0.0,0.0,0.0,0.0,4685.0,5960.0,1.5,5.83,,0.68519592,5391.0,0.41759796,0.92441833,3.3e-05,14.71377534,-5.42555526,0.0,0.0
2023-08-31,6,BTC-231027-21000-P,BTCUSDT,P,231027-21000,155.0,155.0,155.0,155.0,0.11,0.11,135.0,150.0,3.25,3.71,,0.46169996,142.0,0.45602232,-0.06226261,2.496e-05,13.21091597,-5.28076379,33.78,920641.72733415
2023-09-01,4,BTC-231027-21000-P,BTCUSDT,P,231027-21000,145.0,245.0,135.0,245.0,4.93,4.93,195.0,225.0,23.34,22.12,,0.451895,209.0,0.44302732,-0.09245129,3.661e-05,16.91770149,-6.67706224,38.31,997714.93380749
2023-09-01,12,BTC-231027-21000-C,BTCUSDT,C,231027-21000,0.0,0.0,0.0,0.0,0.0,0.0,5125.0,5665.0,3.94,2.88,,0.63088894,5338.0,0.48288584,0.89218617,3.767e-05,18.88490664,-8.17259334,0.0,0.0
2023-09-01,10,BTC-231027-21000-C,BTCUSDT,C,231027-21000,0.0,0.0,0.0,0.0,0.0,0.0,4985.0,5570.0,5.05,3.16,,0.6132555,5118.0,0.38162775,0.93380772,3.313e-05,13.08093803,-4.46715698,0.0,0.0
2023-09-01,7,BTC-231027-21000-C,BTCUSDT,C,231027-21000,0.0,0.0,0.0,0.0,0.0,0.0,5025.0,5585.0,3.89,4.42,,0.62166214,5231.0,0.45860291,0.89914454,3.782e-05,17.97758269,-7.36122317,0.0,0.0
2023-09-01,3,BTC-231027-21000-P,BTCUSDT,P,231027-21000,145.0,245.0,135.0,245.0,4.93,4.93,195.0,215.0,15.0,20.09,,0.4479903,204.0,0.44200629,-0.09071824,3.612e-05,16.71235259,-6.57593185,38.31,999173.73496321
2023-09-01,1,BTC-231027-21000-P,BTCUSDT,P,231027-21000,145.0,245.0,135.0,245.0,4.93,4.93,205.0,225.0,1.5,17.85,,0.44818401,214.0,0.44236213,-0.09452191,3.732e-05,17.17751668,-6.75438337,38.31,995491.06945774
2023-09-01,19,BTC-231027-21000-C,BTCUSDT,C,231027-21000,0.0,0.0,0.0,0.0,0.0,0.0,4935.0,5050.0,1.5,1.5,,0.52216053,4990.0,0.49478054,0.87114769,4.25e-05,21.02364218,-9.37124943,0.0,0.0
2023-09-01,15,BTC-231027-21000-C,BTCUSDT,C,231027-21000,0.0,0.0,0.0,0.0,0.0,0.0,5110.0,5470.0,1.5,1.5,,0.63649654,5278.0,0.55780172,0.85459407,4.061e-05,23.02004322,-11.53348843,0.0,0.0
2023-09-01,5,BTC-231027-21000-C,BTCUSDT,C,231027-21000,0.0,0.0,0.0,0.0,0.0,0.0,4430.0,5585.0,1.5,4.42,,0.60852051,5142.0,0.37926025,0.9354873,3.258e-05,12.86048872,-4.34841415,0.0,0.0
2023-09-01,7,BTC-231027-21000-P,BTCUSDT,P,231027-21000,145.0,245.0,135.0,245.0,4.93,4.93,185.0,210.0,8.07,6.99,,0.44075429,197.0,0.43318629,-0.08990296,3.679e-05,16.51854018,-6.38893187,38.31,995689.34398943
2023-09-01,4,BTC-231027-21000-C,BTCUSDT,C,231027-21000,0.0,0.0,0.0,0.0,0.0,0.0,4430.0,5585.0,1.5,4.42,,0.60262203,5154.0,0.37631102,0.93728604,3.209e-05,12.59308754,-4.22175198,0.0,0.0
2023-09-01,21,BTC-231027-21000-P,BTCUSDT,P,231027-21000,245.0,245.0,245.0,245.0,0.0,0.0,205.0,225.0,15.0,18.78,,0.4415369,214.0,0.43574125,-0.09697866,3.916e-05,17.25569766,-6.78407605,38.31,989308.20954339
2023-09-01,18,BTC-231027-21000-C,BTCUSDT,C,231027-21000,0.0,0.0,0.0,0.0,0.0,0.0,4950.0,5300.0,2.21,2.21,,0.62398434,5114.0,0.54804325,0.8513835,4.226e-05,23.18482508,-11.43851547,0.0,0.0
2023-09-01,18,BTC-231027-21000-P,BTCUSDT,P,231027-21000,220.0,245.0,220.0,245.0,0.4,0.4,230.0,260.0,16.5,19.4,,0.45114458,244.0,0.4429993,-0.10680113,4.153e-05,18.41858893,-7.34531466,38.31,983166.62076717
2023-09-01,11,BTC-231027-21000-P,BTCUSDT,P,231027-21000,165.0,245.0,165.0,245.0,2.9,2.9,180.0,210.0,2.33,3.68,,0.44448793,194.0,0.43530524,-0.08850161,3.617e-05,16.33739778,-6.36873434,38.31,998179.51201774
2023-09-01,17,BTC-231027-21000-P,BTCUSDT,P,231027-21000,220.0,245.0,220.0,245.0,0.4,0.4,250.0,270.0,15.0,15.0,,0.44615209,259.0,0.44091165,-0.11319631,4.378e-05,19.08320362,-7.56882014,38.31,975792.5722483
2023-09-01,19,BTC-231027-21000-P,BTCUSDT,P,231027-21000,220.0,245.0,220.0,245.0,0.4,0.4,230.0,250.0,15.0,20.29,,0.44561744,239.0,0.44014364,-0.10570373,4.152e-05,18.27053502,-7.24473712,38.31,982117.19719057
2023-09-01,9,BTC-231027-21000-C,BTCUSDT,C,231027-21000,0.0,0.0,0.0,0.0,0.0,0.0,4985.0,5570.0,5.05,3.16,,0.60141563,5142.0,0.37570782,0.93752028,3.212e-05,12.52773201,-4.20873252,0.0,0.0
2023-09-01,20,BTC-231027-21000-P,BTCUSDT,P,231027-21000,245.0,245.0,245.0,245.0,0.0,0.0,215.0,235.0,16.5,19.43,,0.44527113,224.0,0.43959796,-0.0999624,3.972e-05,17.62869664,-6.98681071,38.31,987690.30162339
2023-09-01,13,BTC-231027-21000-C,BTCUSDT,C,231027-21000,0.0,0.0,0.0,0.0,0.0,0.0,5125.0,5665.0,3.94,2.88,,0.65278053,5356.0,0.52062035,0.87509547,3.89e-05,20.90373381,-9.76045459,0.0,0.0
2023-09-01,6,BTC-231027-21000-C,BTCUSDT,C,231027-21000,0.0,0.0,0.0,0.0,0.0,0.0,5025.0,5585.0,3.89,4.42,,0.61927795,5226.0,0.45247078,0.90191381,3.754e-05,17.62627162,-7.11557283,0.0,0.0
2023-09-01,15,BTC-231027-21000-P,BTCUSDT,P,231027-21000,165.0,245.0,165.0,245.0,2.9,2.9,210.0,235.0,1.5,18.81,,0.44653475,222.0,0.43940544,-0.09878534,3.927e-05,17.5345557,-6.92045891,38.31,989042.49138339
2023-09-01,2,BTC-231027-21000-C,BTCUSDT,C,231027-21000,0.0,0.0,0.0,0.0,0.0,0.0,4430.0,5585.0,1.5,4.42,,0.59723377,5164.0,0.37361689,0.93882463,3.166e-05,12.36709413,-4.11020393,0.0,0.0
2023-09-01,2,BTC-231027-21000-P,BTCUSDT,P,231027-21000,145.0,245.0,135.0,245.0,4.93,4.93,195.0,225.0,20.57,19.87,,0.45232713,209.0,0.44345796,-0.09226955,3.648e-05,16.91465514,-6.67244205,38.31,998197.44583285
2023-09-01,20,BTC-231027-21000-C,BTCUSDT,C,231027-21000,0.0,0.0,0.0,0.0,0.0,0.0,5080.0,5440.0,1.5,1.5,,0.63792229,5248.0,0.55961609,0.8528276,4.094e-05,23.13090364,-11.67040402,0.0,0.0
2023-09-01,10,BTC-231027-21000-P,BTCUSDT,P,231027-21000,145.0,245.0,135.0,245.0,4.93,4.93,180.0,210.0,2.33,3.68,,0.44172525,194.0,0.43257505,-0.08910323,3.663e-05,16.39629513,-6.3468695,38.31,996014.07307057
2023-09-01,0,BTC-231027-21000-C,BTCUSDT,C,231027-21000,0.0,0.0,0.0,0.0,0.0,0.0,5330.0,5720.0,1.5,1.5,,0.65300941,5511.0,0.56675673,0.85991289,3.84e-05,22.78186026,-11.46863348,0.0,0.0
2023-09-01,12,BTC-231027-21000-P,BTCUSDT,P,231027-21000,165.0,245.0,165.0,245.0,2.9,2.9,170.0,210.0,4.81,3.53,,0.44550002,189.0,0.43309033,-0.08691178,3.585e-05,16.12148428,-6.25725839,38.31,997839.9772483
2023-09-01,8,BTC-231027-21000-C,BTCUSDT,C,231027-21000,0.0,0.0,0.0,0.0,0.0,0.0,4720.0,6060.0,1.5,1.5,,0.80193043,5253.0,0.47596521,0.89157061,3.844e-05,18.9306877,-8.05094292,0.0,0.0
2023-09-01,23,BTC-231027-21000-C,BTCUSDT,C,231027-21000,0.0,0.0,0.0,0.0,0.0,0.0,5085.0,5445.0,1.5,1.5,,0.63103199,5252.0,0.55107355,0.85719172,4.074e-05,22.66706748,-11.28724587,0.0,0.0
2023-09-01,1,BTC-231027-21000-C,BTCUSDT,C,231027-21000,0.0,0.0,0.0,0.0,0.0,0.0,5275.0,5655.0,1.5,1.5,,0.64976215,5452.0,0.56650877,0.85746141,3.899e-05,22.98325492,-11.57352248,0.0,0.0
2023-09-01,17,BTC-231027-21000-C,BTCUSDT,C,231027-21000,0.0,0.0,0.0,0.0,0.0,0.0,4805.0,5000.0,2.23,0.73,,0.56028366,4898.0,0.51712513,0.85519288,4.429e-05,22.64170297,-10.5324658,0.0,0.0
2023-09-01,13,BTC-231027-21000-P,BTCUSDT,P,231027-21000,165.0,245.0,165.0,245.0,2.9,2.9,180.0,225.0,4.72,5.01,,0.4508388,201.0,0.43731242,-0.09103912,3.686e-05,16.64023733,-6.52644037,38.31,996376.75158717
2023-09-01,22,BTC-231027-21000-P,BTCUSDT,P,231027-21000,245.0,245.0,245.0,245.0,0.0,0.0,205.0,225.0,1.5,17.22,,0.43942392,214.0,0.43364227,-0.09755161,3.96e-05,17.29694803,-6.77262863,38.31,987520.05649057
2023-09-01,3,BTC-231027-21000-C,BTCUSDT,C,231027-21000,0.0,0.0,0.0,0.0,0.0,0.0,4430.0,5585.0,1.5,4.42,,0.58894157,5181.0,0.36947079,0.94149562,3.09e-05,11.94846396,-3.92991763,0.0,0.0
2023-09-01,21,BTC-231027-21000-C,BTCUSDT,C,231027-21000,0.0,0.0,0.0,0.0,0.0,0.0,5085.0,5445.0,1.5,1.5,,0.63019753,5252.0,0.55022478,0.85738811,4.073e-05,22.6639941,-11.2513882,0.0,0.0
2023-09-01,5,BTC-231027-21000-P,BTCUSDT,P,231027-21000,145.0,245.0,135.0,245.0,4.93,4.93,195.0,225.0,20.59,19.72,,0.45117021,209.0,0.44230849,-0.09266291,3.677e-05,16.92954491,-6.67585126,38.31,997160.85362453
2023-09-01,9,BTC-231027-21000-P,BTCUSDT,P,231027-21000,145.0,245.0,135.0,245.0,4.93,4.93,180.0,210.0,2.33,3.68,,0.44337809,194.0,0.4342109,-0.08868131,3.63e-05,16.36537282,-6.3541178,38.31,996719.16186
2023-09-01,14,BTC-231027-21000-P,BTCUSDT,P,231027-21000,165.0,245.0,165.0,245.0,2.9,2.9,220.0,250.0,1.5,20.37,,0.44912279,234.0,0.4408133,-0.10329696,4.057e-05,18.05445051,-7.14313266,38.31,985348.40230943
2023-09-01,23,BTC-231027-21000-P,BTCUSDT,P,231027-21000,245.0,245.0,245.0,245.0,0.0,0.0,190.0,210.0,15.0,19.44,,0.43315113,199.0,0.42717099,-0.09304014,3.878e-05,16.72335785,-6.4551794,38.31,988617.65601887
2023-09-01,11,BTC-231027-21000-C,BTCUSDT,C,231027-21000,0.0,0.0,0.0,0.0,0.0,0.0,4985.0,5570.0,5.05,3.16,,0.59679031,5152.0,0.37339516,0.93914789,3.166e-05,12.26973161,-4.10279768,0.0,0.0
2023-09-01,14,BTC-231027-21000-C,BTCUSDT,C,231027-21000,0.0,0.0,0.0,0.0,0.0,0.0,5015.0,5525.0,2.2,5.56,,0.68706036,5251.0,0.58031082,0.84311255,4.12e-05,24.13349754,-12.56986705,0.0,0.0
2023-09-01,16,BTC-231027-21000-P,BTCUSDT,P,231027-21000,220.0,245.0,220.0,245.0,0.4,0.4,215.0,235.0,16.5,18.0,,0.44531107,224.0,0.43964177,-0.09978136,3.959e-05,17.64030453,-6.9711579,38.31,988588.1888683
2023-09-01,8,BTC-231027-21000-P,BTCUSDT,P,231027-21000,145.0,245.0,135.0,245.0,4.93,4.93,185.0,225.0,4.83,7.96,,0.44902384,204.0,0.43710411,-0.09195309,3.711e-05,16.7838457,-6.555133,38.31,995230.16032943
2023-09-01,0,BTC-231027-21000-P,BTCUSDT,P,231027-21000,145.0,245.0,135.0,245.0,4.93,4.93,205.0,225.0,1.5,19.69,,0.45173824,214.0,0.44589251,-0.09362524,3.665e-05,17.10767213,-6.77558669,38.31,998223.11330453
2023-09-01,22,BTC-231027-21000-C,BTCUSDT,C,231027-21000,0.0,0.0,0.0,0.0,0.0,0.0,5035.0,5395.0,1.5,1.5,,0.62386513,5202.0,0.54339409,0.85822458,4.116e-05,22.53032307,-11.05448471,0.0,0.0
2023-09-01,16,BTC-231027-21000-C,BTCUSDT,C,231027-21000,0.0,0.0,0.0,0.0,0.0,0.0,5090.0,5450.0,1.5,1.5,,0.6368494,5258.0,0.55847406,0.8534393,4.083e-05,23.11213931,-11.60227207,0.0,0.0
2023-09-01,6,BTC-231027-21000-P,BTCUSDT,P,231027-21000,145.0,245.0,135.0,245.0,4.93,4.93,195.0,210.0,5.57,17.63,,0.44093788,202.0,0.43644667,-0.09116834,3.688e-05,16.70109936,-6.50331983,38.31,995701.11642717
2023-09-02,4,BTC-231027-21000-P,BTCUSDT,P,231027-21000,245.0,245.0,245.0,245.0,0.0,0.0,200.0,225.0,1.5,20.46,,0.44110417,212.0,0.4338178,-0.09671582,3.94e-05,17.1572292,-6.75112012,38.31,987461.23937283
2023-09-02,12,BTC-231027-21000-C,BTCUSDT,C,231027-21000,0.0,0.0,0.0,0.0,0.0,0.0,4220.0,5440.0,1.5,3.92,,0.6309557,4949.0,0.39047785,0.92489509,3.629e-05,14.17044815,-5.04934899,0.0,0.0
2023-09-02,10,BTC-231027-21000-C,BTCUSDT,C,231027-21000,0.0,0.0,0.0,0.0,0.0,0.0,4220.0,5440.0,1.5,4.01,,0.62255383,4965.0,0.38627691,0.92756904,3.562e-05,13.80628971,-4.85927093,0.0,0.0
2023-09-02,7,BTC-231027-21000-C,BTCUSDT,C,231027-21000,0.0,0.0,0.0,0.0,0.0,0.0,5.0,5300.0,2.01,2.08,,0.57713985,4901.0,0.36356993,0.93672898,3.411e-05,12.43293497,-4.10930937,0.0,0.0
2023-09-02,3,BTC-231027-21000-P,BTCUSDT,P,231027-21000,245.0,245.0,245.0,245.0,0.0,0.0,200.0,225.0,1.5,22.79,,0.44209063,212.0,0.43479681,-0.09642812,3.918e-05,17.13967516,-6.75432736,38.31,988510.77562604
2023-09-02,1,BTC-231027-21000-P,BTCUSDT,P,231027-21000,245.0,245.0,245.0,245.0,0.0,0.0,195.0,225.0,1.5,18.29,,0.44043362,209.0,0.43165654,-0.09608601,3.937e-05,17.09241066,-6.67696768,38.31,987536.025
2023-09-02,19,BTC-231027-21000-C,BTCUSDT,C,231027-21000,0.0,0.0,0.0,0.0,0.0,0.0,4205.0,5275.0,1.5,4.61,,0.55431843,4922.0,0.35215921,0.9441454,3.203e-05,11.24098851,-3.63175857,0.0,0.0
2023-09-02,15,BTC-231027-21000-C,BTCUSDT,C,231027-21000,0.0,0.0,0.0,0.0,0.0,0.0,4305.0,5440.0,1.5,3.22,,0.60196638,5009.0,0.37598319,0.93486948,3.37e-05,12.72703127,-4.3766605,0.0,0.0
2023-09-02,5,BTC-231027-21000-C,BTCUSDT,C,231027-21000,0.0,0.0,0.0,0.0,0.0,0.0,5100.0,5460.0,1.5,1.5,,0.63344479,5267.0,0.55324078,0.85748423,4.059e-05,22.59764608,-11.34820269,0.0,0.0
2023-09-02,7,BTC-231027-21000-P,BTCUSDT,P,231027-21000,245.0,245.0,245.0,245.0,0.0,0.0,195.0,225.0,17.33,17.97,,0.4425329,209.0,0.43372363,-0.09581369,3.916e-05,17.03088536,-6.71517804,38.31,988224.91091283
2023-09-02,4,BTC-231027-21000-C,BTCUSDT,C,231027-21000,0.0,0.0,0.0,0.0,0.0,0.0,5050.0,5405.0,1.5,1.5,,0.6252718,5215.0,0.5457592,0.85831726,4.104e-05,22.47994639,-11.12801361,0.0,0.0
2023-09-02,21,BTC-231027-21000-P,BTCUSDT,P,231027-21000,245.0,245.0,245.0,245.0,0.0,0.0,180.0,210.0,20.15,19.75,,0.4397279,194.0,0.43054581,-0.09094228,3.807e-05,16.33951021,-6.46392598,38.31,990560.36062604
2023-09-02,18,BTC-231027-21000-C,BTCUSDT,C,231027-21000,0.0,0.0,0.0,0.0,0.0,0.0,4205.0,5275.0,1.5,4.61,,0.56315422,4905.0,0.35657711,0.94124373,3.294e-05,11.69170584,-3.82184305,0.0,0.0
2023-09-02,18,BTC-231027-21000-P,BTCUSDT,P,231027-21000,245.0,245.0,245.0,245.0,0.0,0.0,180.0,210.0,15.0,22.24,,0.43653011,194.0,0.42738944,-0.09158504,3.858e-05,16.41350597,-6.43082446,38.31,988673.34974453
2023-09-02,11,BTC-231027-21000-P,BTCUSDT,P,231027-21000,245.0,245.0,245.0,245.0,0.0,0.0,205.0,225.0,15.0,24.35,,0.44432104,214.0,0.4384914,-0.0968689,3.908e-05,17.1555301,-6.8594689,38.31,988982.20496453
2023-09-02,17,BTC-231027-21000-P,BTCUSDT,P,231027-21000,245.0,245.0,245.0,245.0,0.0,0.0,180.0,210.0,15.0,24.57,,0.4366523,194.0,0.42751193,-0.09151601,3.852e-05,16.41385458,-6.42789359,38.31,989321.41522604
2023-09-02,19,BTC-231027-21000-P,BTCUSDT,P,231027-21000,245.0,245.0,245.0,245.0,0.0,0.0,180.0,210.0,15.0,19.75,,0.43804228,194.0,0.42888284,-0.0912635,3.832e-05,16.37963623,-6.44490217,38.31,989714.20990943
2023-09-02,9,BTC-231027-21000-C,BTCUSDT,C,231027-21000,0.0,0.0,0.0,0.0,0.0,0.0,4160.0,5300.0,1.5,2.08,,0.57143211,4913.0,0.36071606,0.93877769,3.351e-05,12.11653401,-3.97932696,0.0,0.0
2023-09-02,20,BTC-231027-21000-P,BTCUSDT,P,231027-21000,245.0,245.0,245.0,245.0,0.0,0.0,180.0,210.0,15.0,19.75,,0.43905437,194.0,0.42988151,-0.09106241,3.816e-05,16.35609579,-6.45556087,38.31,0.0
2023-09-02,13,BTC-231027-21000-C,BTCUSDT,C,231027-21000,0.0,0.0,0.0,0.0,0.0,0.0,4220.0,5280.0,1.5,3.26,,0.55784702,4918.0,0.35392351,0.94272798,3.244e-05,11.48842311,-3.71326227,0.0,0.0
2023-09-02,6,BTC-231027-21000-C,BTCUSDT,C,231027-21000,0.0,0.0,0.0,0.0,0.0,0.0,5090.0,5450.0,1.5,1.5,,0.63589096,5258.0,0.55627346,0.8557447,4.075e-05,22.75838876,-11.50027404,0.0,0.0
2023-09-02,15,BTC-231027-21000-P,BTCUSDT,P,231027-21000,245.0,245.0,245.0,245.0,0.0,0.0,180.0,210.0,17.33,17.93,,0.44084966,194.0,0.43166429,-0.09043873,3.767e-05,16.33358608,-6.44874175,38.31,992263.81702943
2023-09-02,2,BTC-231027-21000-C,BTCUSDT,C,231027-21000,0.0,0.0,0.0,0.0,0.0,0.0,5030.0,5390.0,1.5,1.5,,0.62467575,5197.0,0.54414511,0.85801798,4.122e-05,22.51368491,-11.09498167,0.0,0.0
2023-09-02,2,BTC-231027-21000-P,BTCUSDT,P,231027-21000,245.0,245.0,245.0,245.0,0.0,0.0,200.0,220.0,1.5,15.0,,0.43691576,209.0,0.43106973,-0.09632673,3.954e-05,17.10770096,-6.67889254,38.31,986920.57259661
2023-09-02,20,BTC-231027-21000-C,BTCUSDT,C,231027-21000,0.0,0.0,0.0,0.0,0.0,0.0,4205.0,5275.0,1.5,4.61,,0.5487299,4933.0,0.34936495,0.9459787,3.144e-05,10.95055638,-3.51253841,0.0,0.0
2023-09-02,10,BTC-231027-21000-P,BTCUSDT,P,231027-21000,245.0,245.0,245.0,245.0,0.0,0.0,205.0,225.0,15.0,24.35,,0.44519544,214.0,0.43936104,-0.09660975,3.888e-05,17.14050757,-6.86184016,38.31,989759.28049774
2023-09-02,0,BTC-231027-21000-C,BTCUSDT,C,231027-21000,0.0,0.0,0.0,0.0,0.0,0.0,5070.0,5430.0,1.5,1.5,,0.63064814,5237.0,0.55079579,0.85670198,4.09e-05,22.69678867,-11.30486189,0.0,0.0
2023-09-02,12,BTC-231027-21000-P,BTCUSDT,P,231027-21000,245.0,245.0,245.0,245.0,0.0,0.0,205.0,225.0,15.0,24.35,,0.4441905,214.0,0.43836087,-0.09694322,3.914e-05,17.15517551,-6.86249984,38.31,988544.45965485
2023-09-02,8,BTC-231027-21000-C,BTCUSDT,C,231027-21000,0.0,0.0,0.0,0.0,0.0,0.0,4160.0,5300.0,1.5,2.08,,0.58168888,4892.0,0.36584444,0.93530261,3.452e-05,12.63964055,-4.20695186,0.0,0.0
2023-09-02,23,BTC-231027-21000-C,BTCUSDT,C,231027-21000,0.0,0.0,0.0,0.0,0.0,0.0,4260.0,5400.0,1.5,2.26,,0.59646606,4979.0,0.37323303,0.93577151,3.372e-05,12.53854344,-4.3065622,0.0,0.0
2023-09-02,1,BTC-231027-21000-C,BTCUSDT,C,231027-21000,0.0,0.0,0.0,0.0,0.0,0.0,5050.0,5415.0,1.5,1.5,,0.62952757,5219.0,0.54832578,0.85707011,4.105e-05,22.63662276,-11.23279743,0.0,0.0
2023-09-02,17,BTC-231027-21000-C,BTCUSDT,C,231027-21000,0.0,0.0,0.0,0.0,0.0,0.0,4205.0,5275.0,1.5,4.61,,0.56101799,4908.0,0.355509,0.94184875,3.275e-05,11.60378822,-3.77885516,0.0,0.0
2023-09-02,13,BTC-231027-21000-P,BTCUSDT,P,231027-21000,245.0,245.0,245.0,245.0,0.0,0.0,205.0,225.0,15.0,24.35,,0.44537604,214.0,0.43953717,-0.09669103,3.894e-05,17.12772868,-6.87513403,38.31,989483.19159547
2023-09-02,22,BTC-231027-21000-P,BTCUSDT,P,231027-21000,245.0,245.0,245.0,245.0,0.0,0.0,180.0,210.0,15.0,19.75,,0.44007361,194.0,0.43088615,-0.09090051,3.804e-05,16.32967276,-6.47009501,38.31,990726.71166
2023-09-02,3,BTC-231027-21000-C,BTCUSDT,C,231027-21000,0.0,0.0,0.0,0.0,0.0,0.0,5075.0,5440.0,1.5,1.5,,0.63223124,5245.0,0.55098176,0.85723848,4.081e-05,22.62196688,-11.29693823,0.0,0.0
2023-09-02,21,BTC-231027-21000-C,BTCUSDT,C,231027-21000,0.0,0.0,0.0,0.0,0.0,0.0,4205.0,5480.0,1.5,4.3,,0.6329155,4993.0,0.39145775,0.9268089,3.555e-05,13.87223471,-4.98964099,0.0,0.0
2023-09-02,5,BTC-231027-21000-P,BTCUSDT,P,231027-21000,245.0,245.0,245.0,245.0,0.0,0.0,200.0,225.0,1.5,22.79,,0.443663,212.0,0.43635249,-0.09612085,3.895e-05,17.10104153,-6.77344676,38.31,989225.61318339
2023-09-02,9,BTC-231027-21000-P,BTCUSDT,P,231027-21000,245.0,245.0,245.0,245.0,0.0,0.0,205.0,235.0,20.79,22.0,,0.44948995,219.0,0.44083506,-0.09815673,3.922e-05,17.33383177,-6.95723138,38.31,988981.70017396
2023-09-02,14,BTC-231027-21000-P,BTCUSDT,P,231027-21000,245.0,245.0,245.0,245.0,0.0,0.0,205.0,225.0,15.0,22.02,,0.44777989,214.0,0.44192314,-0.09613974,3.853e-05,17.07540375,-6.89658596,38.31,990972.11199887
2023-09-02,23,BTC-231027-21000-P,BTCUSDT,P,231027-21000,245.0,245.0,245.0,245.0,0.0,0.0,180.0,210.0,17.33,19.75,,0.44069827,194.0,0.43150216,-0.09079234,3.795e-05,16.31411258,-6.478135,38.31,990929.61043396
2023-09-02,11,BTC-231027-21000-C,BTCUSDT,C,231027-21000,0.0,0.0,0.0,0.0,0.0,0.0,4220.0,5305.0,1.5,2.02,,0.5730176,4916.0,0.3615088,0.9386251,3.352e-05,12.13219195,-3.99929472,0.0,0.0
2023-09-02,14,BTC-231027-21000-C,BTCUSDT,C,231027-21000,0.0,0.0,0.0,0.0,0.0,0.0,4220.0,5355.0,1.5,4.71,,0.5761528,4966.0,0.3630764,0.93980956,3.284e-05,11.95910149,-3.96837771,0.0,0.0
2023-09-02,16,BTC-231027-21000-P,BTCUSDT,P,231027-21000,245.0,245.0,245.0,245.0,0.0,0.0,180.0,210.0,15.0,22.08,,0.43908656,194.0,0.42991996,-0.09089511,3.803e-05,16.36669283,-6.44060998,38.31,990784.80314113
2023-09-02,8,BTC-231027-21000-P,BTCUSDT,P,231027-21000,245.0,245.0,245.0,245.0,0.0,0.0,205.0,235.0,17.33,20.34,,0.44766366,219.0,0.43902874,-0.09857211,3.954e-05,17.37462043,-6.93976295,38.31,987894.3947683
2023-09-02,0,BTC-231027-21000-P,BTCUSDT,P,231027-21000,245.0,245.0,245.0,245.0,0.0,0.0,195.0,225.0,1.5,23.11,,0.44105828,209.0,0.43227553,-0.09588953,3.922e-05,17.08235317,-6.67757207,38.31,988136.31565774
2023-09-02,22,BTC-231027-21000-C,BTCUSDT,C,231027-21000,0.0,0.0,0.0,0.0,0.0,0.0,4205.0,5330.0,1.5,3.22,,0.56904793,4955.0,0.35952396,0.94179061,3.241e-05,11.61130144,-3.83865768,0.0,0.0
2023-09-02,16,BTC-231027-21000-C,BTCUSDT,C,231027-21000,0.0,0.0,0.0,0.0,0.0,0.0,4275.0,5340.0,1.5,4.51,,0.57196617,4958.0,0.36098309,0.94074325,3.266e-05,11.80218078,-3.89966749,0.0,0.0
2023-09-02,6,BTC-231027-21000-P,BTCUSDT,P,231027-21000,245.0,245.0,245.0,245.0,0.0,0.0,195.0,225.0,1.5,22.79,,0.44276774,209.0,0.43395787,-0.0957139,3.909e-05,17.02895904,-6.71295926,38.31,988480.3079083
2023-09-03,4,BTC-231027-21000-P,BTCUSDT,P,231027-21000,245.0,245.0,245.0,245.0,0.0,0.0,180.0,210.0,15.0,19.75,,0.44189274,194.0,0.43267488,-0.09071061,3.789e-05,16.27579669,-6.50542906,38.31,991297.56319745
2023-09-03,12,BTC-231027-21000-C,BTCUSDT,C,231027-21000,0.0,0.0,0.0,0.0,0.0,0.0,4375.0,5530.0,1.5,2.24,,0.64393997,5033.0,0.39696999,0.92667522,3.526e-05,13.83197602,-5.10383716,0.0,0.0
2023-09-03,10,BTC-231027-21000-C,BTCUSDT,C,231027-21000,0.0,0.0,0.0,0.0,0.0,0.0,4265.0,5445.0,1.5,2.59,,0.5952692,5036.0,0.3726346,0.93886973,3.256e-05,12.04299128,-4.16485781,0.0,0.0
2023-09-03,7,BTC-231027-21000-C,BTCUSDT,C,231027-21000,0.0,0.0,0.0,0.0,0.0,0.0,5.0,5440.0,3.01,5.68,,0.58487892,5050.0,0.36743946,0.94168805,3.176e-05,11.62833821,-3.95621241,0.0,0.0
2023-09-03,3,BTC-231027-21000-P,BTCUSDT,P,231027-21000,245.0,245.0,245.0,245.0,0.0,0.0,180.0,210.0,15.0,19.75,,0.44108748,194.0,0.43188065,-0.09086053,3.801e-05,16.29492681,-6.49611889,38.31,990857.30368943
2023-09-03,1,BTC-231027-21000-P,BTCUSDT,P,231027-21000,245.0,245.0,245.0,245.0,0.0,0.0,180.0,210.0,15.0,19.75,,0.44086993,194.0,0.43166846,-0.09083191,3.798e-05,16.30499903,-6.48696067,38.31,990939.947219
2023-09-03,19,BTC-231027-21000-C,BTCUSDT,C,231027-21000,0.0,0.0,0.0,0.0,0.0,0.0,4345.0,5505.0,1.5,3.26,,0.59453487,5108.0,0.37226744,0.94210876,3.124e-05,11.53426782,-4.01292653,0.0,0.0
2023-09-03,15,BTC-231027-21000-C,BTCUSDT,C,231027-21000,0.0,0.0,0.0,0.0,0.0,0.0,4300.0,5390.0,1.5,3.61,,0.59456348,4979.0,0.37228174,0.93739516,3.334e-05,12.21721304,-4.23749476,0.0,0.0
2023-09-03,5,BTC-231027-21000-C,BTCUSDT,C,231027-21000,0.0,0.0,0.0,0.0,0.0,0.0,4260.0,5415.0,1.5,4.54,,0.59333801,5005.0,0.37166901,0.93789517,3.303e-05,12.20057777,-4.19221169,0.0,0.0
2023-09-03,7,BTC-231027-21000-P,BTCUSDT,P,231027-21000,245.0,245.0,245.0,245.0,0.0,0.0,180.0,210.0,17.33,19.75,,0.44676721,194.0,0.43748885,-0.08969278,3.709e-05,16.1696094,-6.55002071,38.31,994175.23363396
2023-09-03,4,BTC-231027-21000-C,BTCUSDT,C,231027-21000,0.0,0.0,0.0,0.0,0.0,0.0,4240.0,5340.0,1.5,2.97,,0.56938648,4968.0,0.35969324,0.94255514,3.212e-05,11.471113,-3.81162211,0.0,0.0
2023-09-03,21,BTC-231027-21000-P,BTCUSDT,P,231027-21000,180.0,180.0,180.0,180.0,0.1,0.1,200.0,240.0,17.33,21.25,,0.4675287,219.0,0.45570105,-0.09595581,3.761e-05,16.91390949,-7.21468146,38.21,992179.43905043
2023-09-03,18,BTC-231027-21000-C,BTCUSDT,C,231027-21000,0.0,0.0,0.0,0.0,0.0,0.0,4335.0,5505.0,1.5,3.26,,0.62241554,5052.0,0.38620777,0.93325652,3.374e-05,12.85485472,-4.63624316,0.0,0.0
2023-09-03,18,BTC-231027-21000-P,BTCUSDT,P,231027-21000,245.0,245.0,180.0,180.0,0.1,0.1,205.0,235.0,17.33,15.0,,0.46221197,219.0,0.45337498,-0.09645571,3.796e-05,16.97664918,-7.18766041,38.21,990776.96122957
2023-09-03,11,BTC-231027-21000-P,BTCUSDT,P,231027-21000,245.0,245.0,245.0,245.0,0.0,0.0,190.0,220.0,15.0,2.47,,0.45281112,204.0,0.4437238,-0.09248317,3.748e-05,16.50911246,-6.80385558,38.31,993872.21505547
2023-09-03,17,BTC-231027-21000-P,BTCUSDT,P,231027-21000,245.0,245.0,180.0,180.0,0.1,0.1,195.0,225.0,4.29,23.58,,0.45367539,209.0,0.44469357,-0.09452443,3.818e-05,16.70317294,-6.93106556,38.21,989190.85064335
2023-09-03,19,BTC-231027-21000-P,BTCUSDT,P,231027-21000,245.0,245.0,180.0,180.0,0.1,0.1,205.0,235.0,17.33,15.0,,0.46682775,219.0,0.45794219,-0.09539906,3.718e-05,16.88341999,-7.22582113,38.21,993831.56752584
2023-09-03,9,BTC-231027-21000-C,BTCUSDT,C,231027-21000,0.0,0.0,0.0,0.0,0.0,0.0,4265.0,5445.0,1.5,2.59,,0.6050396,5016.0,0.3775198,0.93566161,3.347e-05,12.52423546,-4.38467929,0.0,0.0
2023-09-03,20,BTC-231027-21000-P,BTCUSDT,P,231027-21000,180.0,180.0,180.0,180.0,0.1,0.1,195.0,240.0,17.35,23.72,,0.47206759,217.0,0.45862585,-0.09419617,3.674e-05,16.74436974,-7.18260252,38.21,995561.49156124
2023-09-03,13,BTC-231027-21000-C,BTCUSDT,C,231027-21000,0.0,0.0,0.0,0.0,0.0,0.0,4300.0,5460.0,1.5,4.09,,0.61651707,5012.0,0.38325853,0.93289995,3.413e-05,12.91304874,-4.60375354,0.0,0.0
2023-09-03,6,BTC-231027-21000-C,BTCUSDT,C,231027-21000,0.0,0.0,0.0,0.0,0.0,0.0,4265.0,5530.0,1.5,5.34,,0.63768387,5043.0,0.39384193,0.92817715,3.488e-05,13.65347255,-4.97515086,0.0,0.0
2023-09-03,15,BTC-231027-21000-P,BTCUSDT,P,231027-21000,245.0,245.0,180.0,180.0,0.1,0.1,185.0,225.0,17.33,18.78,,0.45246363,204.0,0.44037998,-0.09337339,3.82e-05,16.55607434,-6.7928218,38.21,988644.38470957
2023-09-03,2,BTC-231027-21000-C,BTCUSDT,C,231027-21000,0.0,0.0,0.0,0.0,0.0,0.0,4245.0,5400.0,1.5,2.26,,0.60040951,4973.0,0.37520475,0.93474876,3.401e-05,12.67423626,-4.38625612,0.0,0.0
2023-09-03,2,BTC-231027-21000-P,BTCUSDT,P,231027-21000,245.0,245.0,245.0,245.0,0.0,0.0,180.0,210.0,15.0,19.75,,0.44069231,194.0,0.43149114,-0.09091377,3.805e-05,16.30575369,-6.48958035,38.31,990920.35293547
2023-09-03,20,BTC-231027-21000-C,BTCUSDT,C,231027-21000,0.0,0.0,0.0,0.0,0.0,0.0,4420.0,5610.0,1.5,3.84,,0.62596083,5162.0,0.38798041,0.9364151,3.223e-05,12.4258166,-4.50909345,0.0,0.0
2023-09-03,10,BTC-231027-21000-P,BTCUSDT,P,231027-21000,245.0,245.0,245.0,245.0,0.0,0.0,190.0,220.0,15.0,2.47,,0.45206666,204.0,0.44298917,-0.09261749,3.758e-05,16.52683131,-6.79462248,38.31,993489.06547774
2023-09-03,0,BTC-231027-21000-C,BTCUSDT,C,231027-21000,0.0,0.0,0.0,0.0,0.0,0.0,4245.0,5400.0,1.5,2.26,,0.59634209,4980.0,0.37317104,0.93589968,3.369e-05,12.5147643,-4.30097927,0.0,0.0
2023-09-03,12,BTC-231027-21000-P,BTCUSDT,P,231027-21000,245.0,245.0,245.0,245.0,0.0,0.0,185.0,210.0,2.33,19.05,,0.44443071,197.0,0.4367584,-0.09113161,3.775e-05,16.29447787,-6.61510321,38.31,992019.48937057
2023-09-03,8,BTC-231027-21000-C,BTCUSDT,C,231027-21000,0.0,0.0,0.0,0.0,0.0,0.0,4270.0,5375.0,1.5,3.61,,0.58349609,4981.0,0.36674805,0.93974984,3.275e-05,11.89270033,-4.04165901,0.0,0.0
2023-09-03,23,BTC-231027-21000-C,BTCUSDT,C,231027-21000,0.0,0.0,0.0,0.0,0.0,0.0,4420.0,5525.0,1.5,2.75,,0.61869383,5084.0,0.38434691,0.93568875,3.296e-05,12.4838204,-4.49823451,0.0,0.0
2023-09-03,1,BTC-231027-21000-C,BTCUSDT,C,231027-21000,0.0,0.0,0.0,0.0,0.0,0.0,4245.0,5400.0,1.5,2.26,,0.59798241,4977.0,0.3739912,0.93545299,3.381e-05,12.57573539,-4.3347589,0.0,0.0
2023-09-03,17,BTC-231027-21000-C,BTCUSDT,C,231027-21000,0.0,0.0,0.0,0.0,0.0,0.0,4300.0,5465.0,1.5,3.01,,0.62134266,5009.0,0.38567133,0.93189483,3.436e-05,13.03942339,-4.69262582,0.0,0.0
2023-09-03,13,BTC-231027-21000-P,BTCUSDT,P,231027-21000,245.0,245.0,245.0,245.0,0.0,0.0,180.0,225.0,19.76,18.78,,0.45326173,201.0,0.43958306,-0.09240929,3.791e-05,16.45504811,-6.72870595,38.31,992309.87015661
2023-09-03,22,BTC-231027-21000-P,BTCUSDT,P,231027-21000,180.0,180.0,180.0,180.0,0.1,0.1,200.0,240.0,17.33,21.25,,0.46676338,219.0,0.45494378,-0.09618144,3.778e-05,16.92578743,-7.21337703,38.21,991532.40207463
2023-09-03,3,BTC-231027-21000-C,BTCUSDT,C,231027-21000,0.0,0.0,0.0,0.0,0.0,0.0,4245.0,5340.0,1.5,2.97,,0.5734086,4960.0,0.3617043,0.94119936,3.253e-05,11.68271678,-3.90063509,0.0,0.0
2023-09-03,21,BTC-231027-21000-C,BTCUSDT,C,231027-21000,0.0,0.0,0.0,0.0,0.0,0.0,4420.0,5525.0,1.5,2.75,,0.61972141,5081.0,0.38486071,0.93518325,3.309e-05,12.56773879,-4.5274519,0.0,0.0
2023-09-03,5,BTC-231027-21000-P,BTCUSDT,P,231027-21000,245.0,245.0,245.0,245.0,0.0,0.0,180.0,210.0,15.0,22.22,,0.44341505,194.0,0.43417811,-0.09039308,3.764e-05,16.24228423,-6.51960816,38.31,992218.38587661
2023-09-03,9,BTC-231027-21000-P,BTCUSDT,P,231027-21000,245.0,245.0,245.0,245.0,0.0,0.0,180.0,210.0,17.33,19.08,,0.44441164,194.0,0.43515682,-0.09031999,3.758e-05,16.21096468,-6.54186432,38.31,992430.82547679
2023-09-03,14,BTC-231027-21000-P,BTCUSDT,P,231027-21000,245.0,245.0,180.0,180.0,0.1,0.1,180.0,225.0,17.23,21.25,,0.45534074,201.0,0.44162512,-0.09196322,3.757e-05,16.41097644,-6.74708877,38.21,990599.27573876
2023-09-03,23,BTC-231027-21000-P,BTCUSDT,P,231027-21000,180.0,180.0,180.0,180.0,0.1,0.1,200.0,240.0,17.33,23.72,,0.46813726,219.0,0.4562971,-0.09589821,3.757e-05,16.89599984,-7.22774442,38.21,992362.02095367
2023-09-03,11,BTC-231027-21000-C,BTCUSDT,C,231027-21000,0.0,0.0,0.0,0.0,0.0,0.0,4265.0,5445.0,1.5,2.59,,0.59179783,5043.0,0.37089891,0.94004907,3.222e-05,11.8608482,-4.08592084,0.0,0.0
2023-09-03,14,BTC-231027-21000-C,BTCUSDT,C,231027-21000,0.0,0.0,0.0,0.0,0.0,0.0,4300.0,5460.0,1.5,4.09,,0.6048727,5035.0,0.37743635,0.9367465,3.307e-05,12.34596205,-4.33807342,0.0,0.0
2023-09-03,16,BTC-231027-21000-P,BTCUSDT,P,231027-21000,245.0,245.0,180.0,180.0,0.1,0.1,185.0,225.0,17.33,18.78,,0.45117199,204.0,0.43910474,-0.09372317,3.847e-05,16.5789741,-6.78778972,38.21,987788.74143665
2023-09-03,8,BTC-231027-21000-P,BTCUSDT,P,231027-21000,245.0,245.0,245.0,245.0,0.0,0.0,180.0,210.0,15.0,19.08,,0.4428941,194.0,0.43365836,-0.09063555,3.783e-05,16.24428875,-6.52769433,38.31,991515.02779774
2023-09-03,0,BTC-231027-21000-P,BTCUSDT,P,231027-21000,245.0,245.0,245.0,245.0,0.0,0.0,180.0,210.0,15.0,19.75,,0.44092298,194.0,0.4317227,-0.09077934,3.794e-05,16.3067434,-6.48349022,38.31,991083.82395887
2023-09-03,22,BTC-231027-21000-C,BTCUSDT,C,231027-21000,0.0,0.0,0.0,0.0,0.0,0.0,4420.0,5525.0,1.5,2.75,,0.62580109,5069.0,0.38790054,0.93333266,3.359e-05,12.83185171,-4.66274583,0.0,0.0
2023-09-03,16,BTC-231027-21000-C,BTCUSDT,C,231027-21000,0.0,0.0,0.0,0.0,0.0,0.0,4300.0,5290.0,1.5,2.79,,0.56045532,4935.0,0.35522766,0.9444732,3.185e-05,11.10440269,-3.67793953,0.0,0.0
2023-09-03,6,BTC-231027-21000-P,BTCUSDT,P,231027-21000,245.0,245.0,245.0,245.0,0.0,0.0,180.0,210.0,20.47,19.75,,0.44419587,194.0,0.43494821,-0.09025053,3.753e-05,16.2237893,-6.52876472,38.31,992682.25687774
2023-09-04,4,BTC-231027-21000-P,BTCUSDT,P,231027-21000,180.0,180.0,180.0,180.0,0.1,0.1,195.0,220.0,3.63,17.02,,0.45809448,207.0,0.45049191,-0.09262132,3.715e-05,16.44354971,-6.97193828,38.21,992798.04744081
2023-09-04,12,BTC-231027-21000-C,BTCUSDT,C,231027-21000,0.0,0.0,0.0,0.0,0.0,0.0,4870.0,5410.0,5.57,5.5,,0.61345577,5045.0,0.4326129,0.91103402,3.784e-05,15.83301832,-6.48735571,0.0,0.0
2023-09-04,10,BTC-231027-21000-C,BTCUSDT,C,231027-21000,0.0,0.0,0.0,0.0,0.0,0.0,4950.0,5510.0,3.26,3.15,,0.63727379,5161.0,0.47406673,0.89512778,3.886e-05,17.91476212,-8.03100796,0.0,0.0
2023-09-04,7,BTC-231027-21000-C,BTCUSDT,C,231027-21000,0.0,0.0,0.0,0.0,0.0,0.0,4940.0,5535.0,4.37,3.4,,0.62719345,5082.0,0.38859673,0.93410949,3.333e-05,12.6780806,-4.64779201,0.0,0.0
2023-09-04,3,BTC-231027-21000-P,BTCUSDT,P,231027-21000,180.0,180.0,180.0,180.0,0.1,0.1,190.0,225.0,15.0,20.36,,0.46117604,207.0,0.45052797,-0.0925093,3.709e-05,16.43872407,-6.96498744,38.21,993040.76071986
2023-09-04,1,BTC-231027-21000-P,BTCUSDT,P,231027-21000,180.0,180.0,180.0,180.0,0.1,0.1,205.0,225.0,17.5,20.81,,0.45621216,214.0,0.45025945,-0.09557477,3.81e-05,16.79987989,-7.10263191,38.21,989820.81661655
2023-09-04,19,BTC-231027-21000-C,BTCUSDT,C,231027-21000,0.0,0.0,0.0,0.0,0.0,0.0,4220.0,17500.0,1.5,1.5,,4.81584549,5846.0,0.775,0.8050082,3.623e-05,27.07486337,-19.98382332,0.0,0.0
2023-09-04,15,BTC-231027-21000-C,BTCUSDT,C,231027-21000,0.0,0.0,0.0,0.0,0.0,0.0,4820.0,5495.0,5.88,5.8,,0.66397667,5024.0,0.44402599,0.90460519,3.894e-05,16.62471123,-7.00804015,0.0,0.0
2023-09-04,5,BTC-231027-21000-C,BTCUSDT,C,231027-21000,0.0,0.0,0.0,0.0,0.0,0.0,5350.0,5875.0,0.01,3.88,,0.76849461,5597.0,0.66200972,0.83211836,3.834e-05,24.82932946,-15.48249962,0.0,0.0
2023-09-04,7,BTC-231027-21000-P,BTCUSDT,P,231027-21000,180.0,180.0,180.0,180.0,0.1,0.1,190.0,225.0,34.83,22.14,,0.46053708,207.0,0.4498893,-0.09282591,3.733e-05,16.43935132,-6.97725159,38.21,992100.04316584
2023-09-04,4,BTC-231027-21000-C,BTCUSDT,C,231027-21000,0.0,0.0,0.0,0.0,0.0,0.0,4340.0,5635.0,1.5,3.91,,0.66131115,5122.0,0.40565557,0.92691031,3.452e-05,13.7580435,-5.25273019,0.0,0.0
2023-09-04,21,BTC-231027-21000-P,BTCUSDT,P,231027-21000,180.0,180.0,180.0,180.0,0.0,0.0,235.0,260.0,1.57,20.2,,0.46602368,247.0,0.45905322,-0.10699188,4.127e-05,17.93485638,-7.85346746,38.21,981176.38855416
2023-09-04,18,BTC-231027-21000-C,BTCUSDT,C,231027-21000,0.0,0.0,0.0,0.0,0.0,0.0,4220.0,17565.0,1.5,1.5,,4.83385086,5865.0,0.775,0.8057575,3.609e-05,27.0456368,-19.94642084,0.0,0.0
2023-09-04,18,BTC-231027-21000-P,BTCUSDT,P,231027-21000,180.0,180.0,180.0,180.0,0.0,0.0,205.0,225.0,20.18,17.7,,0.45975626,214.0,0.45376003,-0.09546067,3.802e-05,16.67845225,-7.2019159,38.21,990230.52226708
2023-09-04,11,BTC-231027-21000-P,BTCUSDT,P,231027-21000,180.0,180.0,180.0,180.0,0.1,0.1,190.0,210.0,25.38,20.82,,0.44826388,199.0,0.44210643,-0.09185946,3.786e-05,16.24219233,-6.79568709,38.21,989474.33737665
2023-09-04,17,BTC-231027-21000-P,BTCUSDT,P,231027-21000,180.0,180.0,180.0,180.0,0.0,0.0,205.0,235.0,15.0,26.87,,0.46494007,219.0,0.45603782,-0.09680543,3.821e-05,16.85238135,-7.30775425,38.21,989921.64611292
2023-09-04,19,BTC-231027-21000-P,BTCUSDT,P,231027-21000,180.0,180.0,180.0,180.0,0.0,0.0,210.0,235.0,22.88,17.14,,0.46446621,222.0,0.45708537,-0.0976512,3.842e-05,16.93736715,-7.37316289,38.21,989397.11271876
2023-09-04,9,BTC-231027-21000-C,BTCUSDT,C,231027-21000,0.0,0.0,0.0,0.0,0.0,0.0,5035.0,5570.0,5.23,3.14,,0.64651966,5253.0,0.50243616,0.88540403,3.9e-05,19.1323609,-9.08294916,0.0,0.0
2023-09-04,20,BTC-231027-21000-P,BTCUSDT,P,231027-21000,180.0,180.0,180.0,180.0,0.0,0.0,215.0,250.0,30.14,26.3,,0.46980023,232.0,0.45968533,-0.10091861,3.924e-05,17.30431251,-7.58176659,38.21,987228.92897416
2023-09-04,13,BTC-231027-21000-C,BTCUSDT,C,231027-21000,0.0,0.0,0.0,0.0,0.0,0.0,4870.0,5455.0,5.57,4.82,,0.62365055,5003.0,0.38682528,0.93259208,3.426e-05,12.83293072,-4.70530888,0.0,0.0
2023-09-04,6,BTC-231027-21000-C,BTCUSDT,C,231027-21000,0.0,0.0,0.0,0.0,0.0,0.0,4940.0,5525.0,4.37,4.44,,0.62172413,5081.0,0.38586206,0.93536012,3.305e-05,12.49724748,-4.54568358,0.0,0.0
2023-09-04,15,BTC-231027-21000-P,BTCUSDT,P,231027-21000,180.0,180.0,180.0,180.0,0.0,0.0,205.0,225.0,15.14,17.81,,0.45336962,214.0,0.44742137,-0.09686842,3.908e-05,16.81313125,-7.14166386,38.21,986486.13106957
2023-09-04,2,BTC-231027-21000-C,BTCUSDT,C,231027-21000,0.0,0.0,0.0,0.0,0.0,0.0,4340.0,5475.0,1.5,2.14,,0.59305668,5080.0,0.37152834,0.94204876,3.145e-05,11.5002596,-4.01503971,0.0,0.0
2023-09-04,2,BTC-231027-21000-P,BTCUSDT,P,231027-21000,180.0,180.0,180.0,180.0,0.1,0.1,190.0,225.0,34.83,23.31,,0.46074867,207.0,0.45010805,-0.09256652,3.713e-05,16.44994868,-6.95779427,38.21,993313.10984302
2023-09-04,20,BTC-231027-21000-C,BTCUSDT,C,231027-21000,0.0,0.0,0.0,0.0,0.0,0.0,4220.0,17500.0,1.5,1.5,,4.83901978,5798.0,0.775,0.80296757,3.655e-05,27.1748097,-20.07352458,0.0,0.0
2023-09-04,10,BTC-231027-21000-P,BTCUSDT,P,231027-21000,180.0,180.0,180.0,180.0,0.1,0.1,195.0,225.0,2.5,21.98,,0.45784771,209.0,0.44879377,-0.09425323,3.797e-05,16.56999841,-7.03216114,38.21,990095.66344335
2023-09-04,0,BTC-231027-21000-C,BTCUSDT,C,231027-21000,0.0,0.0,0.0,0.0,0.0,0.0,4335.0,5460.0,1.5,4.32,,0.61339378,5023.0,0.38169689,0.93491008,3.359e-05,12.56633012,-4.50026093,0.0,0.0
2023-09-04,12,BTC-231027-21000-P,BTCUSDT,P,231027-21000,180.0,180.0,180.0,180.0,0.1,0.1,205.0,225.0,17.5,19.88,,0.45533419,214.0,0.44937551,-0.096261,3.862e-05,16.78353073,-7.14327327,38.21,988067.65783861
2023-09-04,8,BTC-231027-21000-C,BTCUSDT,C,231027-21000,0.0,0.0,0.0,0.0,0.0,0.0,4725.0,6055.0,1.5,1.5,,0.8206892,5251.0,0.4853446,0.89338491,3.827e-05,18.19816499,-8.33898901,0.0,0.0
2023-09-04,23,BTC-231027-21000-C,BTCUSDT,C,231027-21000,0.0,0.0,0.0,0.0,0.0,0.0,5120.0,17825.0,1.5,1.5,,4.99177933,6275.0,0.94675846,0.77526728,3.237e-05,29.30944796,-26.51174685,0.0,0.0
2023-09-04,1,BTC-231027-21000-C,BTCUSDT,C,231027-21000,0.0,0.0,0.0,0.0,0.0,0.0,4335.0,5400.0,1.5,3.78,,0.58846474,5006.0,0.36923237,0.94058465,3.235e-05,11.69787406,-4.05561766,0.0,0.0
2023-09-04,17,BTC-231027-21000-C,BTCUSDT,C,231027-21000,0.0,0.0,0.0,0.0,0.0,0.0,4215.0,17540.0,1.5,1.5,,4.82400894,5859.0,0.775,0.80540898,3.613e-05,27.07760652,-19.95417474,0.0,0.0
2023-09-04,13,BTC-231027-21000-P,BTCUSDT,P,231027-21000,180.0,180.0,180.0,180.0,0.1,0.1,195.0,225.0,22.88,17.29,,0.45698106,209.0,0.44793159,-0.09458716,3.822e-05,16.57795673,-7.03866242,38.21,988946.74718249
2023-09-04,22,BTC-231027-21000-P,BTCUSDT,P,231027-21000,180.0,180.0,180.0,180.0,0.0,0.0,215.0,250.0,37.88,17.93,,0.46663582,232.0,0.4565531,-0.10179599,3.988e-05,17.35967256,-7.56621537,38.21,985072.80610335
2023-09-04,3,BTC-231027-21000-C,BTCUSDT,C,231027-21000,0.0,0.0,0.0,0.0,0.0,0.0,4340.0,5475.0,1.5,2.14,,0.59165955,5083.0,0.37082977,0.94256086,3.13e-05,11.41770105,-3.98183941,0.0,0.0
2023-09-04,21,BTC-231027-21000-C,BTCUSDT,C,231027-21000,0.0,0.0,0.0,0.0,0.0,0.0,4965.0,17680.0,1.5,1.5,,4.98023033,6143.0,0.94068594,0.77102349,3.309e-05,29.47179749,-26.44550022,0.0,0.0
2023-09-04,5,BTC-231027-21000-P,BTCUSDT,P,231027-21000,180.0,180.0,180.0,180.0,0.1,0.1,190.0,220.0,15.0,2.33,,0.45565426,204.0,0.44650674,-0.09256398,3.754e-05,16.40048054,-6.89757314,38.21,991197.77904964
2023-09-04,9,BTC-231027-21000-P,BTCUSDT,P,231027-21000,180.0,180.0,180.0,180.0,0.1,0.1,195.0,225.0,2.5,20.69,,0.46019971,209.0,0.45112252,-0.09365688,3.752e-05,16.52716872,-7.0448281,38.21,991548.08398249
2023-09-04,14,BTC-231027-21000-P,BTCUSDT,P,231027-21000,180.0,180.0,180.0,180.0,0.0,0.0,200.0,225.0,17.5,20.12,,0.45549214,212.0,0.44800162,-0.09565203,3.859e-05,16.68993429,-7.09291637,38.21,987862.12261751
2023-09-04,23,BTC-231027-21000-P,BTCUSDT,P,231027-21000,180.0,180.0,180.0,180.0,0.0,0.0,230.0,250.0,1.57,17.13,,0.46979785,239.0,0.4640916,-0.10292132,3.949e-05,17.52617218,-7.77109631,38.21,986493.58426708
2023-09-04,11,BTC-231027-21000-C,BTCUSDT,C,231027-21000,0.0,0.0,0.0,0.0,0.0,0.0,4280.0,17580.0,1.5,1.5,,4.83537674,5852.0,0.775,0.80450296,3.617e-05,27.20305968,-19.95176653,0.0,0.0
2023-09-04,14,BTC-231027-21000-C,BTCUSDT,C,231027-21000,0.0,0.0,0.0,0.0,0.0,0.0,4870.0,5455.0,5.57,4.82,,0.63402176,5066.0,0.44774055,0.90446049,3.858e-05,16.67548408,-7.08264555,0.0,0.0
2023-09-04,16,BTC-231027-21000-P,BTCUSDT,P,231027-21000,180.0,180.0,180.0,180.0,0.0,0.0,205.0,235.0,15.0,19.85,,0.46214998,219.0,0.45327783,-0.09743259,3.868e-05,16.90982607,-7.28251546,38.21,988092.50194584
2023-09-04,8,BTC-231027-21000-P,BTCUSDT,P,231027-21000,180.0,180.0,180.0,180.0,0.1,0.1,195.0,220.0,2.5,2.5,,0.45897901,207.0,0.45136273,-0.09258333,3.712e-05,16.41457204,-6.99505059,38.21,992916.42454
2023-09-04,0,BTC-231027-21000-P,BTCUSDT,P,231027-21000,180.0,180.0,180.0,180.0,0.1,0.1,205.0,225.0,18.41,17.95,,0.45613706,214.0,0.45018613,-0.09555005,3.808e-05,16.80442298,-7.09784197,38.21,990012.76098235
2023-09-04,22,BTC-231027-21000-C,BTCUSDT,C,231027-21000,0.0,0.0,0.0,0.0,0.0,0.0,1285.0,17915.0,2.92,4.04,,5.04954338,5749.0,0.775,0.80089429,3.69e-05,27.26214527,-20.17007915,0.0,0.0
2023-09-04,16,BTC-231027-21000-C,BTCUSDT,C,231027-21000,0.0,0.0,0.0,0.0,0.0,0.0,4215.0,17495.0,1.5,1.5,,4.81908798,5824.0,0.775,0.80372158,3.637e-05,27.18362907,-20.01644456,0.0,0.0
2023-09-04,6,BTC-231027-21000-P,BTCUSDT,P,231027-21000,180.0,180.0,180.0,180.0,0.1,0.1,195.0,225.0,17.5,22.14,,0.46051621,209.0,0.45144051,-0.09345557,3.737e-05,16.52996978,-7.03437211,38.21,992210.96548676
2023-09-05,4,BTC-231027-21000-P,BTCUSDT,P,231027-21000,180.0,245.0,180.0,245.0,0.01,0.01,240.0,260.0,4.13,21.05,,0.46861768,249.0,0.46304077,-0.10726267,4.107e-05,17.9324904,-7.96496144,38.21,981794.82291213
2023-09-05,12,BTC-231027-21000-C,BTCUSDT,C,231027-21000,0.0,0.0,0.0,0.0,0.0,0.0,5145.0,17740.0,1.5,1.5,,4.98018265,6283.0,0.95482416,0.77483974,3.23e-05,29.18749224,-26.90482695,0.0,0.0
2023-09-05,10,BTC-231027-21000-C,BTCUSDT,C,231027-21000,0.0,0.0,0.0,0.0,0.0,0.0,4825.0,5355.0,6.69,6.73,,0.63126087,5037.0,0.4840827,0.88690654,4.08e-05,18.62508851,-8.69019865,0.0,0.0
2023-09-05,7,BTC-231027-21000-C,BTCUSDT,C,231027-21000,0.0,0.0,0.0,0.0,0.0,0.0,4780.0,5285.0,2.52,3.27,,0.609231,4973.0,0.45968771,0.89590114,4.047e-05,17.55252179,-7.75834303,0.0,0.0
2023-09-05,3,BTC-231027-21000-P,BTCUSDT,P,231027-21000,180.0,245.0,180.0,245.0,0.01,0.01,235.0,260.0,4.13,28.89,,0.46797216,247.0,0.46097875,-0.10677556,4.111e-05,17.87555674,-7.89800311,38.21,981741.87057022
2023-09-05,1,BTC-231027-21000-P,BTCUSDT,P,231027-21000,180.0,180.0,180.0,180.0,0.0,0.0,225.0,250.0,2.5,21.95,,0.46590507,237.0,0.4587698,-0.10337777,4.022e-05,17.51963926,-7.69136803,38.21,983947.06308335
2023-09-05,19,BTC-231027-21000-C,BTCUSDT,C,231027-21000,0.0,0.0,0.0,0.0,0.0,0.0,5015.0,17605.0,1.5,1.5,,4.98727798,6164.0,0.95374413,0.77073429,3.294e-05,29.2436143,-27.07856221,0.0,0.0
2023-09-05,15,BTC-231027-21000-C,BTCUSDT,C,231027-21000,0.0,0.0,0.0,0.0,0.0,0.0,5090.0,17700.0,1.5,1.5,,4.99332428,6232.0,0.95578976,0.77273656,3.256e-05,29.23138904,-27.03779609,0.0,0.0
2023-09-05,5,BTC-231027-21000-C,BTCUSDT,C,231027-21000,0.0,0.0,0.0,0.0,0.0,0.0,5040.0,17710.0,1.5,1.5,,4.98826027,6199.0,0.94817944,0.77230474,3.276e-05,29.34905761,-26.71504003,0.0,0.0
2023-09-05,7,BTC-231027-21000-P,BTCUSDT,P,231027-21000,180.0,245.0,180.0,245.0,0.01,0.01,230.0,255.0,17.64,19.76,,0.468629,242.0,0.46154559,-0.10489001,4.053e-05,17.64907057,-7.83254694,38.21,983317.62301043
2023-09-05,4,BTC-231027-21000-C,BTCUSDT,C,231027-21000,0.0,0.0,0.0,0.0,0.0,0.0,4995.0,17690.0,1.5,1.5,,4.99042511,6163.0,0.94425745,0.77161526,3.298e-05,29.37153115,-26.60362681,0.0,0.0
2023-09-05,21,BTC-231027-21000-P,BTCUSDT,P,231027-21000,245.0,275.0,245.0,275.0,0.11,0.11,250.0,275.0,1.5,26.06,,0.48233211,262.0,0.47542989,-0.10957402,4.083e-05,18.11203434,-8.37374451,38.31,985923.46263712
2023-09-05,18,BTC-231027-21000-C,BTCUSDT,C,231027-21000,0.0,0.0,0.0,0.0,0.0,0.0,5060.0,17675.0,1.5,1.5,,4.99494553,6205.0,0.9524209,0.77271435,3.274e-05,29.17752343,-26.9580698,0.0,0.0
2023-09-05,18,BTC-231027-21000-P,BTCUSDT,P,231027-21000,245.0,245.0,245.0,245.0,0.01,0.01,245.0,275.0,0.01,17.18,,0.48213959,259.0,0.47383159,-0.10888667,4.073e-05,18.05676357,-8.29994808,38.21,983556.41303416
2023-09-05,11,BTC-231027-21000-P,BTCUSDT,P,231027-21000,180.0,245.0,180.0,245.0,0.01,0.01,245.0,265.0,2.63,20.8,,0.47783792,254.0,0.47225833,-0.10710949,4.02e-05,17.92331254,-8.1650467,38.21,985124.28621167
2023-09-05,17,BTC-231027-21000-P,BTCUSDT,P,231027-21000,245.0,245.0,245.0,245.0,0.01,0.01,250.0,275.0,30.0,18.83,,0.4823494,262.0,0.47545284,-0.10936766,4.069e-05,18.12605235,-8.353552,38.21,983724.58648249
2023-09-05,19,BTC-231027-21000-P,BTCUSDT,P,231027-21000,245.0,245.0,245.0,245.0,0.01,0.01,255.0,275.0,15.0,15.0,,0.47887027,264.0,0.47339201,-0.11095676,4.143e-05,18.25469197,-8.38992561,38.21,981757.50871043
2023-09-05,9,BTC-231027-21000-C,BTCUSDT,C,231027-21000,0.0,0.0,0.0,0.0,0.0,0.0,4815.0,5390.0,7.49,7.91,,0.64715862,5042.0,0.48919916,0.88454802,4.097e-05,18.90475232,-8.90676108,0.0,0.0
2023-09-05,20,BTC-231027-21000-P,BTCUSDT,P,231027-21000,245.0,245.0,245.0,245.0,0.01,0.01,255.0,275.0,15.0,19.11,,0.48087895,264.0,0.47538787,-0.11048134,4.109e-05,18.21228592,-8.41253236,38.21,982362.95290335
2023-09-05,13,BTC-231027-21000-C,BTCUSDT,C,231027-21000,0.0,0.0,0.0,0.0,0.0,0.0,5070.0,5580.0,3.97,4.86,,0.72799206,5307.0,0.61949492,0.83858648,4.076e-05,23.7152137,-14.19463866,0.0,0.0
2023-09-05,6,BTC-231027-21000-C,BTCUSDT,C,231027-21000,0.0,0.0,0.0,0.0,0.0,0.0,4995.0,5100.0,3.92,1.5,,0.54341316,5046.0,0.51773071,0.87056363,4.199e-05,20.45996762,-10.17718296,0.0,0.0
2023-09-05,15,BTC-231027-21000-P,BTCUSDT,P,231027-21000,245.0,245.0,245.0,245.0,0.01,0.01,255.0,275.0,17.5,17.5,,0.48263252,264.0,0.47713667,-0.10977232,4.06e-05,18.19668016,-8.40222722,38.21,984095.27742584
2023-09-05,2,BTC-231027-21000-C,BTCUSDT,C,231027-21000,0.0,0.0,0.0,0.0,0.0,0.0,1285.0,17850.0,2.92,5.01,,5.06940842,5660.0,0.775,0.79718119,3.752e-05,27.40859382,-20.34316568,0.0,0.0
2023-09-05,2,BTC-231027-21000-P,BTCUSDT,P,231027-21000,180.0,180.0,180.0,180.0,0.0,0.0,230.0,250.0,17.5,23.04,,0.46103656,239.0,0.45538306,-0.10529212,4.121e-05,17.68874376,-7.71443178,38.21,981128.94438014
2023-09-05,20,BTC-231027-21000-C,BTCUSDT,C,231027-21000,0.0,0.0,0.0,0.0,0.0,0.0,5040.0,17615.0,1.5,1.5,,4.98244286,6185.0,0.95358677,0.77177772,3.284e-05,29.19073977,-27.04702539,0.0,0.0
2023-09-05,10,BTC-231027-21000-P,BTCUSDT,P,231027-21000,180.0,245.0,180.0,245.0,0.01,0.01,245.0,275.0,17.63,20.78,,0.48154652,259.0,0.47325671,-0.10863936,4.055e-05,18.09657309,-8.25476885,38.21,984036.21375665
2023-09-05,0,BTC-231027-21000-C,BTCUSDT,C,231027-21000,0.0,0.0,0.0,0.0,0.0,0.0,5060.0,17730.0,1.5,1.5,,4.97356415,6222.0,0.94464607,0.7736836,3.266e-05,29.3480267,-26.50851827,0.0,0.0
2023-09-05,12,BTC-231027-21000-P,BTCUSDT,P,231027-21000,180.0,245.0,180.0,245.0,0.01,0.01,245.0,275.0,19.13,42.66,,0.4860127,259.0,0.47768027,-0.1075966,3.983e-05,18.0039628,-8.30262508,38.21,986993.96444584
2023-09-05,8,BTC-231027-21000-C,BTCUSDT,C,231027-21000,0.0,0.0,0.0,0.0,0.0,0.0,4750.0,5270.0,6.52,6.97,,0.61240673,4947.0,0.45814276,0.89558059,4.075e-05,17.56680295,-7.74476512,0.0,0.0
2023-09-05,23,BTC-231027-21000-C,BTCUSDT,C,231027-21000,0.0,0.0,0.0,0.0,0.0,0.0,5105.0,17665.0,1.5,1.5,,4.98125076,6240.0,0.95304794,0.77453006,3.257e-05,29.04392029,-26.96127492,0.0,0.0
2023-09-05,1,BTC-231027-21000-C,BTCUSDT,C,231027-21000,0.0,0.0,0.0,0.0,0.0,0.0,1285.0,17920.0,2.92,4.24,,5.06626129,5729.0,0.775,0.80027658,3.704e-05,27.25747622,-20.21487023,0.0,0.0
2023-09-05,17,BTC-231027-21000-C,BTCUSDT,C,231027-21000,0.0,0.0,0.0,0.0,0.0,0.0,5060.0,17675.0,1.5,1.5,,4.99038696,6206.0,0.95081396,0.77308354,3.274e-05,29.17011324,-26.88401747,0.0,0.0
2023-09-05,13,BTC-231027-21000-P,BTCUSDT,P,231027-21000,180.0,245.0,180.0,245.0,0.01,0.01,260.0,285.0,0.07,22.41,,0.48624814,272.0,0.47946751,-0.11180643,4.094e-05,18.43643357,-8.54074294,38.21,983424.42220833
2023-09-05,22,BTC-231027-21000-P,BTCUSDT,P,231027-21000,245.0,275.0,245.0,275.0,0.11,0.11,255.0,275.0,1.5,25.33,,0.48451483,264.0,0.47900021,-0.10963965,4.051e-05,18.13544699,-8.45438537,38.31,987138.47215906
2023-09-05,3,BTC-231027-21000-C,BTCUSDT,C,231027-21000,0.0,0.0,0.0,0.0,0.0,0.0,4985.0,17655.0,1.5,1.5,,4.9756813,6155.0,0.94330378,0.77143545,3.303e-05,29.38755072,-26.57001413,0.0,0.0
2023-09-05,21,BTC-231027-21000-C,BTCUSDT,C,231027-21000,0.0,0.0,0.0,0.0,0.0,0.0,5045.0,17640.0,1.5,1.5,,4.98779297,6190.0,0.95032282,0.77290558,3.284e-05,29.12099051,-26.9118336,0.0,0.0
2023-09-05,5,BTC-231027-21000-P,BTCUSDT,P,231027-21000,180.0,245.0,180.0,245.0,0.01,0.01,235.0,250.0,1.57,25.38,,0.46532214,242.0,0.46107709,-0.10494769,4.056e-05,17.66854688,-7.82069803,38.21,983140.39154459
2023-09-05,9,BTC-231027-21000-P,BTCUSDT,P,231027-21000,180.0,245.0,180.0,245.0,0.01,0.01,245.0,275.0,2.63,20.91,,0.48104823,259.0,0.47276437,-0.10871795,4.061e-05,18.10971589,-8.24554725,38.21,984016.56932124
2023-09-05,14,BTC-231027-21000-P,BTCUSDT,P,231027-21000,245.0,245.0,245.0,245.0,0.01,0.01,265.0,285.0,17.63,22.16,,0.48515141,274.0,0.47975183,-0.11271208,4.121e-05,18.52034738,-8.59162141,38.21,982548.50515876
2023-09-05,23,BTC-231027-21000-P,BTCUSDT,P,231027-21000,245.0,275.0,245.0,275.0,0.11,0.11,245.0,265.0,0.01,18.4,,0.48071444,254.0,0.47510415,-0.10696888,4.01e-05,17.82610749,-8.24927512,38.31,988066.57793661
2023-09-05,11,BTC-231027-21000-C,BTCUSDT,C,231027-21000,0.0,0.0,0.0,0.0,0.0,0.0,4825.0,5355.0,6.67,6.71,,0.62250614,5025.0,0.46520472,0.89584061,4e-05,17.56498637,-7.88229518,0.0,0.0
2023-09-05,14,BTC-231027-21000-C,BTCUSDT,C,231027-21000,0.0,0.0,0.0,0.0,0.0,0.0,5040.0,5180.0,3.98,1.5,,0.57192802,5107.0,0.53866625,0.86446674,4.176e-05,21.07211509,-10.97582721,0.0,0.0
2023-09-05,16,BTC-231027-21000-P,BTCUSDT,P,231027-21000,245.0,245.0,245.0,245.0,0.01,0.01,250.0,275.0,1.5,17.24,,0.48278511,262.0,0.47588646,-0.10920479,4.058e-05,18.12126811,-8.35221721,38.21,984319.16105416
2023-09-05,8,BTC-231027-21000-P,BTCUSDT,P,231027-21000,180.0,245.0,180.0,245.0,0.01,0.01,240.0,260.0,25.51,20.25,,0.47001302,249.0,0.4644233,-0.10709564,4.095e-05,17.89113479,-7.99588579,38.21,982117.57277876
2023-09-05,0,BTC-231027-21000-P,BTCUSDT,P,231027-21000,180.0,180.0,180.0,180.0,0.0,0.0,235.0,250.0,1.5,21.95,,0.46652913,242.0,0.4622826,-0.10440233,4.016e-05,17.66177176,-7.80691117,38.21,984573.76552249
2023-09-05,22,BTC-231027-21000-C,BTCUSDT,C,231027-21000,0.0,0.0,0.0,0.0,0.0,0.0,5105.0,17645.0,1.5,1.5,,4.97961044,6238.0,0.95843382,0.77301956,3.253e-05,29.13785276,-27.17926735,0.0,0.0
2023-09-05,16,BTC-231027-21000-C,BTCUSDT,C,231027-21000,0.0,0.0,0.0,0.0,0.0,0.0,5075.0,17675.0,1.5,1.5,,4.98441696,6220.0,0.95222301,0.77320066,3.266e-05,29.18515412,-26.91599924,0.0,0.0
2023-09-05,6,BTC-231027-21000-P,BTCUSDT,P,231027-21000,180.0,245.0,180.0,245.0,0.01,0.01,240.0,260.0,2.63,32.63,,0.46857893,249.0,0.46300054,-0.10737024,4.114e-05,17.92631245,-7.97427423,38.21,982026.40371876
2023-09-06,4,BTC-231027-21000-P,BTCUSDT,P,231027-21000,275.0,275.0,250.0,250.0,1.6,1.6,250.0,255.0,1.5,7.77,,0.47391117,252.0,0.4725036,-0.10696652,4.046e-05,17.76436871,-8.20902329,39.81,1025344.3095123
2023-09-06,12,BTC-231027-21000-C,BTCUSDT,C,231027-21000,0.0,0.0,0.0,0.0,0.0,0.0,4780.0,5330.0,7.27,7.76,,0.64261198,4999.0,0.48957229,0.88498483,4.134e-05,18.62076614,-8.97411876,0.0,0.0
2023-09-06,10,BTC-231027-21000-C,BTCUSDT,C,231027-21000,0.0,0.0,0.0,0.0,0.0,0.0,4780.0,5330.0,7.26,7.75,,0.63724041,4993.0,0.47919035,0.88962642,4.095e-05,18.10561223,-8.52681344,0.0,0.0
2023-09-06,7,BTC-231027-21000-C,BTCUSDT,C,231027-21000,0.0,0.0,0.0,0.0,0.0,0.0,4810.0,5350.0,5.13,6.4,,0.64453125,5030.0,0.49825191,0.88171537,4.132e-05,19.04434581,-9.30282315,0.0,0.0
2023-09-06,3,BTC-231027-21000-P,BTCUSDT,P,231027-21000,275.0,275.0,255.0,255.0,1.1,1.1,245.0,255.0,0.01,6.43,,0.47536612,249.0,0.47253639,-0.10595715,4.012e-05,17.66912522,-8.15892769,39.31,1013563.23136925
2023-09-06,1,BTC-231027-21000-P,BTCUSDT,P,231027-21000,245.0,275.0,245.0,275.0,0.11,0.11,245.0,260.0,6.13,21.28,,0.47775686,252.0,0.47353238,-0.10654077,4.017e-05,17.75361726,-8.20186411,38.31,987747.81169396
2023-09-06,19,BTC-231027-21000-C,BTCUSDT,C,231027-21000,0.0,0.0,0.0,0.0,0.0,0.0,4995.0,17500.0,1.5,1.5,,4.99145508,6128.0,0.95250673,0.77182914,3.323e-05,28.87360841,-27.23000011,0.0,0.0
2023-09-06,15,BTC-231027-21000-C,BTCUSDT,C,231027-21000,0.0,0.0,0.0,0.0,0.0,0.0,4920.0,17455.0,1.5,1.5,,4.99724388,6065.0,0.95297642,0.76858809,3.354e-05,29.04881486,-27.31858144,0.0,0.0
2023-09-06,5,BTC-231027-21000-C,BTCUSDT,C,231027-21000,0.0,0.0,0.0,0.0,0.0,0.0,5060.0,17635.0,1.5,1.5,,4.99746323,6196.0,0.9524519,0.77339657,3.282e-05,29.00375058,-27.03882968,0.0,0.0
2023-09-06,7,BTC-231027-21000-P,BTCUSDT,P,231027-21000,275.0,275.0,250.0,250.0,1.6,1.6,240.0,255.0,21.28,6.15,,0.47286689,247.0,0.46861291,-0.10619193,4.068e-05,17.63138028,-8.10028484,39.81,1024255.34587419
2023-09-06,4,BTC-231027-21000-C,BTCUSDT,C,231027-21000,0.0,0.0,0.0,0.0,0.0,0.0,5095.0,17635.0,1.5,1.5,,4.99191284,6224.0,0.95921822,0.77281464,3.261e-05,29.06797222,-27.26897031,0.0,0.0
2023-09-06,21,BTC-231027-21000-P,BTCUSDT,P,231027-21000,255.0,260.0,250.0,260.0,2.33,2.33,250.0,270.0,6.72,3.98,,0.48379481,259.0,0.47820151,-0.10915085,4.09e-05,17.87903078,-8.47911821,40.64,1045578.44224
2023-09-06,18,BTC-231027-21000-C,BTCUSDT,C,231027-21000,0.0,0.0,0.0,0.0,0.0,0.0,4980.0,17510.0,1.5,1.5,,5.01113892,6112.0,0.95859833,0.76953815,3.325e-05,28.99678469,-27.498364,0.0,0.0
2023-09-06,18,BTC-231027-21000-P,BTCUSDT,P,231027-21000,275.0,275.0,250.0,250.0,1.6,1.6,270.0,295.0,18.79,10.07,,0.49093783,282.0,0.48421562,-0.11571486,4.221e-05,18.59668548,-8.90829693,39.81,1021038.61825419
2023-09-06,11,BTC-231027-21000-P,BTCUSDT,P,231027-21000,275.0,275.0,250.0,250.0,1.6,1.6,230.0,250.0,9.07,5.98,,0.47096312,239.0,0.46520948,-0.10434579,4.052e-05,17.38215815,-7.95377998,39.81,1024069.87342581
2023-09-06,17,BTC-231027-21000-P,BTCUSDT,P,231027-21000,275.0,275.0,250.0,250.0,1.6,1.6,235.0,260.0,6.12,2.1,,0.48609197,247.0,0.47890604,-0.10405947,3.917e-05,17.39739529,-8.23563331,39.81,1031147.23902365
2023-09-06,19,BTC-231027-21000-P,BTCUSDT,P,231027-21000,275.0,275.0,250.0,250.0,1.6,1.6,255.0,275.0,20.1,4.46,,0.48320591,264.0,0.4776758,-0.11105659,4.15e-05,18.0838762,-8.55270096,39.81,1022305.93916108
2023-09-06,9,BTC-231027-21000-C,BTCUSDT,C,231027-21000,0.0,0.0,0.0,0.0,0.0,0.0,4780.0,5310.0,7.24,6.79,,0.61876774,4968.0,0.45017481,0.90288445,3.967e-05,16.52436042,-7.30492546,0.0,0.0
2023-09-06,20,BTC-231027-21000-P,BTCUSDT,P,231027-21000,275.0,275.0,250.0,250.0,1.6,1.6,245.0,270.0,19.76,6.32,,0.4808116,257.0,0.4738161,-0.10927784,4.137e-05,17.86987162,-8.39012143,39.81,1022387.69485054
2023-09-06,13,BTC-231027-21000-C,BTCUSDT,C,231027-21000,0.0,0.0,0.0,0.0,0.0,0.0,4780.0,5330.0,7.31,7.8,,0.63301086,4985.0,0.46813488,0.8950396,4.045e-05,17.44954459,-8.04801833,0.0,0.0
2023-09-06,6,BTC-231027-21000-C,BTCUSDT,C,231027-21000,0.0,0.0,0.0,0.0,0.0,0.0,5095.0,5605.0,3.92,4.52,,0.72972298,5332.0,0.61923027,0.84162514,4.049e-05,23.29879853,-14.13288298,0.0,0.0
2023-09-06,15,BTC-231027-21000-P,BTCUSDT,P,231027-21000,275.0,275.0,250.0,250.0,1.6,1.6,275.0,290.0,5.98,6.46,,0.48489749,282.0,0.48088133,-0.11648083,4.272e-05,18.67455948,-8.86208389,39.81,1018813.74975892
2023-09-06,2,BTC-231027-21000-C,BTCUSDT,C,231027-21000,0.0,0.0,0.0,0.0,0.0,0.0,5175.0,17845.0,1.5,3.72,,5.04611969,6297.0,0.95831699,0.77588864,3.225e-05,28.9739945,-27.11108058,0.0,0.0
2023-09-06,2,BTC-231027-21000-P,BTCUSDT,P,231027-21000,245.0,275.0,245.0,255.0,1.11,1.11,250.0,255.0,1.5,6.02,,0.47918737,252.0,0.47777265,-0.10553133,3.945e-05,17.67070253,-8.24336194,39.31,1016363.23642221
2023-09-06,20,BTC-231027-21000-C,BTCUSDT,C,231027-21000,0.0,0.0,0.0,0.0,0.0,0.0,4990.0,17650.0,1.5,5.8,,5.06040573,6124.0,0.95078535,0.77216877,3.327e-05,28.84011598,-27.17167977,0.0,0.0
2023-09-06,10,BTC-231027-21000-P,BTCUSDT,P,231027-21000,275.0,275.0,250.0,250.0,1.6,1.6,235.0,250.0,2.5,3.73,,0.47058642,242.0,0.4662925,-0.10500585,4.06e-05,17.4668154,-8.00456332,39.81,1024210.36994108
2023-09-06,0,BTC-231027-21000-C,BTCUSDT,C,231027-21000,0.0,0.0,0.0,0.0,0.0,0.0,5105.0,17680.0,1.5,1.5,,4.98644829,6240.0,0.95101662,0.77513551,3.259e-05,28.99836744,-26.88343435,0.0,0.0
2023-09-06,12,BTC-231027-21000-P,BTCUSDT,P,231027-21000,275.0,275.0,250.0,250.0,1.6,1.6,240.0,255.0,2.5,4.03,,0.47294557,247.0,0.46868682,-0.10641844,4.084e-05,17.61238226,-8.12602743,39.81,1024077.43264217
2023-09-06,8,BTC-231027-21000-C,BTCUSDT,C,231027-21000,0.0,0.0,0.0,0.0,0.0,0.0,4130.0,5845.0,3.9,3.9,,0.82847118,5032.0,0.48923559,0.8862597,4.091e-05,18.52945447,-8.89478322,0.0,0.0
2023-09-06,23,BTC-231027-21000-C,BTCUSDT,C,231027-21000,0.0,0.0,0.0,0.0,0.0,0.0,1285.0,17700.0,5.67,5.42,,5.05879402,5695.0,0.775,0.80339474,3.737e-05,26.50591822,-20.40604162,0.0,0.0
2023-09-06,1,BTC-231027-21000-C,BTCUSDT,C,231027-21000,0.0,0.0,0.0,0.0,0.0,0.0,5085.0,17685.0,1.5,1.5,,4.99788284,6222.0,0.9502203,0.77467126,3.27e-05,28.99935571,-26.88367827,0.0,0.0
2023-09-06,17,BTC-231027-21000-C,BTCUSDT,C,231027-21000,0.0,0.0,0.0,0.0,0.0,0.0,1290.0,17630.0,3.11,2.88,,4.97320175,5787.0,0.775,0.80703165,3.671e-05,26.3824744,-20.21062239,0.0,0.0
2023-09-06,13,BTC-231027-21000-P,BTCUSDT,P,231027-21000,275.0,275.0,250.0,250.0,1.6,1.6,255.0,275.0,2.5,15.0,,0.48592865,264.0,0.4803893,-0.11004079,4.079e-05,18.054233,-8.54488504,39.81,1024680.27781419
2023-09-06,22,BTC-231027-21000-P,BTCUSDT,P,231027-21000,255.0,265.0,250.0,265.0,2.45,2.45,250.0,265.0,3.45,3.96,,0.48254251,257.0,0.478324,-0.10824483,4.063e-05,17.77965592,-8.44112567,40.76,1048972.6598025
2023-09-06,3,BTC-231027-21000-C,BTCUSDT,C,231027-21000,0.0,0.0,0.0,0.0,0.0,0.0,5100.0,17785.0,1.5,5.63,,5.04689217,6232.0,0.95426865,0.77427039,3.262e-05,29.00524273,-27.04767503,0.0,0.0
2023-09-06,21,BTC-231027-21000-C,BTCUSDT,C,231027-21000,0.0,0.0,0.0,0.0,0.0,0.0,5040.0,17535.0,1.5,1.5,,4.99313354,6166.0,0.95354624,0.77337371,3.303e-05,28.79283918,-27.22839389,0.0,0.0
2023-09-06,5,BTC-231027-21000-P,BTCUSDT,P,231027-21000,275.0,275.0,250.0,250.0,1.6,1.6,240.0,260.0,22.56,25.38,,0.47634065,249.0,0.47068894,-0.10650331,4.052e-05,17.69527479,-8.15233432,39.81,1024848.22449527
2023-09-06,9,BTC-231027-21000-P,BTCUSDT,P,231027-21000,275.0,275.0,250.0,250.0,1.6,1.6,235.0,250.0,17.5,6.18,,0.47204733,242.0,0.46774715,-0.10458807,4.03e-05,17.44216487,-8.011641,39.81,1025337.52686365
2023-09-06,14,BTC-231027-21000-P,BTCUSDT,P,231027-21000,275.0,275.0,250.0,250.0,1.6,1.6,260.0,285.0,8.0,4.01,,0.48371017,272.0,0.47691315,-0.11378001,4.23e-05,18.39242272,-8.64905801,39.81,1019741.79579527
2023-09-06,23,BTC-231027-21000-P,BTCUSDT,P,231027-21000,255.0,265.0,250.0,265.0,2.45,2.45,245.0,260.0,18.46,4.65,,0.48069894,252.0,0.47644258,-0.10689099,4.041e-05,17.62024752,-8.33943792,40.76,1049990.0625094
2023-09-06,11,BTC-231027-21000-C,BTCUSDT,C,231027-21000,0.0,0.0,0.0,0.0,0.0,0.0,4780.0,5330.0,7.26,7.75,,0.63643456,4992.0,0.47704697,0.89071484,4.086e-05,17.97204834,-8.43295986,0.0,0.0
2023-09-06,14,BTC-231027-21000-C,BTCUSDT,C,231027-21000,0.0,0.0,0.0,0.0,0.0,0.0,4935.0,5060.0,4.0,1.5,,0.56174278,4995.0,0.53159952,0.86474118,4.283e-05,20.75739589,-10.88047909,0.0,0.0
2023-09-06,16,BTC-231027-21000-P,BTCUSDT,P,231027-21000,275.0,275.0,250.0,250.0,1.6,1.6,270.0,290.0,18.62,5.4,,0.4856658,279.0,0.48028678,-0.11576616,4.259e-05,18.59211511,-8.81930371,39.81,1019495.72784365
2023-09-06,8,BTC-231027-21000-P,BTCUSDT,P,231027-21000,275.0,275.0,250.0,250.0,1.6,1.6,235.0,255.0,8.25,6.74,,0.47432363,244.0,0.46861768,-0.1052667,4.04e-05,17.52725116,-8.05911157,39.81,1025099.32724108
2023-09-06,0,BTC-231027-21000-P,BTCUSDT,P,231027-21000,245.0,275.0,245.0,275.0,0.11,0.11,245.0,270.0,15.01,42.82,,0.48422396,257.0,0.47723085,-0.10739383,4.004e-05,17.87631423,-8.31628918,38.31,988218.64610113
2023-09-06,22,BTC-231027-21000-C,BTCUSDT,C,231027-21000,0.0,0.0,0.0,0.0,0.0,0.0,5050.0,17695.0,1.5,2.88,,5.05918503,6175.0,0.95131464,0.77441234,3.301e-05,28.73027182,-27.12806145,0.0,0.0
2023-09-06,16,BTC-231027-21000-C,BTCUSDT,C,231027-21000,0.0,0.0,0.0,0.0,0.0,0.0,4935.0,17445.0,1.5,1.5,,4.99132156,6077.0,0.95486231,0.76871154,3.346e-05,29.03853119,-27.38547417,0.0,0.0
2023-09-06,6,BTC-231027-21000-P,BTCUSDT,P,231027-21000,275.0,275.0,250.0,250.0,1.6,1.6,240.0,255.0,21.09,3.91,,0.47566116,247.0,0.47139525,-0.10543397,4.013e-05,17.58124647,-8.11857724,39.81,1026307.1439069
2023-09-07,4,BTC-231027-21000-P,BTCUSDT,P,231027-21000,260.0,265.0,250.0,250.0,5.41,5.41,240.0,255.0,1.5,7.12,,0.48231602,247.0,0.47800034,-0.10485543,3.972e-05,17.37920215,-8.2865463,45.22,1167503.29192003
2023-09-07,10,BTC-231027-21000-C,BTCUSDT,C,231027-21000,0.0,0.0,0.0,0.0,0.0,0.0,4800.0,5325.0,8.49,8.09,,0.64200401,5012.0,0.49516678,0.8850127,4.121e-05,18.4602609,-9.16110477,0.0,0.0
2023-09-07,3,BTC-231027-21000-P,BTCUSDT,P,231027-21000,250.0,265.0,250.0,265.0,4.49,4.49,240.0,260.0,1.5,5.5,,0.48624516,249.0,0.48050791,-0.1051125,3.954e-05,17.43170243,-8.3482415,43.8,1131717.47816491
2023-09-07,1,BTC-231027-21000-P,BTCUSDT,P,231027-21000,255.0,265.0,250.0,265.0,3.95,3.95,265.0,270.0,1.5,7.15,,0.48580885,267.0,0.48442215,-0.11056515,4.078e-05,18.02895271,-8.69017112,40.76,1049599.19854583
2023-09-07,5,BTC-231027-21000-C,BTCUSDT,C,231027-21000,0.0,0.0,0.0,0.0,0.0,0.0,5115.0,17545.0,1.5,1.5,,4.98996735,6223.0,0.95938749,0.7751262,3.271e-05,28.64224235,-27.4332806,0.0,0.0
2023-09-07,4,BTC-231027-21000-C,BTCUSDT,C,231027-21000,0.0,0.0,0.0,0.0,0.0,0.0,5130.0,17585.0,1.5,1.5,,4.99557495,6238.0,0.95702,0.7762536,3.265e-05,28.60233062,-27.3047342,0.0,0.0
2023-09-07,9,BTC-231027-21000-C,BTCUSDT,C,231027-21000,0.0,0.0,0.0,0.0,0.0,0.0,4800.0,5325.0,8.5,8.1,,0.63835144,5009.0,0.48838615,0.88808331,4.096e-05,18.11913162,-8.86390413,0.0,0.0
2023-09-07,6,BTC-231027-21000-C,BTCUSDT,C,231027-21000,0.0,0.0,0.0,0.0,0.0,0.0,5085.0,5180.0,3.55,1.5,,0.56201935,5131.0,0.53849697,0.86975168,4.123e-05,20.20780951,-10.87278105,0.0,0.0
2023-09-07,2,BTC-231027-21000-C,BTCUSDT,C,231027-21000,0.0,0.0,0.0,0.0,0.0,0.0,5075.0,17670.0,1.5,4.01,,5.05497932,6191.0,0.95752783,0.77393723,3.288e-05,28.72044056,-27.3865043,0.0,0.0
2023-09-07,2,BTC-231027-21000-P,BTCUSDT,P,231027-21000,250.0,265.0,250.0,265.0,4.49,4.49,250.0,270.0,4.07,11.14,,0.48631489,259.0,0.48070073,-0.1087633,4.063e-05,17.81356657,-8.52746141,43.8,1127902.20444693
2023-09-07,10,BTC-231027-21000-P,BTCUSDT,P,231027-21000,260.0,265.0,250.0,255.0,8.44,8.44,235.0,255.0,7.68,7.51,,0.477947,244.0,0.47218949,-0.10562481,4.066e-05,17.36937523,-8.21975788,48.25,1242160.25868112
2023-09-07,0,BTC-231027-21000-C,BTCUSDT,C,231027-21000,0.0,0.0,0.0,0.0,0.0,0.0,5060.0,17700.0,1.5,5.42,,5.06181717,6182.0,0.95185585,0.77477037,3.297e-05,28.69173217,-27.15200016,0.0,0.0
2023-09-07,8,BTC-231027-21000-C,BTCUSDT,C,231027-21000,0.0,0.0,0.0,0.0,0.0,0.0,4800.0,5320.0,8.49,8.77,,0.63259602,5003.0,0.48031092,0.89166823,4.065e-05,17.7147089,-8.51566249,0.0,0.0
2023-09-07,1,BTC-231027-21000-C,BTCUSDT,C,231027-21000,0.0,0.0,0.0,0.0,0.0,0.0,5070.0,17655.0,1.5,4.29,,5.04799843,6187.0,0.95725365,0.77375874,3.29e-05,28.7396348,-27.37424267,0.0,0.0
2023-09-07,3,BTC-231027-21000-C,BTCUSDT,C,231027-21000,0.0,0.0,0.0,0.0,0.0,0.0,5155.0,0.0,1.5,0.0,,-1e-08,5432.0,0.64602919,0.83779321,3.967e-05,23.51631212,-15.14174798,0.0,0.0
2023-09-07,5,BTC-231027-21000-P,BTCUSDT,P,231027-21000,260.0,265.0,250.0,255.0,6.96,6.96,245.0,255.0,1.5,5.53,,0.48088253,249.0,0.47802091,-0.10585599,4.005e-05,17.47350222,-8.33879944,46.77,1206327.60620088
2023-09-07,9,BTC-231027-21000-P,BTCUSDT,P,231027-21000,260.0,265.0,250.0,255.0,8.44,8.44,245.0,265.0,7.62,12.42,,0.48404217,254.0,0.47837377,-0.10783657,4.071e-05,17.6425741,-8.45383238,48.25,1241877.18494519
2023-09-07,8,BTC-231027-21000-P,BTCUSDT,P,231027-21000,260.0,265.0,250.0,255.0,8.44,8.44,235.0,255.0,9.27,5.88,,0.47879159,244.0,0.47303081,-0.10533073,4.045e-05,17.35923704,-8.21830056,48.25,1242307.45829647
2023-09-07,0,BTC-231027-21000-P,BTCUSDT,P,231027-21000,255.0,265.0,250.0,265.0,2.45,2.45,245.0,260.0,15.0,5.17,,0.48075378,252.0,0.47649562,-0.10692771,4.044e-05,17.61569049,-8.34511764,40.76,1049758.34476708
2023-09-07,6,BTC-231027-21000-P,BTCUSDT,P,231027-21000,260.0,265.0,250.0,255.0,8.44,8.44,240.0,255.0,28.46,3.63,,0.47954142,247.0,0.47523677,-0.10564671,4.029e-05,17.42412707,-8.27368927,48.25,1243183.82145615
2023-09-19,12,BTC-231027-21000-C,BTCUSDT,C,231027-21000,6400.0,6400.0,6400.0,6400.0,4.81,4.81,5995.0,6555.0,4.05,3.91,,0.74399948,6193.0,0.44699974,0.96825368,1.826e-05,6.22751765,-3.68295204,6.73,182682.05309673
2023-09-19,10,BTC-231027-21000-C,BTCUSDT,C,231027-21000,6400.0,6400.0,6400.0,6400.0,4.81,4.81,6000.0,6555.0,1.5,3.91,,0.72772026,6217.0,0.43886013,0.97083897,1.73e-05,5.81704055,-3.37012065,6.73,182921.03317805
2023-09-19,19,BTC-231027-21000-C,BTCUSDT,C,231027-21000,6400.0,6400.0,6400.0,6400.0,4.81,4.81,5740.0,17220.0,1.5,5.1,,5.03644943,6643.0,0.775,0.87771847,3.002e-05,17.66443301,-18.25324181,6.73,183067.38627251
2023-09-19,15,BTC-231027-21000-C,BTCUSDT,C,231027-21000,6400.0,6400.0,6400.0,6400.0,4.81,4.81,5935.0,7175.0,1.5,2.63,,0.94353199,6541.0,0.546766,0.94599349,2.276e-05,9.6595655,-7.01086768,6.73,184533.86806371
2023-09-19,21,BTC-231027-21000-P,BTCUSDT,P,231027-21000,120.0,120.0,120.0,120.0,0.01,0.01,85.0,95.0,20.39,3.64,,0.50891578,89.0,0.50303459,-0.04677062,2.235e-05,8.5013951,-5.71469197,64.65,1755322.83501129
2023-09-19,18,BTC-231027-21000-C,BTCUSDT,C,231027-21000,6400.0,6400.0,6400.0,6400.0,4.81,4.81,5660.0,17205.0,1.5,4.11,,5.04976273,6591.0,0.775,0.87580129,3.039e-05,17.82849903,-18.40232961,6.73,182565.83709013
2023-09-19,18,BTC-231027-21000-P,BTCUSDT,P,231027-21000,120.0,120.0,120.0,120.0,0.01,0.01,90.0,100.0,4.54,19.54,,0.5119884,94.0,0.50629526,-0.04867894,2.292e-05,8.78280701,-5.92234258,64.65,1753771.37709906
2023-09-19,11,BTC-231027-21000-P,BTCUSDT,P,231027-21000,120.0,120.0,120.0,120.0,0.01,0.01,90.0,100.0,4.49,25.85,,0.51612079,94.0,0.51040709,-0.04798398,2.23e-05,8.75146107,-5.90326839,64.65,1759942.83057712
2023-09-19,17,BTC-231027-21000-P,BTCUSDT,P,231027-21000,120.0,120.0,120.0,120.0,0.01,0.01,90.0,100.0,4.38,24.13,,0.5123657,94.0,0.50667137,-0.04860318,2.285e-05,8.78058278,-5.9186721,64.65,1757001.17742885
2023-09-19,19,BTC-231027-21000-P,BTCUSDT,P,231027-21000,120.0,120.0,120.0,120.0,0.01,0.01,90.0,100.0,3.44,20.47,,0.51562011,94.0,0.50990075,-0.04829791,2.258e-05,8.74225923,-5.94357754,64.65,1758589.3792746
2023-09-19,9,BTC-231027-21000-C,BTCUSDT,C,231027-21000,6285.0,6400.0,6285.0,6400.0,6.73,6.73,6215.0,6815.0,5.53,4.45,,0.81675529,6359.0,0.48337765,0.96071646,1.997e-05,7.46844001,-4.7605396,6.73,183645.70108899
2023-09-19,20,BTC-231027-21000-P,BTCUSDT,P,231027-21000,120.0,120.0,120.0,120.0,0.01,0.01,90.0,100.0,4.45,19.48,,0.51576078,94.0,0.51003933,-0.04831448,2.259e-05,8.73895458,-5.94955616,64.65,1756981.93162101
2023-09-19,13,BTC-231027-21000-C,BTCUSDT,C,231027-21000,6400.0,6400.0,6400.0,6400.0,4.81,4.81,5720.0,6915.0,1.5,3.18,,0.99809647,6147.0,0.57404823,0.92614184,2.81e-05,12.13491375,-9.22652141,6.73,181364.71698019
2023-09-19,15,BTC-231027-21000-P,BTCUSDT,P,231027-21000,120.0,120.0,120.0,120.0,0.01,0.01,85.0,95.0,19.33,20.13,,0.52178621,89.0,0.51581889,-0.04519215,2.093e-05,8.37891799,-5.73717197,64.65,1772676.75636237
2023-09-19,20,BTC-231027-21000-C,BTCUSDT,C,231027-21000,6400.0,6400.0,6400.0,6400.0,4.81,4.81,5680.0,17220.0,1.5,5.1,,5.04025459,6639.0,0.775,0.87774281,3.003e-05,17.65044542,-18.25907583,6.73,182900.05258793
2023-09-19,10,BTC-231027-21000-P,BTCUSDT,P,231027-21000,120.0,120.0,120.0,120.0,0.01,0.01,90.0,100.0,19.34,4.36,,0.51222861,94.0,0.50654322,-0.04839283,2.266e-05,8.79480108,-5.88111616,64.65,1757183.47622007
2023-09-19,12,BTC-231027-21000-P,BTCUSDT,P,231027-21000,120.0,120.0,120.0,120.0,0.01,0.01,90.0,100.0,9.38,29.88,,0.51115334,94.0,0.50547332,-0.04858002,2.283e-05,8.80270955,-5.88692404,64.65,1754887.77603324
2023-09-19,23,BTC-231027-21000-C,BTCUSDT,C,231027-21000,6400.0,6400.0,6400.0,6400.0,4.81,4.81,5770.0,16715.0,1.5,1.5,,4.81069565,6658.0,0.775,0.87876627,2.988e-05,17.53253866,-18.19783025,6.73,183089.94064723
2023-09-19,17,BTC-231027-21000-C,BTCUSDT,C,231027-21000,6400.0,6400.0,6400.0,6400.0,4.81,4.81,5705.0,17255.0,1.5,2.0,,5.06543159,6602.0,0.775,0.87605852,3.032e-05,17.82032182,-18.37349689,6.73,182902.05605717
2023-09-19,13,BTC-231027-21000-P,BTCUSDT,P,231027-21000,120.0,120.0,120.0,120.0,0.01,0.01,90.0,100.0,20.26,3.23,,0.50181806,94.0,0.49620152,-0.04970088,2.385e-05,8.90281817,-5.85111326,64.65,1742233.12819748
2023-09-19,22,BTC-231027-21000-P,BTCUSDT,P,231027-21000,120.0,120.0,120.0,120.0,0.01,0.01,85.0,95.0,4.03,22.62,,0.511145,89.0,0.50524592,-0.04655573,2.216e-05,8.47627124,-5.729231,64.65,1758201.28745612
2023-09-19,21,BTC-231027-21000-C,BTCUSDT,C,231027-21000,6400.0,6400.0,6400.0,6400.0,4.81,4.81,5620.0,16640.0,1.5,1.5,,4.7905159,6615.0,0.775,0.87703734,3.02e-05,17.69447977,-18.32501236,6.73,182727.34229893
2023-09-19,9,BTC-231027-21000-P,BTCUSDT,P,231027-21000,120.0,120.0,120.0,120.0,0.01,0.01,90.0,100.0,19.44,3.64,,0.51834702,94.0,0.51262051,-0.04767074,2.202e-05,8.73151037,-5.90235154,64.65,1764144.81060971
2023-09-19,14,BTC-231027-21000-P,BTCUSDT,P,231027-21000,120.0,120.0,120.0,120.0,0.01,0.01,90.0,100.0,4.42,19.43,,0.51325858,94.0,0.50756156,-0.04840434,2.267e-05,8.77651316,-5.90667763,64.65,1757315.86663166
2023-09-19,23,BTC-231027-21000-P,BTCUSDT,P,231027-21000,120.0,120.0,120.0,120.0,0.01,0.01,85.0,95.0,20.16,18.88,,0.5122906,89.0,0.50638199,-0.04646138,2.207e-05,8.46259833,-5.73924916,64.65,1758806.04202727
2023-09-19,11,BTC-231027-21000-C,BTCUSDT,C,231027-21000,6400.0,6400.0,6400.0,6400.0,4.81,4.81,6000.0,6555.0,1.5,3.91,,0.69180012,6271.0,0.42090006,0.97653089,1.502e-05,4.86017268,-2.70349737,6.73,183208.27919233
2023-09-19,14,BTC-231027-21000-C,BTCUSDT,C,231027-21000,6400.0,6400.0,6400.0,6400.0,4.81,4.81,5690.0,6880.0,1.5,3.32,,0.90407372,6282.0,0.52703686,0.94578714,2.39e-05,9.60460815,-6.71201893,6.73,182934.81488679
2023-09-19,16,BTC-231027-21000-P,BTCUSDT,P,231027-21000,120.0,120.0,120.0,120.0,0.01,0.01,85.0,95.0,5.62,3.3,,0.51461041,89.0,0.50869346,-0.04599049,2.164e-05,8.45066629,-5.71268748,64.65,1763777.87568151
2023-09-19,22,BTC-231027-21000-C,BTCUSDT,C,231027-21000,6400.0,6400.0,6400.0,6400.0,4.81,4.81,5710.0,16705.0,1.5,1.5,,4.80927467,6645.0,0.775,0.87819755,2.998e-05,17.5900701,-18.23719078,6.73,183026.9863044
2023-09-19,16,BTC-231027-21000-C,BTCUSDT,C,231027-21000,6400.0,6400.0,6400.0,6400.0,4.81,4.81,5815.0,16875.0,1.5,1.5,,4.83446121,6732.0,0.775,0.88036928,2.94e-05,17.48692078,-18.00977998,6.73,183607.50353189
2023-09-20,4,BTC-231027-21000-P,BTCUSDT,P,231027-21000,120.0,120.0,120.0,120.0,0.0,0.0,85.0,95.0,23.42,3.71,,0.50662339,89.0,0.50075024,-0.04724773,2.279e-05,8.51322504,-5.74141169,64.65,1752124.82685173
2023-09-20,12,BTC-231027-21000-C,BTCUSDT,C,231027-21000,6400.0,6400.0,6400.0,6400.0,0.0,0.0,5555.0,6715.0,1.5,2.16,,0.87616444,6167.0,0.51308222,0.9494599,2.359e-05,8.93944681,-6.23329978,6.73,182157.13898132
2023-09-20,10,BTC-231027-21000-C,BTCUSDT,C,231027-21000,6400.0,6400.0,6400.0,6400.0,0.0,0.0,5590.0,6760.0,1.5,5.43,,0.89237213,6187.0,0.52118607,0.94715586,2.402e-05,9.27675563,-6.55581593,6.73,182163.21520987
2023-09-20,7,BTC-231027-21000-C,BTCUSDT,C,231027-21000,6400.0,6400.0,6400.0,6400.0,4.81,4.81,5610.0,6785.0,3.31,2.59,,0.89327335,6210.0,0.52163668,0.9473241,2.388e-05,9.27710217,-6.53956112,6.73,182418.53957692
2023-09-20,3,BTC-231027-21000-P,BTCUSDT,P,231027-21000,120.0,120.0,120.0,120.0,0.0,0.0,85.0,100.0,22.5,27.52,,0.51405847,92.0,0.50535411,-0.04785017,2.277e-05,8.61673891,-5.85807584,64.65,1753079.79970878
2023-09-20,1,BTC-231027-21000-P,BTCUSDT,P,231027-21000,120.0,120.0,120.0,120.0,0.0,0.0,85.0,90.0,8.2,3.21,,0.51450551,87.0,0.5114761,-0.0448141,2.114e-05,8.25254022,-5.66573929,64.65,1767271.21356583
2023-09-20,19,BTC-231027-21000-C,BTCUSDT,C,231027-21000,6400.0,6400.0,6400.0,6400.0,0.0,0.0,5045.0,7015.0,1.5,1.5,,1.07552528,6144.0,0.61276264,0.91621758,2.95e-05,13.10802211,-11.0028818,6.73,181284.56933629
2023-09-20,15,BTC-231027-21000-C,BTCUSDT,C,231027-21000,6400.0,6400.0,6400.0,6400.0,0.0,0.0,5320.0,7305.0,1.5,1.5,,1.10954285,6401.0,0.62977142,0.91810446,2.789e-05,13.0362548,-11.19526111,6.73,182952.56951428
2023-09-20,5,BTC-231027-21000-C,BTCUSDT,C,231027-21000,6400.0,6400.0,6400.0,6400.0,4.81,4.81,5610.0,16585.0,1.5,1.5,,4.83618736,6494.0,0.775,0.87382941,3.104e-05,17.84837654,-18.65054495,6.73,181843.7887022
2023-09-20,7,BTC-231027-21000-P,BTCUSDT,P,231027-21000,120.0,120.0,120.0,120.0,0.0,0.0,85.0,95.0,12.94,5.97,,0.50880909,89.0,0.50291628,-0.04709927,2.266e-05,8.4849085,-5.76648278,64.65,1752356.40173072
2023-09-20,4,BTC-231027-21000-C,BTCUSDT,C,231027-21000,6400.0,6400.0,6400.0,6400.0,4.81,4.81,5685.0,16630.0,1.5,1.5,,4.83327866,6542.0,0.775,0.87542401,3.068e-05,17.73660649,-18.5129505,6.73,182394.43286484
2023-09-20,21,BTC-231027-21000-P,BTCUSDT,P,231027-21000,120.0,120.0,120.0,120.0,0.0,0.0,90.0,95.0,19.77,2.5,,0.51322162,92.0,0.51029444,-0.04794553,2.282e-05,8.5406808,-5.98388172,64.65,1753100.89976396
2023-09-20,18,BTC-231027-21000-C,BTCUSDT,C,231027-21000,6400.0,6400.0,6400.0,6400.0,0.0,0.0,5395.0,7430.0,1.5,1.5,,1.17156029,6427.0,0.66078014,0.90918473,2.878e-05,14.05176816,-12.70484804,6.73,182838.5537
2023-09-20,18,BTC-231027-21000-P,BTCUSDT,P,231027-21000,120.0,120.0,120.0,120.0,0.0,0.0,90.0,95.0,5.13,2.5,,0.51541626,92.0,0.51248312,-0.04760166,2.251e-05,8.52333603,-5.97682708,64.65,1756391.1585
2023-09-20,11,BTC-231027-21000-P,BTCUSDT,P,231027-21000,120.0,120.0,120.0,120.0,0.0,0.0,90.0,100.0,10.76,28.49,,0.51522076,94.0,0.50948501,-0.04886874,2.309e-05,8.71714536,-6.02885085,64.65,1751445.00723604
2023-09-20,17,BTC-231027-21000-P,BTCUSDT,P,231027-21000,120.0,120.0,120.0,120.0,0.0,0.0,90.0,105.0,2.5,17.5,,0.52908361,97.0,0.52049696,-0.04894184,2.261e-05,8.73505723,-6.21398998,64.65,1761004.65354389
2023-09-20,19,BTC-231027-21000-P,BTCUSDT,P,231027-21000,120.0,120.0,120.0,120.0,0.0,0.0,95.0,105.0,19.94,3.68,,0.51339328,99.0,0.50784945,-0.0517023,2.449e-05,9.01966041,-6.27483311,64.65,1741463.21063763
2023-09-20,9,BTC-231027-21000-C,BTCUSDT,C,231027-21000,6400.0,6400.0,6400.0,6400.0,0.0,0.0,5565.0,6730.0,1.5,4.7,,0.88823795,6160.0,0.51911898,0.94704597,2.417e-05,9.2881294,-6.5304416,6.73,181881.19640881
2023-09-20,20,BTC-231027-21000-P,BTCUSDT,P,231027-21000,120.0,120.0,120.0,120.0,0.0,0.0,90.0,100.0,5.1,6.31,,0.51764429,94.0,0.51188052,-0.04889363,2.311e-05,8.67494864,-6.08987765,64.65,1750696.70835173
2023-09-20,13,BTC-231027-21000-C,BTCUSDT,C,231027-21000,6400.0,6400.0,6400.0,6400.0,0.0,0.0,5320.0,7305.0,1.5,1.5,,1.1169529,6384.0,0.63347645,0.91615854,2.821e-05,13.27186404,-11.43865393,6.73,182769.17257692
2023-09-20,6,BTC-231027-21000-C,BTCUSDT,C,231027-21000,6400.0,6400.0,6400.0,6400.0,4.81,4.81,5615.0,16535.0,1.5,1.5,,4.80244637,6526.0,0.775,0.87510097,3.079e-05,17.73743903,-18.55547035,6.73,182107.89460987
2023-09-20,15,BTC-231027-21000-P,BTCUSDT,P,231027-21000,120.0,120.0,120.0,120.0,0.0,0.0,85.0,95.0,27.44,19.13,,0.51544726,89.0,0.50949574,-0.04662254,2.222e-05,8.40184841,-5.83732443,64.65,1757486.42185705
2023-09-20,2,BTC-231027-21000-C,BTCUSDT,C,231027-21000,6400.0,6400.0,6400.0,6400.0,4.81,4.81,5790.0,16715.0,1.5,1.5,,4.83478546,6618.0,0.775,0.87777903,3.015e-05,17.57520192,-18.30339608,6.73,182815.86472528
2023-09-20,2,BTC-231027-21000-P,BTCUSDT,P,231027-21000,120.0,120.0,120.0,120.0,0.0,0.0,85.0,95.0,25.37,19.17,,0.51075041,89.0,0.50484926,-0.04672522,2.231e-05,8.47340088,-5.74842839,64.65,1756173.20274734
2023-09-20,20,BTC-231027-21000-C,BTCUSDT,C,231027-21000,6400.0,6400.0,6400.0,6400.0,0.0,0.0,5640.0,16965.0,1.5,2.75,,5.02571106,6541.0,0.775,0.87750429,3.058e-05,17.37880373,-18.47117982,6.73,182245.76716484
2023-09-20,10,BTC-231027-21000-P,BTCUSDT,P,231027-21000,120.0,120.0,120.0,120.0,0.0,0.0,90.0,100.0,21.67,7.37,,0.51398814,94.0,0.50826192,-0.0489764,2.319e-05,8.73204564,-6.01785069,64.65,1749903.69440094
2023-09-20,0,BTC-231027-21000-C,BTCUSDT,C,231027-21000,6400.0,6400.0,6400.0,6400.0,4.81,4.81,5770.0,16715.0,1.5,1.5,,4.81453896,6655.0,0.775,0.87877579,2.99e-05,17.51975732,-18.20488185,6.73,182884.14168459
2023-09-20,12,BTC-231027-21000-P,BTCUSDT,P,231027-21000,120.0,120.0,120.0,120.0,0.0,0.0,90.0,100.0,10.97,25.54,,0.51385343,94.0,0.50812572,-0.04905849,2.326e-05,8.72976587,-6.02829064,64.65,1749845.32468683
2023-09-20,8,BTC-231027-21000-C,BTCUSDT,C,231027-21000,6400.0,6400.0,6400.0,6400.0,4.81,4.81,5705.0,6895.0,1.5,3.83,,0.91309071,6299.0,0.53154535,0.94645393,2.368e-05,9.42210407,-6.77556807,6.73,182994.16757031
2023-09-20,23,BTC-231027-21000-C,BTCUSDT,C,231027-21000,6400.0,6400.0,6400.0,6400.0,0.0,0.0,5640.0,16995.0,1.5,4.58,,5.03616333,6567.0,0.775,0.87878161,3.038e-05,17.24166897,-18.38847137,6.73,182564.89932749
2023-09-20,1,BTC-231027-21000-C,BTCUSDT,C,231027-21000,6400.0,6400.0,6400.0,6400.0,4.81,4.81,5840.0,16775.0,1.5,1.5,,4.79253769,6777.0,0.775,0.88299229,2.903e-05,17.16539957,-17.85661816,6.73,183971.1564934
2023-09-20,17,BTC-231027-21000-C,BTCUSDT,C,231027-21000,6400.0,6400.0,6400.0,6400.0,0.0,0.0,5395.0,7430.0,1.5,1.5,,1.15417957,6458.0,0.65208979,0.91286893,2.822e-05,13.65688859,-12.17154636,6.73,183318.8138956
2023-09-20,13,BTC-231027-21000-P,BTCUSDT,P,231027-21000,120.0,120.0,120.0,120.0,0.0,0.0,90.0,95.0,2.5,20.8,,0.5135107,92.0,0.51058739,-0.04765119,2.256e-05,8.55222634,-5.94103073,64.65,1755724.66673072
2023-09-20,22,BTC-231027-21000-P,BTCUSDT,P,231027-21000,120.0,120.0,120.0,120.0,0.0,0.0,90.0,95.0,19.1,2.5,,0.51264346,92.0,0.50971806,-0.04804337,2.291e-05,8.54485855,-5.98689669,64.65,1751886.23282978
2023-09-20,3,BTC-231027-21000-C,BTCUSDT,C,231027-21000,6400.0,6400.0,6400.0,6400.0,4.81,4.81,5685.0,16665.0,1.5,1.5,,4.83247757,6576.0,0.775,0.87645912,3.044e-05,17.66753671,-18.42018388,6.73,182493.84457912
2023-09-20,21,BTC-231027-21000-C,BTCUSDT,C,231027-21000,6400.0,6400.0,6400.0,6400.0,0.0,0.0,5640.0,16540.0,1.5,1.5,,4.82812881,6556.0,0.775,0.87813491,3.047e-05,17.31701027,-18.42656114,6.73,182496.04107365
2023-09-20,5,BTC-231027-21000-P,BTCUSDT,P,231027-21000,120.0,120.0,120.0,120.0,0.0,0.0,85.0,95.0,20.7,6.34,,0.50382316,89.0,0.49796879,-0.04759543,2.311e-05,8.54117784,-5.73470385,64.65,1746835.20647806
2023-09-20,9,BTC-231027-21000-P,BTCUSDT,P,231027-21000,120.0,120.0,120.0,120.0,0.0,0.0,90.0,100.0,4.01,23.03,,0.51218808,94.0,0.50647557,-0.04914981,2.335e-05,8.7530345,-6.00432965,64.65,1747194.55391223
2023-09-20,14,BTC-231027-21000-P,BTCUSDT,P,231027-21000,120.0,120.0,120.0,120.0,0.0,0.0,85.0,95.0,22.58,18.88,,0.51201046,89.0,0.50608575,-0.04696799,2.253e-05,8.43907486,-5.81733605,64.65,1753562.60732978
2023-09-20,23,BTC-231027-21000-P,BTCUSDT,P,231027-21000,120.0,120.0,120.0,120.0,0.0,0.0,90.0,95.0,3.89,2.5,,0.51461279,92.0,0.51167905,-0.0478555,2.274e-05,8.52255202,-6.00111463,64.65,1753762.3687254
2023-09-20,11,BTC-231027-21000-C,BTCUSDT,C,231027-21000,6400.0,6400.0,6400.0,6400.0,0.0,0.0,5620.0,6795.0,1.5,2.83,,0.90324402,6207.0,0.52662201,0.94601578,2.418e-05,9.43548185,-6.745155,6.73,182323.66432635
2023-09-20,14,BTC-231027-21000-C,BTCUSDT,C,231027-21000,6400.0,6400.0,6400.0,6400.0,0.0,0.0,5320.0,7305.0,1.5,1.5,,1.12895489,6363.0,0.63947744,0.91363537,2.863e-05,13.54641328,-11.79925948,6.73,182544.10436704
2023-09-20,16,BTC-231027-21000-P,BTCUSDT,P,231027-21000,120.0,120.0,120.0,120.0,0.0,0.0,90.0,95.0,2.5,18.25,,0.51443815,92.0,0.51150978,-0.04764537,2.255e-05,8.53712645,-5.9615321,64.65,1755714.99764827
2023-09-20,8,BTC-231027-21000-P,BTCUSDT,P,231027-21000,120.0,120.0,120.0,120.0,0.0,0.0,85.0,95.0,28.41,3.27,,0.51376402,89.0,0.50783336,-0.04658372,2.218e-05,8.43153649,-5.79275875,64.65,1757886.02279655
2023-09-20,0,BTC-231027-21000-P,BTCUSDT,P,231027-21000,120.0,120.0,120.0,120.0,0.0,0.0,85.0,95.0,20.09,4.35,,0.51240265,89.0,0.50649166,-0.04648043,2.209e-05,8.45967897,-5.7449236,64.65,1756829.0876536
2023-09-20,22,BTC-231027-21000-C,BTCUSDT,C,231027-21000,6400.0,6400.0,6400.0,6400.0,0.0,0.0,5640.0,16960.0,1.5,4.91,,5.02849579,6541.0,0.775,0.87776993,3.057e-05,17.33360029,-18.46534151,6.73,182369.59546704
2023-09-20,16,BTC-231027-21000-C,BTCUSDT,C,231027-21000,6400.0,6400.0,6400.0,6400.0,0.0,0.0,5345.0,7350.0,1.5,1.5,,1.13814831,6398.0,0.64407415,0.91347359,2.846e-05,13.5664148,-11.92870221,6.73,182768.16603516
2023-09-20,6,BTC-231027-21000-P,BTCUSDT,P,231027-21000,120.0,120.0,120.0,120.0,0.0,0.0,90.0,100.0,8.22,28.43,,0.51185131,94.0,0.50614506,-0.04908912,2.329e-05,8.7622205,-5.98643856,64.65,1749372.27140094
2023-09-21,4,BTC-231027-21000-P,BTCUSDT,P,231027-21000,120.0,120.0,120.0,120.0,0.0,0.0,90.0,100.0,21.87,21.24,,0.51996648,94.0,0.51417649,-0.04890031,2.312e-05,8.63580661,-6.14578171,64.65,1751513.66789254
2023-09-21,10,BTC-231027-21000-C,BTCUSDT,C,231027-21000,6400.0,6400.0,6400.0,6400.0,0.0,0.0,5340.0,6460.0,1.5,3.98,,0.9374094,5792.0,0.5437047,0.93080002,2.93e-05,11.11683734,-8.42407633,6.73,179371.87523296
2023-09-21,7,BTC-231027-21000-C,BTCUSDT,C,231027-21000,6400.0,6400.0,6400.0,6400.0,0.0,0.0,5550.0,6715.0,4.7,5.44,,0.9187746,6108.0,0.5343873,0.94286638,2.531e-05,9.7167504,-7.2118144,6.73,181661.38795277
2023-09-21,3,BTC-231027-21000-P,BTCUSDT,P,231027-21000,120.0,120.0,120.0,120.0,0.0,0.0,90.0,100.0,7.08,5.39,,0.51630557,94.0,0.51054239,-0.04928325,2.347e-05,8.67589582,-6.12360995,64.65,1747251.24698871
2023-09-21,1,BTC-231027-21000-P,BTCUSDT,P,231027-21000,120.0,120.0,120.0,120.0,0.0,0.0,90.0,100.0,27.83,4.46,,0.51546752,94.0,0.5097124,-0.04931141,2.349e-05,8.6884719,-6.10844198,64.65,1747365.53540094
2023-09-21,19,BTC-231027-21000-C,BTCUSDT,C,231027-21000,6400.0,6400.0,6400.0,6400.0,0.0,0.0,5170.0,16445.0,1.5,5.51,,5.04066467,6094.0,0.775,0.86410899,3.392e-05,18.09307103,-19.7494725,6.73,179165.77674837
2023-09-21,15,BTC-231027-21000-C,BTCUSDT,C,231027-21000,6400.0,6400.0,6400.0,6400.0,0.0,0.0,5150.0,6230.0,1.5,5.34,,0.85222721,5690.0,0.50111361,0.94334622,2.735e-05,9.46284892,-6.6476086,6.73,178967.12267912
2023-09-21,5,BTC-231027-21000-C,BTCUSDT,C,231027-21000,6400.0,6400.0,6400.0,6400.0,0.0,0.0,5590.0,16430.0,1.5,1.5,,4.81481552,6516.0,0.775,0.8778252,3.071e-05,17.24403842,-18.5184187,6.73,182208.03627031
2023-09-21,7,BTC-231027-21000-P,BTCUSDT,P,231027-21000,120.0,120.0,120.0,120.0,0.0,0.0,90.0,95.0,8.71,3.29,,0.50936043,92.0,0.5064404,-0.0487161,2.353e-05,8.562617,-6.02285249,64.65,1745083.02097273
2023-09-21,4,BTC-231027-21000-C,BTCUSDT,C,231027-21000,6400.0,6400.0,6400.0,6400.0,0.0,0.0,5535.0,16405.0,1.5,1.5,,4.79338646,6534.0,0.775,0.87832772,3.058e-05,17.21676373,-18.46780293,6.73,182330.81183166
2023-09-21,21,BTC-231027-21000-P,BTCUSDT,P,231027-21000,120.0,120.0,100.0,120.0,2.11,2.11,115.0,120.0,3.26,2.5,,0.51800311,117.0,0.51546991,-0.05994808,2.786e-05,9.86802715,-7.18118032,66.75,1776086.0538461
2023-09-21,18,BTC-231027-21000-C,BTCUSDT,C,231027-21000,6400.0,6400.0,6400.0,6400.0,0.0,0.0,5170.0,16445.0,1.5,5.51,,5.03410339,6103.0,0.775,0.86431541,3.386e-05,18.09118823,-19.72426679,6.73,179161.2254934
2023-09-21,18,BTC-231027-21000-P,BTCUSDT,P,231027-21000,120.0,120.0,100.0,120.0,2.11,2.11,110.0,120.0,23.28,6.77,,0.51698029,114.0,0.5118674,-0.05912907,2.771e-05,9.77874977,-7.0416248,66.75,1776970.55002736
2023-09-21,11,BTC-231027-21000-P,BTCUSDT,P,231027-21000,120.0,120.0,100.0,100.0,0.05,0.05,105.0,115.0,22.5,7.74,,0.51775634,109.0,0.51249921,-0.056417,2.643e-05,9.51104122,-6.80026433,64.69,1729431.13272501
2023-09-21,17,BTC-231027-21000-P,BTCUSDT,P,231027-21000,120.0,120.0,100.0,120.0,2.11,2.11,110.0,120.0,22.39,19.38,,0.51927149,114.0,0.51414609,-0.05878084,2.74e-05,9.75488008,-7.04744517,66.75,1779415.05972504
2023-09-21,19,BTC-231027-21000-P,BTCUSDT,P,231027-21000,120.0,120.0,100.0,120.0,2.11,2.11,115.0,125.0,4.07,8.17,,0.52166879,119.0,0.51666379,-0.06084086,2.81e-05,9.99039771,-7.26996487,66.75,1777015.69063201
2023-09-21,9,BTC-231027-21000-C,BTCUSDT,C,231027-21000,6400.0,6400.0,6400.0,6400.0,0.0,0.0,5315.0,6425.0,1.5,4.61,,0.87738514,5859.0,0.51369257,0.9431804,2.648e-05,9.57672657,-6.84848032,6.73,180004.8945956
2023-09-21,20,BTC-231027-21000-P,BTCUSDT,P,231027-21000,120.0,120.0,100.0,120.0,2.11,2.11,115.0,120.0,3.33,3.26,,0.5167228,117.0,0.51419377,-0.06008103,2.798e-05,9.88502146,-7.16730645,66.75,1775413.95469768
2023-09-21,13,BTC-231027-21000-C,BTCUSDT,C,231027-21000,6400.0,6400.0,6400.0,6400.0,0.0,0.0,5100.0,6170.0,1.5,4.22,,0.88728905,5560.0,0.51864452,0.93279597,3.033e-05,10.76048463,-7.80540506,6.73,177761.48829233
2023-09-21,6,BTC-231027-21000-C,BTCUSDT,C,231027-21000,6400.0,6400.0,6400.0,6400.0,0.0,0.0,5555.0,6715.0,1.5,5.44,,0.88469505,6167.0,0.51734753,0.94979862,2.351e-05,8.80097776,-6.31652617,6.73,182169.48520327
2023-09-21,15,BTC-231027-21000-P,BTCUSDT,P,231027-21000,120.0,120.0,100.0,100.0,0.05,0.05,110.0,120.0,26.17,8.14,,0.51449358,114.0,0.50939888,-0.05934291,2.79e-05,9.8141026,-7.00835218,64.69,1720264.95781757
2023-09-21,2,BTC-231027-21000-C,BTCUSDT,C,231027-21000,6400.0,6400.0,6400.0,6400.0,0.0,0.0,5475.0,16355.0,1.5,1.5,,4.81017113,6430.0,0.775,0.87436299,3.138e-05,17.5492531,-18.78112792,6.73,181516.66158229
2023-09-21,2,BTC-231027-21000-P,BTCUSDT,P,231027-21000,120.0,120.0,120.0,120.0,0.0,0.0,95.0,100.0,7.5,4.41,,0.51244736,97.0,0.50961941,-0.05057118,2.404e-05,8.84096794,-6.22167199,64.65,1743692.74462034
2023-09-21,20,BTC-231027-21000-C,BTCUSDT,C,231027-21000,6400.0,6400.0,6400.0,6400.0,0.0,0.0,5140.0,16400.0,1.5,4.16,,5.02443314,6089.0,0.775,0.8640537,3.396e-05,18.08417971,-19.76296315,6.73,179004.28337251
2023-09-21,10,BTC-231027-21000-P,BTCUSDT,P,231027-21000,120.0,120.0,100.0,100.0,0.05,0.05,105.0,120.0,22.5,41.66,,0.51665366,112.0,0.5089125,-0.05799867,2.729e-05,9.68924015,-6.87243745,64.69,1724155.51394055
2023-09-21,0,BTC-231027-21000-C,BTCUSDT,C,231027-21000,6400.0,6400.0,6400.0,6400.0,0.0,0.0,5625.0,16495.0,1.5,1.5,,4.83905792,6499.0,0.775,0.87656348,3.087e-05,17.40365339,-18.58254017,6.73,182065.09476811
2023-09-21,8,BTC-231027-21000-C,BTCUSDT,C,231027-21000,6400.0,6400.0,6400.0,6400.0,0.0,0.0,5515.0,6665.0,1.5,2.95,,0.92159271,6048.0,0.53579636,0.94086978,2.601e-05,9.9528525,-7.41511062,6.73,181231.31506811
2023-09-21,23,BTC-231027-21000-C,BTCUSDT,C,231027-21000,6400.0,6400.0,6400.0,6400.0,0.0,0.0,5140.0,16390.0,1.5,2.18,,5.03938675,6062.0,0.775,0.86343544,3.416e-05,18.0894517,-19.83866105,6.73,178807.72743629
2023-09-21,1,BTC-231027-21000-C,BTCUSDT,C,231027-21000,6400.0,6400.0,6400.0,6400.0,0.0,0.0,5525.0,16890.0,1.5,4.11,,5.03007889,6481.0,0.775,0.87606101,3.1e-05,17.43049826,-18.63259564,6.73,181898.99540987
2023-09-21,17,BTC-231027-21000-C,BTCUSDT,C,231027-21000,6400.0,6400.0,6400.0,6400.0,0.0,0.0,5225.0,16500.0,1.5,5.52,,5.04037857,6140.0,0.775,0.8656461,3.355e-05,18.00871768,-19.61136065,6.73,179407.69066591
2023-09-21,13,BTC-231027-21000-P,BTCUSDT,P,231027-21000,120.0,120.0,100.0,100.0,0.05,0.05,120.0,135.0,2.5,15.0,,0.5185622,127.0,0.51138997,-0.0647733,2.99e-05,10.45766696,-7.47964233,64.69,1708676.17795405
2023-09-21,22,BTC-231027-21000-P,BTCUSDT,P,231027-21000,120.0,120.0,100.0,120.0,2.11,2.11,115.0,125.0,18.67,8.54,,0.52194059,119.0,0.51693082,-0.06093004,2.818e-05,9.98025215,-7.29201162,66.75,1774847.51126402
2023-09-21,3,BTC-231027-21000-C,BTCUSDT,C,231027-21000,6400.0,6400.0,6400.0,6400.0,0.0,0.0,5535.0,16390.0,1.5,1.5,,4.80566978,6483.0,0.775,0.87640835,3.097e-05,17.37903236,-18.62038585,6.73,181887.09810107
2023-09-21,21,BTC-231027-21000-C,BTCUSDT,C,231027-21000,6400.0,6400.0,6400.0,6400.0,0.0,0.0,5180.0,16430.0,1.5,4.52,,5.0352478,6102.0,0.775,0.86470652,3.385e-05,18.02489377,-19.72134791,6.73,179072.04707692
2023-09-21,5,BTC-231027-21000-P,BTCUSDT,P,231027-21000,120.0,120.0,120.0,120.0,0.0,0.0,90.0,100.0,6.49,21.26,,0.51913083,94.0,0.513345,-0.04902921,2.324e-05,8.64264154,-6.14779043,64.65,1750334.25629655
2023-09-21,9,BTC-231027-21000-P,BTCUSDT,P,231027-21000,120.0,120.0,105.0,105.0,0.04,0.04,100.0,105.0,2.5,6.84,,0.50702751,102.0,0.50430417,-0.05386009,2.586e-05,9.18060482,-6.44521922,64.67,1729705.27986586
2023-09-21,14,BTC-231027-21000-P,BTCUSDT,P,231027-21000,120.0,120.0,100.0,100.0,0.05,0.05,115.0,125.0,20.95,5.44,,0.5189389,119.0,0.51395535,-0.06100753,2.824e-05,10.03367109,-7.2208037,64.69,1719505.12756015
2023-09-21,23,BTC-231027-21000-P,BTCUSDT,P,231027-21000,120.0,120.0,100.0,120.0,2.11,2.11,115.0,125.0,18.76,7.71,,0.52088737,119.0,0.51588207,-0.06111745,2.834e-05,9.9900216,-7.2929312,66.75,1773464.45859917
2023-09-21,11,BTC-231027-21000-C,BTCUSDT,C,231027-21000,6400.0,6400.0,6400.0,6400.0,0.0,0.0,5305.0,6415.0,1.5,2.07,,0.87567329,5852.0,0.51283665,0.94347651,2.645e-05,9.52518665,-6.81486213,6.73,179920.72226371
2023-09-21,14,BTC-231027-21000-C,BTCUSDT,C,231027-21000,6400.0,6400.0,6400.0,6400.0,0.0,0.0,5185.0,6270.0,1.5,4.2,,0.87308884,5698.0,0.51154442,0.93977684,2.809e-05,9.93261626,-7.11454762,6.73,178888.07402195
2023-09-21,16,BTC-231027-21000-P,BTCUSDT,P,231027-21000,120.0,120.0,100.0,120.0,2.11,2.11,115.0,125.0,18.83,22.86,,0.51965475,119.0,0.51466495,-0.06099241,2.823e-05,10.02068846,-7.23830937,66.75,1774821.58145622
2023-09-21,8,BTC-231027-21000-P,BTCUSDT,P,231027-21000,120.0,120.0,120.0,120.0,0.0,0.0,90.0,100.0,21.94,5.38,,0.51160395,94.0,0.5058673,-0.0499987,2.412e-05,8.7160991,-6.13096842,64.65,1740951.63731849
2023-09-21,0,BTC-231027-21000-P,BTCUSDT,P,231027-21000,120.0,120.0,120.0,120.0,0.0,0.0,90.0,95.0,25.24,2.5,,0.5106169,92.0,0.50769687,-0.04833866,2.318e-05,8.56237784,-5.98910359,64.65,1748961.12581849
2023-09-21,22,BTC-231027-21000-C,BTCUSDT,C,231027-21000,6400.0,6400.0,6400.0,6400.0,0.0,0.0,5140.0,16390.0,1.5,2.18,,5.02786636,6082.0,0.775,0.86407974,3.4e-05,18.0566706,-19.77938535,6.73,178947.17229673
2023-09-21,16,BTC-231027-21000-C,BTCUSDT,C,231027-21000,6400.0,6400.0,6400.0,6400.0,0.0,0.0,5150.0,16435.0,1.5,2.08,,5.03406525,6081.0,0.775,0.86317044,3.405e-05,18.19815587,-19.79447891,6.73,178944.55795057
2023-09-21,6,BTC-231027-21000-P,BTCUSDT,P,231027-21000,120.0,120.0,120.0,120.0,0.0,0.0,90.0,95.0,21.11,3.55,,0.51353574,92.0,0.5106017,-0.04820872,2.306e-05,8.52085966,-6.035742,64.65,1749963.92546676
2023-09-22,4,BTC-231027-21000-P,BTCUSDT,P,231027-21000,110.0,120.0,100.0,120.0,2.12,2.12,110.0,115.0,5.57,2.5,,0.51735163,112.0,0.51474422,-0.05799493,2.726e-05,9.58878169,-7.02600476,66.74,1778987.05789858
2023-09-22,12,BTC-231027-21000-C,BTCUSDT,C,231027-21000,6400.0,6400.0,6400.0,6400.0,0.0,0.0,5175.0,6255.0,1.5,2.68,,0.87491035,5697.0,0.51245518,0.94176492,2.767e-05,9.55127425,-7.03415326,6.73,178923.73488679
2023-09-22,10,BTC-231027-21000-C,BTCUSDT,C,231027-21000,6400.0,6400.0,6400.0,6400.0,0.0,0.0,5225.0,6320.0,1.5,5.44,,0.90313911,5719.0,0.52656956,0.93725866,2.85e-05,10.13997293,-7.65505274,6.73,178962.08035604
2023-09-22,7,BTC-231027-21000-C,BTCUSDT,C,231027-21000,6400.0,6400.0,6400.0,6400.0,0.0,0.0,5185.0,6280.0,4.1,4.8,,0.84682465,5768.0,0.49841232,0.94809567,2.581e-05,8.7760445,-6.24869611,6.73,179561.91416264
2023-09-22,3,BTC-231027-21000-P,BTCUSDT,P,231027-21000,110.0,120.0,100.0,120.0,2.12,2.12,115.0,120.0,6.02,2.5,,0.52078903,117.0,0.51824391,-0.05981958,2.775e-05,9.8223468,-7.2374925,66.74,1777307.73281741
2023-09-22,1,BTC-231027-21000-P,BTCUSDT,P,231027-21000,110.0,120.0,100.0,120.0,2.11,2.11,120.0,125.0,10.2,2.5,,0.52544057,122.0,0.5229497,-0.0613925,2.802e-05,10.03744866,-7.44550213,66.75,1777958.80211559
2023-09-22,19,BTC-231027-21000-C,BTCUSDT,C,231027-21000,6400.0,6400.0,6400.0,6400.0,0.0,0.0,5170.0,16240.0,1.5,6.0,,5.03938675,6023.0,0.775,0.86475234,3.438e-05,17.73872203,-19.92392024,6.73,178621.25614616
2023-09-22,15,BTC-231027-21000-C,BTCUSDT,C,231027-21000,6400.0,6400.0,6400.0,6400.0,0.0,0.0,5230.0,6325.0,1.5,5.86,,0.89199066,5748.0,0.52099533,0.94063032,2.763e-05,9.69659814,-7.28636635,6.73,179268.45510107
2023-09-22,5,BTC-231027-21000-C,BTCUSDT,C,231027-21000,6400.0,6400.0,6400.0,6400.0,0.0,0.0,5185.0,15910.0,1.5,1.5,,4.79751587,6142.0,0.775,0.86742341,3.347e-05,17.72768665,-19.58045504,6.73,179442.38936264
2023-09-22,7,BTC-231027-21000-P,BTCUSDT,P,231027-21000,110.0,120.0,100.0,120.0,2.12,2.12,105.0,110.0,6.2,2.5,,0.51450729,107.0,0.51182956,-0.05612942,2.674e-05,9.33692507,-6.82701804,66.74,1780677.88279565
2023-09-22,4,BTC-231027-21000-C,BTCUSDT,C,231027-21000,6400.0,6400.0,6400.0,6400.0,0.0,0.0,5185.0,15910.0,1.5,1.5,,4.80089188,6129.0,0.775,0.86675174,3.359e-05,17.78887704,-19.62473333,6.73,179391.41294063
2023-09-22,21,BTC-231027-21000-P,BTCUSDT,P,231027-21000,120.0,120.0,120.0,120.0,0.01,0.01,90.0,100.0,4.65,22.56,,0.50167322,94.0,0.49595922,-0.05252091,2.651e-05,8.75048046,-6.30491045,66.74,1773241.70531164
2023-09-22,18,BTC-231027-21000-C,BTCUSDT,C,231027-21000,6400.0,6400.0,6400.0,6400.0,0.0,0.0,5120.0,16255.0,1.5,5.03,,5.02332687,6068.0,0.775,0.86641156,3.4e-05,17.63401398,-19.7824216,6.73,178915.37341648
2023-09-22,18,BTC-231027-21000-P,BTCUSDT,P,231027-21000,120.0,120.0,120.0,120.0,0.01,0.01,90.0,100.0,19.82,22.54,,0.50214767,94.0,0.49643427,-0.05235068,2.634e-05,8.75134163,-6.2887302,66.74,1774266.27367247
2023-09-22,11,BTC-231027-21000-P,BTCUSDT,P,231027-21000,120.0,120.0,120.0,120.0,2.07,2.07,100.0,105.0,3.2,21.65,,0.50841987,102.0,0.50567627,-0.05466522,2.66e-05,9.1111898,-6.61336498,66.74,1777915.69021306
2023-09-22,17,BTC-231027-21000-P,BTCUSDT,P,231027-21000,120.0,120.0,120.0,120.0,0.01,0.01,90.0,100.0,23.3,19.26,,0.50082982,94.0,0.49512684,-0.05247539,2.646e-05,8.76761719,-6.27626194,66.74,1774025.65763766
2023-09-22,19,BTC-231027-21000-P,BTCUSDT,P,231027-21000,120.0,120.0,120.0,120.0,0.01,0.01,95.0,100.0,3.23,20.7,,0.49932003,97.0,0.49651176,-0.0536608,2.693e-05,8.9018069,-6.40558016,66.74,1771349.57432318
2023-09-22,9,BTC-231027-21000-C,BTCUSDT,C,231027-21000,6400.0,6400.0,6400.0,6400.0,0.0,0.0,5225.0,6320.0,1.5,5.44,,0.8828783,5753.0,0.51643915,0.94170517,2.737e-05,9.59584651,-7.09642366,6.73,179288.71979673
2023-09-22,20,BTC-231027-21000-P,BTCUSDT,P,231027-21000,120.0,120.0,120.0,120.0,0.01,0.01,90.0,100.0,4.76,27.57,,0.49936831,94.0,0.49367189,-0.05276825,2.674e-05,8.77753744,-6.28762575,66.74,1770880.38478912
2023-09-22,13,BTC-231027-21000-C,BTCUSDT,C,231027-21000,6400.0,6400.0,6400.0,6400.0,0.0,0.0,5175.0,6255.0,1.5,2.68,,0.86504936,5714.0,0.50752468,0.94409583,2.704e-05,9.25183919,-6.75616572,6.73,179022.50688132
2023-09-22,6,BTC-231027-21000-C,BTCUSDT,C,231027-21000,6400.0,6400.0,6400.0,6400.0,0.0,0.0,5160.0,16380.0,1.5,5.81,,5.03585815,6101.0,0.775,0.86594307,3.38e-05,17.82134359,-19.70730567,6.73,179113.34117365
2023-09-22,15,BTC-231027-21000-P,BTCUSDT,P,231027-21000,120.0,120.0,120.0,120.0,2.07,2.07,95.0,100.0,3.2,21.19,,0.50361097,97.0,0.50079048,-0.05297393,2.627e-05,8.86301858,-6.40170262,66.74,1777767.71076452
2023-09-22,2,BTC-231027-21000-C,BTCUSDT,C,231027-21000,6400.0,6400.0,6400.0,6400.0,0.0,0.0,5115.0,15865.0,1.5,1.5,,4.80501175,6060.0,0.775,0.86377475,3.416e-05,18.02687474,-19.84022248,6.73,178807.39389453
2023-09-22,2,BTC-231027-21000-P,BTCUSDT,P,231027-21000,110.0,120.0,100.0,120.0,2.11,2.11,125.0,130.0,4.68,17.5,,0.52668989,127.0,0.52425742,-0.06352722,2.879e-05,10.27776158,-7.65186889,66.75,1773461.1504398
2023-09-22,20,BTC-231027-21000-C,BTCUSDT,C,231027-21000,6400.0,6400.0,6400.0,6400.0,0.0,0.0,5075.0,16205.0,1.5,3.13,,5.02755165,6018.0,0.775,0.86472198,3.441e-05,17.72794137,-19.93588868,6.73,178573.9435066
2023-09-22,10,BTC-231027-21000-P,BTCUSDT,P,231027-21000,120.0,120.0,120.0,120.0,2.07,2.07,95.0,100.0,20.71,2.5,,0.49977481,97.0,0.49697042,-0.05326439,2.655e-05,8.91518998,-6.35209204,66.74,1774729.45660653
2023-09-22,0,BTC-231027-21000-C,BTCUSDT,C,231027-21000,6400.0,6400.0,6400.0,6400.0,0.0,0.0,5185.0,15845.0,1.5,1.5,,4.76216316,6127.0,0.775,0.86611164,3.362e-05,17.88595982,-19.63865074,6.73,179304.84887031
2023-09-22,12,BTC-231027-21000-P,BTCUSDT,P,231027-21000,120.0,120.0,120.0,120.0,2.07,2.07,100.0,110.0,4.29,23.44,,0.51070869,104.0,0.50530553,-0.05594543,2.718e-05,9.25439551,-6.7204249,66.74,1774349.19262176
2023-09-22,8,BTC-231027-21000-C,BTCUSDT,C,231027-21000,6400.0,6400.0,6400.0,6400.0,0.0,0.0,5265.0,6365.0,1.5,3.25,,0.89096069,5788.0,0.52048035,0.94123147,2.728e-05,9.67479628,-7.20220213,6.73,179509.8883044
2023-09-22,23,BTC-231027-21000-C,BTCUSDT,C,231027-21000,6400.0,6400.0,6400.0,6400.0,0.0,0.0,5185.0,16245.0,1.5,2.23,,5.03881454,6053.0,0.775,0.86654175,3.41e-05,17.56046961,-19.81945538,6.73,178890.60183956
2023-09-22,1,BTC-231027-21000-C,BTCUSDT,C,231027-21000,6400.0,6400.0,6400.0,6400.0,0.0,0.0,5185.0,16410.0,1.5,2.8,,5.02994537,6116.0,0.775,0.86583023,3.371e-05,17.89338082,-19.6700221,6.73,179260.86499233
2023-09-22,17,BTC-231027-21000-C,BTCUSDT,C,231027-21000,6400.0,6400.0,6400.0,6400.0,0.0,0.0,5120.0,16290.0,1.5,4.55,,5.04329681,6054.0,0.775,0.86572459,3.412e-05,17.69573525,-19.82774491,6.73,178891.10991761
2023-09-22,13,BTC-231027-21000-P,BTCUSDT,P,231027-21000,120.0,120.0,120.0,120.0,2.07,2.07,95.0,100.0,4.84,2.5,,0.501647,97.0,0.49883425,-0.05314292,2.643e-05,8.88852553,-6.37971153,66.74,1775328.69379782
2023-09-22,22,BTC-231027-21000-P,BTCUSDT,P,231027-21000,120.0,120.0,120.0,120.0,0.01,0.01,90.0,95.0,5.2,2.5,,0.49718559,92.0,0.49428433,-0.05152334,2.619e-05,8.61753461,-6.19565222,66.74,1773940.85383264
2023-09-22,3,BTC-231027-21000-C,BTCUSDT,C,231027-21000,6400.0,6400.0,6400.0,6400.0,0.0,0.0,5145.0,15900.0,1.5,1.5,,4.80175972,6110.0,0.775,0.86589383,3.374e-05,17.86325411,-19.68343703,6.73,179222.07134943
2023-09-22,21,BTC-231027-21000-C,BTCUSDT,C,231027-21000,6400.0,6400.0,6400.0,6400.0,0.0,0.0,5155.0,16210.0,1.5,2.73,,5.0201416,6046.0,0.775,0.86597015,3.417e-05,17.62681792,-19.84616846,6.73,178812.05688863
2023-09-22,5,BTC-231027-21000-P,BTCUSDT,P,231027-21000,110.0,120.0,100.0,120.0,2.12,2.12,110.0,115.0,6.91,2.5,,0.51867306,112.0,0.51606119,-0.05786141,2.714e-05,9.57174698,-7.03981778,66.74,1779492.58039565
2023-09-22,9,BTC-231027-21000-P,BTCUSDT,P,231027-21000,100.0,120.0,100.0,120.0,2.08,2.08,95.0,100.0,5.38,17.5,,0.50228238,97.0,0.49946994,-0.05291463,2.622e-05,8.88968719,-6.35818141,66.74,1777968.67150577
2023-09-22,14,BTC-231027-21000-P,BTCUSDT,P,231027-21000,120.0,120.0,120.0,120.0,2.07,2.07,90.0,95.0,6.61,2.5,,0.5004406,92.0,0.49753278,-0.05083953,2.553e-05,8.59822759,-6.16263917,66.74,1781031.6488
2023-09-22,23,BTC-231027-21000-P,BTCUSDT,P,231027-21000,120.0,120.0,120.0,120.0,0.01,0.01,90.0,95.0,6.32,3.21,,0.497244,92.0,0.49434185,-0.05155276,2.622e-05,8.61490925,-6.20200303,66.74,1774020.61913406
2023-09-22,11,BTC-231027-21000-C,BTCUSDT,C,231027-21000,6400.0,6400.0,6400.0,6400.0,0.0,0.0,5160.0,6240.0,1.5,5.49,,0.84233761,5735.0,0.4961688,0.94833574,2.592e-05,8.7123262,-6.20495173,6.73,179283.37721207
2023-09-22,14,BTC-231027-21000-C,BTCUSDT,C,231027-21000,6400.0,6400.0,6400.0,6400.0,0.0,0.0,5200.0,6290.0,1.5,2.04,,0.85321426,5774.0,0.50160713,0.9478893,2.583e-05,8.76876475,-6.33633633,6.73,179597.5876
2023-09-22,16,BTC-231027-21000-P,BTCUSDT,P,231027-21000,120.0,120.0,120.0,120.0,0.01,0.01,95.0,100.0,4.23,17.5,,0.50186098,97.0,0.49904555,-0.05322893,2.651e-05,8.88007178,-6.39936293,66.74,1775020.4650087
2023-09-22,8,BTC-231027-21000-P,BTCUSDT,P,231027-21000,110.0,120.0,100.0,120.0,2.12,2.12,95.0,105.0,7.82,22.5,,0.50944984,99.0,0.50388694,-0.05353332,2.618e-05,8.98850174,-6.4779792,66.74,1780161.95325941
2023-09-22,0,BTC-231027-21000-P,BTCUSDT,P,231027-21000,110.0,120.0,100.0,120.0,2.11,2.11,120.0,125.0,3.31,2.5,,0.5258435,122.0,0.52335262,-0.0612945,2.794e-05,10.03523725,-7.44080191,66.75,1778395.04637347
2023-09-22,22,BTC-231027-21000-C,BTCUSDT,C,231027-21000,6400.0,6400.0,6400.0,6400.0,0.0,0.0,5185.0,16230.0,1.5,5.99,,5.0271225,6057.0,0.775,0.86656558,3.407e-05,17.5716368,-19.80802027,6.73,178882.55838019
2023-09-22,16,BTC-231027-21000-C,BTCUSDT,C,231027-21000,6400.0,6400.0,6400.0,6400.0,0.0,0.0,5230.0,16290.0,1.5,4.55,,5.03168106,6074.0,0.775,0.86636484,3.396e-05,17.6630264,-19.76727925,6.73,178991.42537472
2023-09-22,6,BTC-231027-21000-P,BTCUSDT,P,231027-21000,110.0,120.0,100.0,120.0,2.12,2.12,110.0,120.0,6.61,22.5,,0.52120209,114.0,0.51604897,-0.05905597,2.764e-05,9.70355637,-7.14507766,66.74,1776229.47844418
2023-09-23,4,BTC-231027-21000-P,BTCUSDT,P,231027-21000,120.0,120.0,120.0,120.0,0.0,0.0,85.0,95.0,6.2,21.49,,0.49693704,89.0,0.49104244,-0.05082783,2.621e-05,8.48283893,-6.10319776,66.74,1771674.52338973
2023-09-23,12,BTC-231027-21000-C,BTCUSDT,C,231027-21000,6400.0,6400.0,6400.0,6400.0,0.0,0.0,5110.0,16155.0,1.5,3.28,,5.03789902,6039.0,0.775,0.86790269,3.413e-05,17.2962733,-19.8341907,6.73,178850.13605057
2023-09-23,10,BTC-231027-21000-C,BTCUSDT,C,231027-21000,6400.0,6400.0,6400.0,6400.0,0.0,0.0,5110.0,16155.0,1.5,3.28,,5.03465652,6034.0,0.775,0.86740999,3.419e-05,17.3570937,-19.85497125,6.73,178818.58566264
2023-09-23,7,BTC-231027-21000-C,BTCUSDT,C,231027-21000,6400.0,6400.0,6400.0,6400.0,0.0,0.0,5090.0,16185.0,4.08,3.44,,5.03302574,6051.0,0.775,0.86763807,3.406e-05,17.37948296,-19.80749222,6.73,178899.58971761
2023-09-23,3,BTC-231027-21000-P,BTCUSDT,P,231027-21000,120.0,120.0,120.0,120.0,0.0,0.0,90.0,95.0,3.24,3.53,,0.49566805,92.0,0.49276948,-0.05189309,2.656e-05,8.62401848,-6.21900243,66.74,1771058.19921741
2023-09-23,1,BTC-231027-21000-P,BTCUSDT,P,231027-21000,120.0,120.0,120.0,120.0,0.01,0.01,90.0,95.0,2.5,22.34,,0.49788058,92.0,0.49497485,-0.05154899,2.622e-05,8.60411912,-6.21725715,66.74,1773949.68404854
2023-09-23,19,BTC-231027-21000-C,BTCUSDT,C,231027-21000,6400.0,6400.0,6400.0,6400.0,0.0,0.0,5155.0,16145.0,1.5,3.6,,5.0412941,6064.0,0.775,0.86991793,3.387e-05,17.06213342,-19.73604304,6.73,179095.83355937
2023-09-23,15,BTC-231027-21000-C,BTCUSDT,C,231027-21000,6400.0,6400.0,6400.0,6400.0,0.0,0.0,5110.0,16115.0,1.5,3.24,,5.02639771,6041.0,0.775,0.86841787,3.41e-05,17.22092892,-19.82111187,6.73,178895.58647692
2023-09-23,5,BTC-231027-21000-C,BTCUSDT,C,231027-21000,6400.0,6400.0,6400.0,6400.0,0.0,0.0,5095.0,16180.0,1.5,3.54,,5.04066467,6016.0,0.775,0.86598398,3.437e-05,17.522649,-19.92183134,6.73,178637.73059453
2023-09-23,7,BTC-231027-21000-P,BTCUSDT,P,231027-21000,120.0,120.0,95.0,95.0,0.01,0.01,85.0,90.0,3.82,3.23,,0.49415767,87.0,0.4911536,-0.04965784,2.574e-05,8.32267403,-6.01133809,66.75,1774375.5740937
2023-09-23,4,BTC-231027-21000-C,BTCUSDT,C,231027-21000,6400.0,6400.0,6400.0,6400.0,0.0,0.0,5165.0,16175.0,1.5,3.8,,5.03283501,6023.0,0.775,0.86607994,3.432e-05,17.52878228,-19.90447129,6.73,178654.02371011
2023-09-23,21,BTC-231027-21000-P,BTCUSDT,P,231027-21000,120.0,120.0,95.0,95.0,0.01,0.01,90.0,100.0,4.43,26.28,,0.50907075,94.0,0.50327182,-0.05252731,2.651e-05,8.62296854,-6.49331005,66.75,1773505.94601236
2023-09-23,18,BTC-231027-21000-C,BTCUSDT,C,231027-21000,6400.0,6400.0,6400.0,6400.0,0.0,0.0,5230.0,16145.0,1.5,3.6,,5.03658295,6068.0,0.775,0.86993769,3.384e-05,17.07354086,-19.72470499,6.73,179099.75692749
2023-09-23,18,BTC-231027-21000-P,BTCUSDT,P,231027-21000,120.0,120.0,95.0,95.0,0.01,0.01,85.0,95.0,20.86,6.96,,0.50522149,89.0,0.49924672,-0.0503566,2.575e-05,8.36846637,-6.22796708,66.75,1776360.88780232
2023-09-23,11,BTC-231027-21000-P,BTCUSDT,P,231027-21000,120.0,120.0,95.0,95.0,0.01,0.01,85.0,90.0,3.24,4.63,,0.49484789,87.0,0.49183875,-0.0497197,2.58e-05,8.30776826,-6.03854333,66.75,1773987.11109917
2023-09-23,17,BTC-231027-21000-P,BTCUSDT,P,231027-21000,120.0,120.0,95.0,95.0,0.01,0.01,90.0,95.0,3.22,21.28,,0.50384164,92.0,0.50090343,-0.05142353,2.61e-05,8.50897634,-6.3456684,66.75,1775399.54109917
2023-09-23,19,BTC-231027-21000-P,BTCUSDT,P,231027-21000,120.0,120.0,95.0,95.0,0.01,0.01,85.0,90.0,21.43,2.5,,0.4994005,87.0,0.49636841,-0.04947451,2.556e-05,8.24496561,-6.10826722,66.75,1776321.97475307
2023-09-23,9,BTC-231027-21000-C,BTCUSDT,C,231027-21000,6400.0,6400.0,6400.0,6400.0,0.0,0.0,5110.0,16185.0,1.5,3.44,,5.04297256,6041.0,0.775,0.86753798,3.413e-05,17.36087263,-19.83489684,6.73,178852.94120327
2023-09-23,20,BTC-231027-21000-P,BTCUSDT,P,231027-21000,120.0,120.0,95.0,95.0,0.01,0.01,85.0,90.0,20.72,2.5,,0.49833477,87.0,0.49530596,-0.04963527,2.572e-05,8.25411162,-6.10955301,66.75,1774871.35788441
2023-09-23,13,BTC-231027-21000-C,BTCUSDT,C,231027-21000,6400.0,6400.0,6400.0,6400.0,0.0,0.0,5110.0,16155.0,1.5,3.28,,5.04125595,6037.0,0.775,0.86799691,3.414e-05,17.27668439,-19.83618639,6.73,178864.06862969
2023-09-23,6,BTC-231027-21000-C,BTCUSDT,C,231027-21000,6400.0,6400.0,6400.0,6400.0,0.0,0.0,5095.0,16180.0,1.5,3.54,,5.02944946,6048.0,0.775,0.86735877,3.41e-05,17.4122514,-19.82054871,6.73,178889.40758989
2023-09-23,15,BTC-231027-21000-P,BTCUSDT,P,231027-21000,120.0,120.0,95.0,95.0,0.01,0.01,85.0,95.0,19.84,8.45,,0.50219834,89.0,0.49624979,-0.05060303,2.599e-05,8.40583378,-6.19513642,66.75,1774335.8688461
2023-09-23,2,BTC-231027-21000-C,BTCUSDT,C,231027-21000,6400.0,6400.0,6400.0,6400.0,0.0,0.0,5165.0,16195.0,1.5,5.07,,5.03738403,6022.0,0.775,0.86574057,3.434e-05,17.57859179,-19.9124054,6.73,178658.95194428
2023-09-23,2,BTC-231027-21000-P,BTCUSDT,P,231027-21000,120.0,120.0,120.0,120.0,0.01,0.01,85.0,95.0,8.32,19.25,,0.49613774,89.0,0.49025178,-0.05085099,2.624e-05,8.49524525,-6.08741684,66.74,1771723.39565549
2023-09-23,20,BTC-231027-21000-C,BTCUSDT,C,231027-21000,6400.0,6400.0,6400.0,6400.0,0.0,0.0,5155.0,16110.0,1.5,5.65,,5.03671646,6043.0,0.775,0.86926016,3.404e-05,17.09643284,-19.80034501,6.73,178949.57660767
2023-09-23,10,BTC-231027-21000-P,BTCUSDT,P,231027-21000,120.0,120.0,95.0,95.0,0.01,0.01,80.0,90.0,22.82,36.83,,0.49405754,84.0,0.48795104,-0.04880671,2.562e-05,8.18826824,-5.89737659,66.75,1773572.15348906
2023-09-23,0,BTC-231027-21000-C,BTCUSDT,C,231027-21000,6400.0,6400.0,6400.0,6400.0,0.0,0.0,5185.0,16245.0,1.5,2.23,,5.03328323,6071.0,0.775,0.8674094,3.394e-05,17.48575161,-19.75910512,6.73,179032.90584063
2023-09-23,12,BTC-231027-21000-P,BTCUSDT,P,231027-21000,120.0,120.0,95.0,95.0,0.01,0.01,85.0,90.0,3.34,36.4,,0.49512506,87.0,0.49211413,-0.04972311,2.58e-05,8.30295949,-6.04587264,66.75,1773885.07895622
2023-09-23,8,BTC-231027-21000-C,BTCUSDT,C,231027-21000,6400.0,6400.0,6400.0,6400.0,0.0,0.0,5120.0,16185.0,1.5,3.44,,5.04056931,6040.0,0.775,0.8673618,3.415e-05,17.38628701,-19.83956001,6.73,178843.77509119
2023-09-23,23,BTC-231027-21000-C,BTCUSDT,C,231027-21000,6400.0,6400.0,6400.0,6400.0,0.0,0.0,5110.0,16085.0,1.5,5.22,,5.03914833,6030.0,0.775,0.86918682,3.413e-05,17.06305008,-19.83578883,6.73,178856.75771897
2023-09-23,1,BTC-231027-21000-C,BTCUSDT,C,231027-21000,6400.0,6400.0,6400.0,6400.0,0.0,0.0,5130.0,16245.0,1.5,2.23,,5.0447464,6052.0,0.775,0.86678818,3.409e-05,17.51720646,-19.81873054,6.73,178883.44881101
2023-09-23,17,BTC-231027-21000-C,BTCUSDT,C,231027-21000,6400.0,6400.0,6400.0,6400.0,0.0,0.0,5150.0,16145.0,1.5,3.6,,5.04030228,6053.0,0.775,0.86922409,3.397e-05,17.13758441,-19.77412904,6.73,179002.83013629
2023-09-23,13,BTC-231027-21000-P,BTCUSDT,P,231027-21000,120.0,120.0,95.0,95.0,0.01,0.01,85.0,90.0,3.21,18.87,,0.49539149,87.0,0.49237907,-0.04972765,2.581e-05,8.2982418,-6.05315433,66.75,1774023.26612654
2023-09-23,22,BTC-231027-21000-P,BTCUSDT,P,231027-21000,120.0,120.0,95.0,95.0,0.01,0.01,90.0,100.0,4.95,26.06,,0.50896227,94.0,0.50316304,-0.05257898,2.656e-05,8.62206682,-6.4993316,66.75,1773113.54431327
2023-09-23,3,BTC-231027-21000-C,BTCUSDT,C,231027-21000,6400.0,6400.0,6400.0,6400.0,0.0,0.0,5165.0,16195.0,1.5,5.07,,5.04542351,6010.0,0.775,0.86541528,3.444e-05,17.58861765,-19.9480596,6.73,178591.87414943
2023-09-23,21,BTC-231027-21000-C,BTCUSDT,C,231027-21000,6400.0,6400.0,6400.0,6400.0,0.0,0.0,5110.0,16080.0,1.5,2.77,,5.03316879,6025.0,0.775,0.86871609,3.419e-05,17.12237939,-19.85512135,6.73,178811.910362
2023-09-23,5,BTC-231027-21000-P,BTCUSDT,P,231027-21000,120.0,120.0,95.0,95.0,0.01,0.01,85.0,90.0,6.41,2.5,,0.49106061,87.0,0.48806965,-0.04995381,2.603e-05,8.3593569,-5.98525238,66.75,1771778.3829398
2023-09-23,9,BTC-231027-21000-P,BTCUSDT,P,231027-21000,120.0,120.0,95.0,95.0,0.01,0.01,80.0,90.0,21.99,40.13,,0.49418151,84.0,0.48807561,-0.04875679,2.557e-05,8.18880252,-5.89201983,66.75,1773912.90123599
2023-09-23,14,BTC-231027-21000-P,BTCUSDT,P,231027-21000,120.0,120.0,95.0,95.0,0.01,0.01,85.0,95.0,4.71,44.66,,0.50103486,89.0,0.49509645,-0.05070438,2.609e-05,8.41999115,-6.18349506,66.75,1773368.8007141
2023-09-23,23,BTC-231027-21000-P,BTCUSDT,P,231027-21000,120.0,120.0,95.0,95.0,0.01,0.01,90.0,100.0,7.03,26.44,,0.51012933,94.0,0.50432026,-0.05247611,2.646e-05,8.60777543,-6.5116111,66.75,1773950.75449349
2023-09-23,11,BTC-231027-21000-C,BTCUSDT,C,231027-21000,6400.0,6400.0,6400.0,6400.0,0.0,0.0,5110.0,16155.0,1.5,3.28,,5.03460884,6040.0,0.775,0.86780263,3.413e-05,17.31627736,-19.83267541,6.73,178860.42333629
2023-09-23,14,BTC-231027-21000-C,BTCUSDT,C,231027-21000,6400.0,6400.0,6400.0,6400.0,0.0,0.0,5110.0,16155.0,1.5,3.28,,5.04770279,6029.0,0.775,0.86782104,3.42e-05,17.27631306,-19.8602789,6.73,178798.08282855
2023-09-23,16,BTC-231027-21000-P,BTCUSDT,P,231027-21000,120.0,120.0,95.0,95.0,0.01,0.01,90.0,95.0,3.2,21.76,,0.50406396,92.0,0.50112605,-0.05135946,2.604e-05,8.50863766,-6.34036955,66.75,1775859.08917579
2023-09-23,8,BTC-231027-21000-P,BTCUSDT,P,231027-21000,120.0,120.0,95.0,95.0,0.01,0.01,80.0,90.0,7.43,23.53,,0.49377263,84.0,0.4876709,-0.0487693,2.558e-05,8.19496405,-5.8843349,66.75,1773821.98920315
2023-09-23,0,BTC-231027-21000-P,BTCUSDT,P,231027-21000,120.0,120.0,120.0,120.0,0.01,0.01,85.0,95.0,22.92,19.72,,0.49887598,89.0,0.49297273,-0.05045049,2.584e-05,8.46988554,-6.08809896,66.74,1775431.81809858
2023-09-23,22,BTC-231027-21000-C,BTCUSDT,C,231027-21000,6400.0,6400.0,6400.0,6400.0,0.0,0.0,5110.0,16085.0,1.5,5.22,,5.04138947,6018.0,0.775,0.86859656,3.424e-05,17.1179884,-19.8748111,6.73,178772.34686484
2023-09-23,16,BTC-231027-21000-C,BTCUSDT,C,231027-21000,6400.0,6400.0,6400.0,6400.0,0.0,0.0,5110.0,16115.0,1.5,3.24,,5.01955032,6062.0,0.775,0.86940675,3.391e-05,17.1373353,-19.74933871,6.73,179049.1635978
2023-09-23,6,BTC-231027-21000-P,BTCUSDT,P,231027-21000,120.0,120.0,95.0,95.0,0.01,0.01,85.0,90.0,4.34,5.7,,0.49356699,87.0,0.49056619,-0.049692,2.577e-05,8.3308345,-6.00267963,66.75,1774274.58493685
2023-09-24,4,BTC-231027-21000-P,BTCUSDT,P,231027-21000,95.0,95.0,95.0,95.0,0.01,0.01,90.0,95.0,2.5,4.44,,0.50558507,92.0,0.50263286,-0.0516303,2.63e-05,8.46870076,-6.42512569,66.75,1773493.71132944
2023-09-24,12,BTC-231027-21000-C,BTCUSDT,C,231027-21000,6400.0,6400.0,6400.0,6400.0,0.0,0.0,5120.0,16010.0,1.5,3.47,,5.03261566,6046.0,0.775,0.8717932,3.39e-05,16.70904968,-19.74512163,6.73,179065.34074283
2023-09-24,10,BTC-231027-21000-C,BTCUSDT,C,231027-21000,6400.0,6400.0,6400.0,6400.0,0.0,0.0,5120.0,15535.0,1.5,1.5,,4.81334686,6024.0,0.775,0.87062852,3.41e-05,16.81834896,-19.82390244,6.73,178882.1247076
2023-09-24,7,BTC-231027-21000-C,BTCUSDT,C,231027-21000,6400.0,6400.0,6400.0,6400.0,0.0,0.0,5090.0,16010.0,4.39,2.74,,5.03356934,6012.0,0.775,0.86971812,3.423e-05,16.92202184,-19.87054898,6.73,178771.10270886
2023-09-24,3,BTC-231027-21000-P,BTCUSDT,P,231027-21000,95.0,95.0,95.0,95.0,0.01,0.01,90.0,95.0,3.75,3.2,,0.5053848,92.0,0.50243437,-0.05161617,2.629e-05,8.47279581,-6.41762166,66.75,1773632.76256315
2023-09-24,1,BTC-231027-21000-P,BTCUSDT,P,231027-21000,120.0,120.0,95.0,95.0,0.01,0.01,90.0,95.0,6.25,3.25,,0.50557017,92.0,0.50262004,-0.05151798,2.619e-05,8.47487485,-6.40547438,66.75,1774521.88101236
2023-09-24,19,BTC-231027-21000-C,BTCUSDT,C,231027-21000,6400.0,6400.0,6400.0,6400.0,0.0,0.0,5005.0,15835.0,1.5,5.39,,5.03282547,5904.0,0.775,0.86722825,3.509e-05,16.94151722,-20.19949411,6.73,178025.07280987
2023-09-24,15,BTC-231027-21000-C,BTCUSDT,C,231027-21000,6400.0,6400.0,6400.0,6400.0,0.0,0.0,5120.0,15470.0,1.5,1.5,,4.79919434,6018.0,0.775,0.87115743,3.412e-05,16.71608973,-19.82902799,6.73,178866.40973166
2023-09-24,5,BTC-231027-21000-C,BTCUSDT,C,231027-21000,6400.0,6400.0,6400.0,6400.0,0.0,0.0,5095.0,16030.0,1.5,4.52,,5.03861427,6010.0,0.775,0.869315,3.426e-05,16.9765375,-19.88435057,6.73,178743.10079749
2023-09-24,7,BTC-231027-21000-P,BTCUSDT,P,231027-21000,95.0,95.0,95.0,95.0,0.0,0.0,90.0,95.0,4.64,5.78,,0.50619185,92.0,0.50323546,-0.05167224,2.634e-05,8.45634876,-6.44777736,66.75,1773101.20443034
2023-09-24,4,BTC-231027-21000-C,BTCUSDT,C,231027-21000,6400.0,6400.0,6400.0,6400.0,0.0,0.0,5095.0,16020.0,1.5,2.06,,5.02659798,6020.0,0.775,0.86955615,3.418e-05,16.97226395,-19.85433957,6.73,178810.67681269
2023-09-24,21,BTC-231027-21000-P,BTCUSDT,P,231027-21000,95.0,95.0,95.0,95.0,0.0,0.0,95.0,105.0,7.5,7.84,,0.51938474,99.0,0.51367342,-0.05470784,2.729e-05,8.7545832,-6.93623927,66.75,1770147.21275326
2023-09-24,18,BTC-231027-21000-C,BTCUSDT,C,231027-21000,6400.0,6400.0,6400.0,6400.0,0.0,0.0,5120.0,15885.0,1.5,3.3,,4.99814987,6028.0,0.775,0.87201277,3.401e-05,16.61614425,-19.78618266,6.73,178993.52424723
2023-09-24,18,BTC-231027-21000-P,BTCUSDT,P,231027-21000,95.0,95.0,95.0,95.0,0.0,0.0,95.0,100.0,2.5,4.62,,0.51730692,97.0,0.51440418,-0.05327345,2.656e-05,8.61255863,-6.80717219,66.75,1775307.24271957
2023-09-24,11,BTC-231027-21000-P,BTCUSDT,P,231027-21000,95.0,95.0,95.0,95.0,0.0,0.0,85.0,95.0,8.47,7.5,,0.50952137,89.0,0.50349057,-0.05048699,2.588e-05,8.29101286,-6.35702329,66.75,1775339.00240495
2023-09-24,17,BTC-231027-21000-P,BTCUSDT,P,231027-21000,95.0,95.0,95.0,95.0,0.0,0.0,95.0,100.0,3.63,3.55,,0.52190185,97.0,0.5189839,-0.05268226,2.6e-05,8.56771038,-6.82327699,66.75,1779621.2732141
2023-09-24,19,BTC-231027-21000-P,BTCUSDT,P,231027-21000,95.0,95.0,95.0,95.0,0.0,0.0,100.0,110.0,7.75,7.1,,0.51984608,104.0,0.51431149,-0.05702814,2.82e-05,9.03431704,-7.14838681,66.75,1765701.87370862
2023-09-24,9,BTC-231027-21000-C,BTCUSDT,C,231027-21000,6400.0,6400.0,6400.0,6400.0,0.0,0.0,5120.0,15535.0,1.5,1.5,,4.80687141,6033.0,0.775,0.87081868,3.404e-05,16.81760783,-19.79793644,6.73,178942.73715277
2023-09-24,20,BTC-231027-21000-P,BTCUSDT,P,231027-21000,95.0,95.0,95.0,95.0,0.0,0.0,100.0,105.0,3.65,3.2,,0.51798999,102.0,0.51517606,-0.05574487,2.761e-05,8.88545039,-7.05145521,66.75,1768974.09626502
2023-09-24,13,BTC-231027-21000-C,BTCUSDT,C,231027-21000,6400.0,6400.0,6400.0,6400.0,0.0,0.0,5120.0,16010.0,1.5,3.47,,5.04236221,6031.0,0.775,0.87134459,3.402e-05,16.7284317,-19.79317556,6.73,178970.57050987
2023-09-24,6,BTC-231027-21000-C,BTCUSDT,C,231027-21000,6400.0,6400.0,6400.0,6400.0,0.0,0.0,5095.0,16030.0,1.5,4.52,,5.04402161,6004.0,0.775,0.86923786,3.43e-05,16.96910925,-19.90071384,6.73,178702.53827585
2023-09-24,15,BTC-231027-21000-P,BTCUSDT,P,231027-21000,95.0,95.0,95.0,95.0,0.0,0.0,90.0,100.0,2.5,8.16,,0.51541984,94.0,0.50955117,-0.05246257,2.645e-05,8.52009598,-6.64503569,66.75,1774046.48582292
2023-09-24,2,BTC-231027-21000-C,BTCUSDT,C,231027-21000,6400.0,6400.0,6400.0,6400.0,0.0,0.0,5110.0,16085.0,1.5,5.22,,5.04507065,6035.0,0.775,0.86985196,3.407e-05,16.97690486,-19.80993227,6.73,178903.55006371
2023-09-24,2,BTC-231027-21000-P,BTCUSDT,P,231027-21000,120.0,120.0,95.0,95.0,0.01,0.01,90.0,95.0,3.2,6.48,,0.50590456,92.0,0.50295264,-0.05151604,2.619e-05,8.4693994,-6.41360893,66.75,1774414.85390083
2023-09-24,20,BTC-231027-21000-C,BTCUSDT,C,231027-21000,6400.0,6400.0,6400.0,6400.0,0.0,0.0,5005.0,15835.0,1.5,5.39,,5.0157547,5948.0,0.775,0.86916518,3.469e-05,16.79283121,-20.04791714,6.73,178354.99127886
2023-09-24,10,BTC-231027-21000-P,BTCUSDT,P,231027-21000,95.0,95.0,95.0,95.0,0.0,0.0,85.0,95.0,8.73,7.23,,0.5081445,89.0,0.50212562,-0.0506104,2.6e-05,8.30705335,-6.34400434,66.75,1774202.35129753
2023-09-24,0,BTC-231027-21000-C,BTCUSDT,C,231027-21000,6400.0,6400.0,6400.0,6400.0,0.0,0.0,5110.0,16085.0,1.5,5.22,,5.04554749,6022.0,0.775,0.86902049,3.42e-05,17.0620178,-19.85941307,6.73,178798.96320509
2023-09-24,12,BTC-231027-21000-P,BTCUSDT,P,231027-21000,95.0,95.0,95.0,95.0,0.0,0.0,85.0,95.0,8.91,4.42,,0.51045954,89.0,0.5044204,-0.05041539,2.581e-05,8.27950355,-6.36800358,66.75,1776019.53857114
2023-09-24,8,BTC-231027-21000-C,BTCUSDT,C,231027-21000,6400.0,6400.0,6400.0,6400.0,0.0,0.0,5120.0,16010.0,1.5,3.42,,5.02673149,6034.0,0.775,0.87071574,3.403e-05,16.83785187,-19.79670891,6.73,178946.42534063
2023-09-24,23,BTC-231027-21000-C,BTCUSDT,C,231027-21000,6400.0,6400.0,6400.0,6400.0,0.0,0.0,4800.0,15630.0,1.5,5.42,,5.02526283,5729.0,0.775,0.86058639,3.665e-05,17.34089893,-20.78225545,6.73,176675.1560978
2023-09-24,1,BTC-231027-21000-C,BTCUSDT,C,231027-21000,6400.0,6400.0,6400.0,6400.0,0.0,0.0,5110.0,16085.0,1.5,5.22,,5.04201889,6036.0,0.775,0.86972405,3.407e-05,16.99892372,-19.81076886,6.73,178914.340962
2023-09-24,17,BTC-231027-21000-C,BTCUSDT,C,231027-21000,6400.0,6400.0,6400.0,6400.0,0.0,0.0,5120.0,15470.0,1.5,1.5,,4.76989746,6098.0,0.775,0.87457546,3.341e-05,16.44331694,-19.5553444,6.73,179428.48192855
2023-09-24,13,BTC-231027-21000-P,BTCUSDT,P,231027-21000,95.0,95.0,95.0,95.0,0.0,0.0,85.0,95.0,2.5,7.34,,0.50975621,89.0,0.50372064,-0.05053543,2.593e-05,8.28471485,-6.37126779,66.75,1775079.58120862
2023-09-24,22,BTC-231027-21000-P,BTCUSDT,P,231027-21000,95.0,95.0,95.0,95.0,0.0,0.0,105.0,110.0,3.2,2.5,,0.52351296,107.0,0.52076519,-0.05757348,2.807e-05,9.099105,-7.31813963,66.75,1768345.70184063
2023-09-24,3,BTC-231027-21000-C,BTCUSDT,C,231027-21000,6400.0,6400.0,6400.0,6400.0,0.0,0.0,5110.0,16050.0,1.5,5.05,,5.03694534,6022.0,0.775,0.86950327,3.417e-05,16.98892799,-19.84886623,6.73,178824.69651011
2023-09-24,21,BTC-231027-21000-C,BTCUSDT,C,231027-21000,6400.0,6400.0,6400.0,6400.0,0.0,0.0,5035.0,15845.0,1.5,5.62,,5.01716614,5962.0,0.775,0.86987122,3.456e-05,16.73001191,-19.99859322,6.73,178473.26954052
2023-09-24,5,BTC-231027-21000-P,BTCUSDT,P,231027-21000,95.0,95.0,95.0,95.0,0.0,0.0,90.0,95.0,3.95,2.5,,0.50525904,92.0,0.50230742,-0.05170762,2.637e-05,8.47009122,-6.43010802,66.75,1772823.47373438
2023-09-24,9,BTC-231027-21000-P,BTCUSDT,P,231027-21000,95.0,95.0,95.0,95.0,0.0,0.0,90.0,95.0,4.03,5.7,,0.50838053,92.0,0.5054149,-0.05148738,2.616e-05,8.42963422,-6.47158673,66.75,1774803.52228043
2023-09-24,14,BTC-231027-21000-P,BTCUSDT,P,231027-21000,95.0,95.0,95.0,95.0,0.0,0.0,90.0,95.0,2.5,4.22,,0.50990105,92.0,0.50692648,-0.05149893,2.617e-05,8.40391988,-6.51235871,66.75,1774703.07453284
2023-09-24,23,BTC-231027-21000-P,BTCUSDT,P,231027-21000,95.0,95.0,95.0,95.0,0.0,0.0,100.0,105.0,2.5,4.68,,0.50303757,102.0,0.50027192,-0.05780701,2.96e-05,9.03937208,-6.99300368,66.75,1752313.02667579
2023-09-24,11,BTC-231027-21000-C,BTCUSDT,C,231027-21000,6400.0,6400.0,6400.0,6400.0,0.0,0.0,5120.0,16005.0,1.5,5.94,,5.03095627,6038.0,0.775,0.87133324,3.397e-05,16.75496886,-19.7742583,6.73,178996.7263848
2023-09-24,14,BTC-231027-21000-C,BTCUSDT,C,231027-21000,6400.0,6400.0,6400.0,6400.0,0.0,0.0,5120.0,16010.0,1.5,3.47,,5.04671097,6027.0,0.775,0.87136576,3.405e-05,16.71404512,-19.80134581,6.73,178932.60961207
2023-09-24,16,BTC-231027-21000-P,BTCUSDT,P,231027-21000,95.0,95.0,95.0,95.0,0.0,0.0,90.0,100.0,6.84,5.88,,0.5154711,94.0,0.50960064,-0.0524962,2.648e-05,8.51755428,-6.65218325,66.75,1773756.55953284
2023-09-24,8,BTC-231027-21000-P,BTCUSDT,P,231027-21000,95.0,95.0,95.0,95.0,0.0,0.0,85.0,95.0,8.05,4.59,,0.50808966,89.0,0.50207376,-0.05054166,2.593e-05,8.31157064,-6.33075109,66.75,1774840.10274693
2023-09-24,0,BTC-231027-21000-P,BTCUSDT,P,231027-21000,120.0,120.0,95.0,95.0,0.01,0.01,90.0,100.0,7.03,27.12,,0.50993681,94.0,0.50412804,-0.05253809,2.652e-05,8.60776048,-6.51726443,66.75,1773377.53253191
2023-09-24,22,BTC-231027-21000-C,BTCUSDT,C,231027-21000,6400.0,6400.0,6400.0,6400.0,0.0,0.0,5035.0,15845.0,1.5,5.62,,5.03093719,5938.0,0.775,0.86905722,3.477e-05,16.77441566,-20.07747874,6.73,178291.63405824
2023-09-24,16,BTC-231027-21000-C,BTCUSDT,C,231027-21000,6400.0,6400.0,6400.0,6400.0,0.0,0.0,5120.0,15470.0,1.5,1.5,,4.80396271,6013.0,0.775,0.87112494,3.415e-05,16.70552524,-19.84180454,6.73,178837.17821207
2023-09-24,6,BTC-231027-21000-P,BTCUSDT,P,231027-21000,95.0,95.0,95.0,95.0,0.0,0.0,85.0,95.0,5.87,24.87,,0.50522625,89.0,0.4992345,-0.05080311,2.619e-05,8.34494118,-6.30428407,66.75,1772421.16343433
2023-09-26,4,BTC-231027-21000-P,BTCUSDT,P,231027-21000,110.0,110.0,110.0,110.0,0.01,0.01,95.0,100.0,7.5,4.39,,0.51308334,97.0,0.51017046,-0.05520318,2.843e-05,8.58276484,-7.03401037,66.74,1758214.3649123
2023-09-26,12,BTC-231027-21000-C,BTCUSDT,C,231027-21000,6400.0,6400.0,6400.0,6400.0,0.0,0.0,5105.0,5855.0,2.8,2.8,,0.88360786,5320.0,0.51680393,0.93967888,3.04e-05,9.1072513,-7.64275212,6.73,176373.60994283
2023-09-26,10,BTC-231027-21000-C,BTCUSDT,C,231027-21000,6400.0,6400.0,6400.0,6400.0,0.0,0.0,5115.0,5815.0,3.27,2.99,,0.84289551,5339.0,0.49644775,0.94714038,2.844e-05,8.23023686,-6.61681145,6.73,176664.95903849
2023-09-26,7,BTC-231027-21000-C,BTCUSDT,C,231027-21000,6400.0,6400.0,6400.0,6400.0,0.0,0.0,4850.0,5870.0,4.5,5.18,,0.86139679,5369.0,0.50569839,0.94448155,2.894e-05,8.58060448,-6.9987037,6.73,176817.94968793
2023-09-26,3,BTC-231027-21000-P,BTCUSDT,P,231027-21000,110.0,110.0,110.0,110.0,0.01,0.01,95.0,105.0,12.61,7.72,,0.51911891,99.0,0.51336586,-0.05601382,2.855e-05,8.69147785,-7.15813859,66.74,1759071.79056017
2023-09-26,1,BTC-231027-21000-P,BTCUSDT,P,231027-21000,110.0,110.0,110.0,110.0,0.01,0.01,100.0,105.0,8.81,3.25,,0.51457703,102.0,0.51175386,-0.05743073,2.923e-05,8.85608121,-7.25141127,66.74,1754653.74190795
2023-09-26,19,BTC-231027-21000-C,BTCUSDT,C,231027-21000,6400.0,6400.0,6400.0,6400.0,0.0,0.0,5145.0,6005.0,2.94,2.56,,0.94963551,5387.0,0.54981775,0.93109509,3.179e-05,10.06627457,-9.0731383,6.73,176757.89811981
2023-09-26,15,BTC-231027-21000-C,BTCUSDT,C,231027-21000,6400.0,6400.0,6400.0,6400.0,0.0,0.0,5030.0,5725.0,2.73,2.54,,0.85359573,5226.0,0.50179787,0.94233381,3.039e-05,8.74492102,-7.15464303,6.73,175905.39200987
2023-09-26,5,BTC-231027-21000-C,BTCUSDT,C,231027-21000,6400.0,6400.0,6400.0,6400.0,0.0,0.0,4900.0,15505.0,1.5,5.22,,5.03728867,5762.0,0.775,0.86682498,3.614e-05,16.52109086,-20.59599032,6.73,177129.24916591
2023-09-26,7,BTC-231027-21000-P,BTCUSDT,P,231027-21000,110.0,110.0,110.0,110.0,0.0,0.0,100.0,110.0,5.44,12.17,,0.52063048,104.0,0.51503956,-0.05851698,2.962e-05,8.94342708,-7.42938235,66.74,1753466.56198695
2023-09-26,4,BTC-231027-21000-C,BTCUSDT,C,231027-21000,6400.0,6400.0,6400.0,6400.0,0.0,0.0,4900.0,15505.0,1.5,5.22,,5.02437592,5784.0,0.775,0.86757188,3.594e-05,16.48343616,-20.52153939,6.73,177296.71375277
2023-09-26,21,BTC-231027-21000-P,BTCUSDT,P,231027-21000,110.0,110.0,110.0,110.0,0.0,0.0,110.0,115.0,2.5,4.16,,0.52392066,112.0,0.52121758,-0.06214643,3.11e-05,9.24858114,-7.92414458,66.74,1746366.69478042
2023-09-26,18,BTC-231027-21000-C,BTCUSDT,C,231027-21000,6400.0,6400.0,6400.0,6400.0,0.0,0.0,5085.0,6005.0,3.04,2.56,,0.97846985,5338.0,0.56423492,0.92407192,3.344e-05,10.82200534,-9.99642737,6.73,176113.14710987
2023-09-26,18,BTC-231027-21000-P,BTCUSDT,P,231027-21000,110.0,110.0,110.0,110.0,0.0,0.0,120.0,130.0,5.36,7.43,,0.53949714,124.0,0.53436726,-0.0662623,3.18e-05,9.74734524,-8.52713816,66.74,1746477.18248335
2023-09-26,11,BTC-231027-21000-P,BTCUSDT,P,231027-21000,110.0,110.0,110.0,110.0,0.0,0.0,105.0,110.0,4.1,7.5,,0.52205384,107.0,0.51928461,-0.05942434,2.982e-05,9.02777228,-7.60213202,66.74,1753253.28734929
2023-09-26,17,BTC-231027-21000-P,BTCUSDT,P,231027-21000,110.0,110.0,110.0,110.0,0.0,0.0,120.0,130.0,4.17,7.82,,0.53862512,124.0,0.53350151,-0.06633406,3.187e-05,9.75941833,-8.51225462,66.74,1747011.45451883
2023-09-26,19,BTC-231027-21000-P,BTCUSDT,P,231027-21000,110.0,110.0,110.0,110.0,0.0,0.0,115.0,120.0,4.33,2.5,,0.53430736,117.0,0.5316478,-0.06308604,3.071e-05,9.40106959,-8.19353456,66.74,1752871.04316736
2023-09-26,9,BTC-231027-21000-C,BTCUSDT,C,231027-21000,6400.0,6400.0,6400.0,6400.0,0.0,0.0,5170.0,5885.0,2.96,2.68,,0.87122917,5371.0,0.51061459,0.94309635,2.927e-05,8.73686958,-7.21483241,6.73,176786.06132088
2023-09-26,20,BTC-231027-21000-P,BTCUSDT,P,231027-21000,110.0,110.0,110.0,110.0,0.0,0.0,115.0,120.0,5.08,2.5,,0.52828729,117.0,0.52564502,-0.06396719,3.153e-05,9.46242294,-8.16504555,66.74,1746238.41463264
2023-09-26,13,BTC-231027-21000-C,BTCUSDT,C,231027-21000,6400.0,6400.0,6400.0,6400.0,0.0,0.0,4750.0,5720.0,1.5,2.63,,0.82232475,5268.0,0.48616238,0.94890734,2.84e-05,7.9747662,-6.30411354,6.73,176252.21109673
2023-09-26,6,BTC-231027-21000-C,BTCUSDT,C,231027-21000,6400.0,6400.0,6400.0,6400.0,0.0,0.0,4950.0,5980.0,1.5,5.62,,0.91116428,5410.0,0.53058214,0.93696388,3.043e-05,9.49259613,-8.11264447,6.73,176942.12262528
2023-09-26,15,BTC-231027-21000-P,BTCUSDT,P,231027-21000,110.0,110.0,110.0,110.0,0.0,0.0,120.0,130.0,3.2,13.61,,0.53462505,124.0,0.52952677,-0.06680207,3.229e-05,9.80809382,-8.46790154,66.74,1744416.91868335
2023-09-26,2,BTC-231027-21000-C,BTCUSDT,C,231027-21000,6400.0,6400.0,6400.0,6400.0,0.0,0.0,4870.0,15000.0,1.5,1.5,,4.77184296,5797.0,0.775,0.86778862,3.583e-05,16.49508149,-20.48120173,6.73,177397.57500547
2023-09-26,2,BTC-231027-21000-P,BTCUSDT,P,231027-21000,110.0,110.0,110.0,110.0,0.01,0.01,100.0,110.0,4.25,12.86,,0.52446127,104.0,0.51885277,-0.05779491,2.893e-05,8.91510828,-7.41088424,66.74,1759214.58482393
2023-09-26,20,BTC-231027-21000-C,BTCUSDT,C,231027-21000,6400.0,6400.0,6400.0,6400.0,0.0,0.0,5075.0,6005.0,2.84,2.56,,0.99002838,5320.0,0.57001419,0.92163018,3.398e-05,11.05986402,-10.3490184,6.73,176089.06998019
2023-09-26,10,BTC-231027-21000-P,BTCUSDT,P,231027-21000,110.0,110.0,110.0,110.0,0.0,0.0,100.0,110.0,7.5,13.74,,0.52023828,104.0,0.51464558,-0.05870555,2.98e-05,8.94049788,-7.45131329,66.74,1751949.38576954
2023-09-26,0,BTC-231027-21000-C,BTCUSDT,C,231027-21000,6400.0,6400.0,6400.0,6400.0,0.0,0.0,4860.0,15020.0,1.5,1.5,,4.80919838,5721.0,0.775,0.86426932,3.656e-05,16.76040674,-20.75522304,6.73,176784.74194503
2023-09-26,12,BTC-231027-21000-P,BTCUSDT,P,231027-21000,110.0,110.0,110.0,110.0,0.0,0.0,105.0,115.0,6.28,6.39,,0.52381814,109.0,0.51836371,-0.06082733,3.051e-05,9.16698684,-7.71609996,66.74,1749060.13782829
2023-09-26,8,BTC-231027-21000-C,BTCUSDT,C,231027-21000,6400.0,6400.0,6400.0,6400.0,0.0,0.0,5150.0,5865.0,3.18,2.62,,0.85813046,5369.0,0.50406523,0.94518067,2.877e-05,8.49018251,-6.91187754,6.73,176828.46327912
2023-09-26,23,BTC-231027-21000-C,BTCUSDT,C,231027-21000,6400.0,6400.0,6400.0,6400.0,0.0,0.0,5105.0,6005.0,2.99,2.56,,0.96557617,5365.0,0.55778809,0.92802933,3.253e-05,10.36807128,-9.53272159,6.73,176470.82516264
2023-09-26,1,BTC-231027-21000-C,BTCUSDT,C,231027-21000,6400.0,6400.0,6400.0,6400.0,0.0,0.0,4805.0,15440.0,1.5,5.67,,5.0019455,5745.0,0.775,0.86544011,3.633e-05,16.66820359,-20.6685648,6.73,176937.66381541
2023-09-26,17,BTC-231027-21000-C,BTCUSDT,C,231027-21000,6400.0,6400.0,6400.0,6400.0,0.0,0.0,5085.0,6005.0,3.04,2.56,,0.98086357,5333.0,0.56543179,0.92331549,3.361e-05,10.90830905,-10.08376403,6.73,176167.02260881
2023-09-26,13,BTC-231027-21000-P,BTCUSDT,P,231027-21000,110.0,110.0,110.0,110.0,0.0,0.0,105.0,120.0,2.5,2.5,,0.52761495,112.0,0.51953316,-0.06193305,3.093e-05,9.28092565,-7.84023869,66.74,1747856.25090577
2023-09-26,22,BTC-231027-21000-P,BTCUSDT,P,231027-21000,110.0,110.0,110.0,110.0,0.0,0.0,110.0,120.0,8.48,3.49,,0.52900851,114.0,0.52365959,-0.06308623,3.135e-05,9.34802244,-8.05790898,66.74,1745951.42529858
2023-09-26,3,BTC-231027-21000-C,BTCUSDT,C,231027-21000,6400.0,6400.0,6400.0,6400.0,0.0,0.0,4920.0,15035.0,1.5,1.5,,4.79240417,5794.0,0.775,0.86783373,3.585e-05,16.47875761,-20.48828728,6.73,177383.17576371
2023-09-26,21,BTC-231027-21000-C,BTCUSDT,C,231027-21000,6400.0,6400.0,6400.0,6400.0,0.0,0.0,5060.0,6005.0,3.13,2.56,,0.9872818,5326.0,0.5686409,0.92247792,3.38e-05,10.96493928,-10.24949682,6.73,176102.00563189
2023-09-26,5,BTC-231027-21000-P,BTCUSDT,P,231027-21000,110.0,110.0,110.0,110.0,0.0,0.0,90.0,95.0,4.57,3.21,,0.50603986,92.0,0.50305039,-0.05352692,2.818e-05,8.36261249,-6.76699284,66.74,1756553.65368988
2023-09-26,9,BTC-231027-21000-P,BTCUSDT,P,231027-21000,110.0,110.0,110.0,110.0,0.0,0.0,100.0,110.0,7.54,7.5,,0.52126706,104.0,0.51566929,-0.05852545,2.963e-05,8.93208086,-7.44905343,66.74,1753150.33173188
2023-09-26,14,BTC-231027-21000-P,BTCUSDT,P,231027-21000,110.0,110.0,110.0,110.0,0.0,0.0,110.0,120.0,2.5,6.44,,0.52861989,114.0,0.52328527,-0.06274286,3.103e-05,9.37251155,-7.98560986,66.74,1747558.37048335
2023-09-26,23,BTC-231027-21000-P,BTCUSDT,P,231027-21000,110.0,110.0,110.0,110.0,0.0,0.0,110.0,115.0,3.21,4.22,,0.5283469,112.0,0.52562833,-0.06164364,3.062e-05,9.19683208,-7.96831917,66.74,1750024.20079565
2023-09-26,11,BTC-231027-21000-C,BTCUSDT,C,231027-21000,6400.0,6400.0,6400.0,6400.0,0.0,0.0,4875.0,5825.0,4.25,2.86,,0.83850384,5358.0,0.49425192,0.94857129,2.795e-05,8.05413131,-6.45530004,6.73,176796.44327031
2023-09-26,14,BTC-231027-21000-C,BTCUSDT,C,231027-21000,6400.0,6400.0,6400.0,6400.0,0.0,0.0,5060.0,5820.0,2.89,2.95,,0.87391853,5299.0,0.51195927,0.9409411,3.025e-05,8.93941178,-7.45174433,6.73,176222.17310987
2023-09-26,16,BTC-231027-21000-P,BTCUSDT,P,231027-21000,110.0,110.0,110.0,110.0,0.0,0.0,115.0,120.0,4.18,2.5,,0.53097844,117.0,0.5283311,-0.06339348,3.099e-05,9.44405504,-8.14626304,66.74,1750770.01662829
2023-09-26,8,BTC-231027-21000-P,BTCUSDT,P,231027-21000,110.0,110.0,110.0,110.0,0.0,0.0,100.0,105.0,12.39,2.5,,0.515607,102.0,0.51277548,-0.05760985,2.941e-05,8.82914507,-7.31203351,66.74,1753570.82306812
2023-09-26,0,BTC-231027-21000-P,BTCUSDT,P,231027-21000,110.0,110.0,110.0,110.0,0.01,0.01,100.0,105.0,3.3,4.61,,0.51236928,102.0,0.50955445,-0.05767285,2.947e-05,8.88166962,-7.23146615,66.74,1753137.24775799
2023-09-26,22,BTC-231027-21000-C,BTCUSDT,C,231027-21000,6400.0,6400.0,6400.0,6400.0,0.0,0.0,5075.0,6005.0,3.03,2.56,,0.99140167,5320.0,0.57070084,0.92165913,3.398e-05,11.04161222,-10.37276531,6.73,176060.13024063
2023-09-26,16,BTC-231027-21000-C,BTCUSDT,C,231027-21000,6400.0,6400.0,6400.0,6400.0,0.0,0.0,5160.0,6055.0,2.82,2.78,,0.98722935,5377.0,0.56861467,0.92363829,3.323e-05,10.89901413,-10.11810125,6.73,176546.03254283
2023-09-26,6,BTC-231027-21000-P,BTCUSDT,P,231027-21000,110.0,110.0,110.0,110.0,0.0,0.0,95.0,100.0,4.42,5.72,,0.51037371,97.0,0.50746918,-0.05562985,2.885e-05,8.60635686,-7.03483362,66.74,1754697.9589913
2023-09-27,4,BTC-231027-21000-P,BTCUSDT,P,231027-21000,110.0,110.0,110.0,110.0,0.0,0.0,110.0,115.0,1.0,16.89,,0.5320853,112.0,0.52935183,-0.06138722,3.038e-05,9.14530548,-8.03499143,66.74,1751928.4975137
2023-09-27,12,BTC-231027-21000-C,BTCUSDT,C,231027-21000,6400.0,6400.0,6400.0,6400.0,0.0,0.0,5605.0,6395.0,3.28,2.8,,0.95895767,5826.0,0.55447884,0.94524611,2.619e-05,8.46259215,-7.87523316,6.73,179776.73132528
2023-09-27,10,BTC-231027-21000-C,BTCUSDT,C,231027-21000,6400.0,6400.0,6400.0,6400.0,0.0,0.0,5355.0,6010.0,3.16,2.74,,0.87455273,5528.0,0.51227636,0.95010483,2.657e-05,7.78939609,-6.67836311,6.73,177911.7899
2023-09-27,7,BTC-231027-21000-C,BTCUSDT,C,231027-21000,6400.0,6400.0,6400.0,6400.0,0.0,0.0,5135.0,5835.0,2.81,2.66,,0.86791992,5341.0,0.50895996,0.94536637,2.889e-05,8.32664995,-7.06321633,6.73,176647.86114063
2023-09-27,3,BTC-231027-21000-P,BTCUSDT,P,231027-21000,110.0,110.0,110.0,110.0,0.0,0.0,110.0,115.0,1.0,15.09,,0.5338341,112.0,0.53109586,-0.06110564,3.011e-05,9.1297481,-8.03663466,66.74,1754120.43063548
2023-09-27,1,BTC-231027-21000-P,BTCUSDT,P,231027-21000,110.0,110.0,110.0,110.0,0.0,0.0,110.0,115.0,1.0,13.05,,0.53179026,112.0,0.52905977,-0.06127978,3.028e-05,9.15590454,-8.00664277,66.74,1752770.44911883
2023-09-27,19,BTC-231027-21000-C,BTCUSDT,C,231027-21000,6400.0,6400.0,6400.0,6400.0,0.0,0.0,5150.0,6680.0,3.03,2.81,,1.28973007,5597.0,0.71986504,0.88401448,3.633e-05,14.58110525,-17.79054871,6.73,176741.76460881
2023-09-27,15,BTC-231027-21000-C,BTCUSDT,C,231027-21000,6400.0,6400.0,6400.0,6400.0,0.0,0.0,5185.0,5830.0,0.23,2.67,,0.84339619,5380.0,0.49669809,0.95158893,2.699e-05,7.53662907,-6.30914803,6.73,176968.37184396
2023-09-27,5,BTC-231027-21000-C,BTCUSDT,C,231027-21000,6400.0,6400.0,6400.0,6400.0,0.0,0.0,5165.0,6005.0,2.75,2.56,,0.95461369,5389.0,0.55230684,0.93162488,3.167e-05,9.93932216,-9.12391169,6.73,176695.71218019
2023-09-27,7,BTC-231027-21000-P,BTCUSDT,P,231027-21000,110.0,110.0,110.0,110.0,0.0,0.0,110.0,115.0,1.0,15.38,,0.53303421,112.0,0.53029537,-0.06140863,3.04e-05,9.12797726,-8.06753705,66.74,1751779.82949858
2023-09-27,4,BTC-231027-21000-C,BTCUSDT,C,231027-21000,6400.0,6400.0,6400.0,6400.0,0.0,0.0,5165.0,6005.0,2.75,2.56,,0.95671654,5385.0,0.55335827,0.93096664,3.183e-05,10.01752382,-9.2004606,6.73,176662.85268605
2023-09-27,21,BTC-231027-21000-P,BTCUSDT,P,231027-21000,110.0,110.0,110.0,110.0,1.0,1.0,90.0,100.0,6.49,6.5,,0.52344263,94.0,0.51739842,-0.05477847,2.873e-05,8.2726578,-7.27522668,67.74,1780031.06855605
2023-09-27,18,BTC-231027-21000-C,BTCUSDT,C,231027-21000,6400.0,6400.0,6400.0,6400.0,0.0,0.0,5140.0,6680.0,3.3,2.81,,1.29378319,5588.0,0.72189159,0.88283328,3.648e-05,14.68893192,-17.94721409,6.73,176685.58242088
2023-09-27,18,BTC-231027-21000-P,BTCUSDT,P,231027-21000,110.0,110.0,110.0,110.0,1.0,1.0,100.0,105.0,4.32,2.5,,0.52619576,102.0,0.52330256,-0.05781642,2.961e-05,8.64107815,-7.65342144,67.74,1778407.3333121
2023-09-27,11,BTC-231027-21000-P,BTCUSDT,P,231027-21000,110.0,110.0,110.0,110.0,1.0,1.0,85.0,100.0,4.5,2.5,,0.55124164,92.0,0.54176718,-0.05020273,2.496e-05,7.91656116,-7.18815311,67.74,1811195.94981785
2023-09-27,17,BTC-231027-21000-P,BTCUSDT,P,231027-21000,110.0,110.0,110.0,110.0,1.0,1.0,105.0,110.0,4.59,2.5,,0.53007066,107.0,0.52725315,-0.05980044,3.018e-05,8.8721931,-7.90629286,67.74,1776528.5011382
2023-09-27,19,BTC-231027-21000-P,BTCUSDT,P,231027-21000,110.0,110.0,110.0,110.0,1.0,1.0,100.0,105.0,5.93,2.5,,0.52749097,102.0,0.5245924,-0.05769933,2.949e-05,8.62574562,-7.66948952,67.74,1778972.82832103
2023-09-27,9,BTC-231027-21000-C,BTCUSDT,C,231027-21000,6400.0,6400.0,6400.0,6400.0,0.0,0.0,5265.0,5820.0,3.08,3.0,,0.78243256,5455.0,0.46621628,0.96256394,2.317e-05,6.17094492,-4.80834628,6.73,177486.48791981
2023-09-27,20,BTC-231027-21000-P,BTCUSDT,P,231027-21000,110.0,110.0,110.0,110.0,1.0,1.0,100.0,105.0,5.7,2.5,,0.52747726,102.0,0.52457839,-0.05774825,2.954e-05,8.6235093,-7.67814122,67.74,1778835.09280189
2023-09-27,13,BTC-231027-21000-C,BTCUSDT,C,231027-21000,6400.0,6400.0,6400.0,6400.0,0.0,0.0,5490.0,6220.0,3.1,2.85,,0.90953827,5710.0,0.52976913,0.9499045,2.565e-05,7.85056011,-6.98988709,6.73,179000.77785604
2023-09-27,6,BTC-231027-21000-C,BTCUSDT,C,231027-21000,6400.0,6400.0,6400.0,6400.0,0.0,0.0,5165.0,6005.0,2.75,2.56,,0.95440865,5390.0,0.55220432,0.93184184,3.162e-05,9.90885643,-9.10687031,6.73,176742.72455824
2023-09-27,15,BTC-231027-21000-P,BTCUSDT,P,231027-21000,110.0,110.0,110.0,110.0,1.0,1.0,100.0,110.0,9.89,6.0,,0.53417027,104.0,0.52844226,-0.05826676,2.938e-05,8.72930115,-7.77460089,67.74,1781253.71600446
2023-09-27,2,BTC-231027-21000-C,BTCUSDT,C,231027-21000,6400.0,6400.0,6400.0,6400.0,0.0,0.0,5155.0,6005.0,3.27,2.56,,0.96418381,5370.0,0.5570919,0.92887701,3.233e-05,10.25615692,-9.45702587,6.73,176540.05393629
2023-09-27,2,BTC-231027-21000-P,BTCUSDT,P,231027-21000,110.0,110.0,110.0,110.0,0.0,0.0,110.0,115.0,1.0,14.38,,0.5299741,112.0,0.52724838,-0.0615717,3.055e-05,9.17227728,-8.00452388,66.74,1750710.72803983
2023-09-27,20,BTC-231027-21000-C,BTCUSDT,C,231027-21000,6400.0,6400.0,6400.0,6400.0,0.0,0.0,5150.0,6680.0,3.03,2.81,,1.29272461,5593.0,0.7213623,0.88354016,3.64e-05,14.60986531,-17.88798071,6.73,176728.08052195
2023-09-27,10,BTC-231027-21000-P,BTCUSDT,P,231027-21000,110.0,110.0,110.0,110.0,0.0,0.0,110.0,115.0,1.0,24.88,,0.54731548,112.0,0.54453015,-0.05969534,2.88e-05,8.9760546,-8.18030208,66.74,1764313.9462
2023-09-27,0,BTC-231027-21000-C,BTCUSDT,C,231027-21000,6400.0,6400.0,6400.0,6400.0,0.0,0.0,5135.0,6005.0,2.91,2.56,,0.95090866,5390.0,0.55045433,0.93163944,3.166e-05,9.97240571,-9.0608283,6.73,176644.89920107
2023-09-27,12,BTC-231027-21000-P,BTCUSDT,P,231027-21000,110.0,110.0,110.0,110.0,1.0,1.0,90.0,100.0,6.64,6.67,,0.54906309,94.0,0.54285169,-0.05141028,2.544e-05,8.05015097,-7.33432671,67.74,1809520.91827262
2023-09-27,8,BTC-231027-21000-C,BTCUSDT,C,231027-21000,6400.0,6400.0,6400.0,6400.0,0.0,0.0,5140.0,5820.0,2.9,3.0,,0.85368156,5347.0,0.50184078,0.94809949,2.814e-05,7.99319112,-6.69481124,6.73,176732.74714837
2023-09-27,23,BTC-231027-21000-C,BTCUSDT,C,231027-21000,6400.0,6400.0,6400.0,6400.0,0.0,0.0,5240.0,6680.0,3.18,2.81,,1.2537384,5664.0,0.7018692,0.89330292,3.506e-05,13.75277432,-16.45337203,6.73,177468.2865978
2023-09-27,1,BTC-231027-21000-C,BTCUSDT,C,231027-21000,6400.0,6400.0,6400.0,6400.0,0.0,0.0,5145.0,6005.0,2.97,2.56,,0.94955444,5393.0,0.54977722,0.93212197,3.155e-05,9.91295115,-9.0081201,6.73,176747.75430881
2023-09-27,17,BTC-231027-21000-C,BTCUSDT,C,231027-21000,6400.0,6400.0,6400.0,6400.0,0.0,0.0,4880.0,6680.0,4.34,2.81,,1.30030632,5576.0,0.72515316,0.88106668,3.671e-05,14.8439925,-18.192953,6.73,176498.91958459
2023-09-27,13,BTC-231027-21000-P,BTCUSDT,P,231027-21000,110.0,110.0,110.0,110.0,1.0,1.0,85.0,95.0,9.14,2.5,,0.53685844,89.0,0.53051114,-0.0503115,2.571e-05,7.87753143,-7.02372531,67.74,1801710.65259554
2023-09-27,22,BTC-231027-21000-P,BTCUSDT,P,231027-21000,110.0,110.0,110.0,110.0,1.0,1.0,85.0,95.0,6.5,6.68,,0.52148581,89.0,0.51523775,-0.05244194,2.783e-05,8.00291977,-7.01856126,67.74,1783581.619714
2023-09-27,3,BTC-231027-21000-C,BTCUSDT,C,231027-21000,6400.0,6400.0,6400.0,6400.0,0.0,0.0,5165.0,6005.0,2.75,2.56,,0.94234467,5407.0,0.54617233,0.93411636,3.105e-05,9.68069398,-8.76352241,6.73,176883.88519893
2023-09-27,21,BTC-231027-21000-C,BTCUSDT,C,231027-21000,6400.0,6400.0,6400.0,6400.0,0.0,0.0,5150.0,6680.0,3.03,2.81,,1.28606796,5606.0,0.71803398,0.88532948,3.616e-05,14.45129522,-17.63713931,6.73,176846.90126044
2023-09-27,5,BTC-231027-21000-P,BTCUSDT,P,231027-21000,110.0,110.0,110.0,110.0,0.0,0.0,110.0,115.0,1.0,13.1,,0.532884,112.0,0.53014725,-0.06132993,3.033e-05,9.13453647,-8.04872172,66.74,1752254.35823264
2023-09-27,9,BTC-231027-21000-P,BTCUSDT,P,231027-21000,110.0,110.0,110.0,110.0,0.0,0.0,110.0,115.0,1.0,19.58,,0.54405153,112.0,0.54127693,-0.06006427,2.914e-05,9.01102677,-8.15174212,66.74,1760096.31556736
2023-09-27,14,BTC-231027-21000-P,BTCUSDT,P,231027-21000,110.0,110.0,110.0,110.0,1.0,1.0,105.0,110.0,3.21,4.24,,0.52662313,107.0,0.52381873,-0.06010633,3.047e-05,8.91476965,-7.85927884,67.74,1775554.89868343
2023-09-27,23,BTC-231027-21000-P,BTCUSDT,P,231027-21000,110.0,110.0,110.0,110.0,1.0,1.0,80.0,90.0,8.45,2.19,,0.51817358,84.0,0.51171124,-0.05021683,2.705e-05,7.73723058,-6.74868118,67.74,1786285.54741974
2023-09-27,11,BTC-231027-21000-C,BTCUSDT,C,231027-21000,6400.0,6400.0,6400.0,6400.0,0.0,0.0,5430.0,6320.0,2.8,2.72,,0.89661598,5840.0,0.52330799,0.95500707,2.367e-05,7.25136508,-6.3598254,6.73,179943.14647585
2023-09-27,14,BTC-231027-21000-C,BTCUSDT,C,231027-21000,6400.0,6400.0,6400.0,6400.0,0.0,0.0,5115.0,5830.0,3.09,2.67,,0.89383125,5300.0,0.52191563,0.94050225,3.034e-05,8.84398117,-7.76854448,6.73,176402.19173516
2023-09-27,16,BTC-231027-21000-P,BTCUSDT,P,231027-21000,110.0,110.0,110.0,110.0,1.0,1.0,100.0,110.0,6.56,6.19,,0.53046644,104.0,0.52476078,-0.05878718,2.988e-05,8.76406086,-7.76208209,67.74,1777641.6107739
2023-09-27,8,BTC-231027-21000-P,BTCUSDT,P,231027-21000,110.0,110.0,110.0,110.0,0.0,0.0,110.0,115.0,1.0,15.31,,0.53429902,112.0,0.53155541,-0.0612894,3.029e-05,9.11239806,-8.08413238,66.74,1752621.62625289
2023-09-27,0,BTC-231027-21000-P,BTCUSDT,P,231027-21000,110.0,110.0,110.0,110.0,0.0,0.0,110.0,115.0,4.22,11.09,,0.53111315,112.0,0.52838534,-0.06132126,3.032e-05,9.16543432,-7.99374848,66.74,1751750.45656452
2023-09-27,22,BTC-231027-21000-C,BTCUSDT,C,231027-21000,6400.0,6400.0,6400.0,6400.0,0.0,0.0,5190.0,6680.0,2.79,2.81,,1.26685143,5640.0,0.70842571,0.89003959,3.552e-05,14.04398436,-16.93466504,6.73,177199.65014283
2023-09-27,16,BTC-231027-21000-C,BTCUSDT,C,231027-21000,6400.0,6400.0,6400.0,6400.0,0.0,0.0,5110.0,6680.0,3.29,2.81,,1.2953186,5583.0,0.7226593,0.88201401,3.659e-05,14.77711864,-18.02332163,6.73,176609.50753629
2023-09-27,6,BTC-231027-21000-P,BTCUSDT,P,231027-21000,110.0,110.0,110.0,110.0,0.0,0.0,110.0,115.0,1.0,5.0,,0.53338826,112.0,0.53064883,-0.06131216,3.031e-05,9.12683393,-8.06070767,66.74,1752720.57013623
2023-09-28,4,BTC-231027-21000-P,BTCUSDT,P,231027-21000,110.0,110.0,110.0,110.0,1.0,1.0,85.0,90.0,3.39,4.09,,0.52478373,87.0,0.52157283,-0.05067108,2.675e-05,7.78662273,-6.97217035,67.74,1790948.84345923
2023-09-28,12,BTC-231027-21000-C,BTCUSDT,C,231027-21000,6400.0,6400.0,6400.0,6400.0,0.0,0.0,5425.0,6005.0,2.76,2.93,,0.86805344,5556.0,0.50902672,0.9548659,2.51e-05,7.06697034,-6.24707718,6.73,178300.2418022
2023-09-28,10,BTC-231027-21000-C,BTCUSDT,C,231027-21000,6400.0,6400.0,6400.0,6400.0,0.0,0.0,5455.0,6005.0,2.79,2.93,,0.82166672,5623.0,0.48583336,0.9632055,2.217e-05,6.01532508,-5.06050981,6.73,178718.51278132
2023-09-28,7,BTC-231027-21000-C,BTCUSDT,C,231027-21000,6400.0,6400.0,6400.0,6400.0,0.0,0.0,5340.0,6405.0,2.97,3.9,,1.09275818,5639.0,0.62137909,0.92028509,3.199e-05,11.05795892,-11.846865,6.73,178052.43241771
2023-09-28,3,BTC-231027-21000-P,BTCUSDT,P,231027-21000,110.0,110.0,110.0,110.0,1.0,1.0,85.0,90.0,4.16,3.47,,0.52011788,87.0,0.51692605,-0.0511586,2.725e-05,7.83234333,-6.94069833,67.74,1786934.66519209
2023-09-28,1,BTC-231027-21000-P,BTCUSDT,P,231027-21000,110.0,110.0,110.0,110.0,1.0,1.0,80.0,95.0,6.56,7.85,,0.53031385,87.0,0.5206883,-0.05056545,2.669e-05,7.79228055,-6.93563704,67.74,1791723.46152549
2023-09-28,19,BTC-231027-21000-C,BTCUSDT,C,231027-21000,6400.0,6400.0,6400.0,6400.0,0.0,0.0,5860.0,6850.0,4.44,2.57,,1.05739594,6212.0,0.60369797,0.94469815,2.444e-05,8.45961295,-8.95973521,6.73,182316.81451761
2023-09-28,15,BTC-231027-21000-C,BTCUSDT,C,231027-21000,6400.0,6400.0,6400.0,6400.0,0.0,0.0,5855.0,6495.0,3.24,2.97,,0.88083267,6083.0,0.51541634,0.96555897,1.953e-05,5.77592446,-5.19244992,6.73,181598.42917251
2023-09-28,5,BTC-231027-21000-C,BTCUSDT,C,231027-21000,6400.0,6400.0,6400.0,6400.0,0.0,0.0,5105.0,14745.0,4.25,1.5,,4.7837925,5834.0,0.775,0.87779622,3.502e-05,15.1277333,-20.1558544,6.73,177986.72438239
2023-09-28,7,BTC-231027-21000-P,BTCUSDT,P,231027-21000,110.0,110.0,95.0,95.0,1.03,1.03,95.0,100.0,4.33,9.07,,0.5392307,97.0,0.5361861,-0.05428833,2.753e-05,8.21166264,-7.59134069,67.71,1791371.50059485
2023-09-28,4,BTC-231027-21000-C,BTCUSDT,C,231027-21000,6400.0,6400.0,6400.0,6400.0,0.0,0.0,5105.0,15210.0,4.25,3.22,,5.00776291,5831.0,0.775,0.8774856,3.506e-05,15.16272369,-20.17357286,6.73,177931.5871934
2023-09-28,21,BTC-231027-21000-P,BTCUSDT,P,231027-21000,95.0,95.0,95.0,95.0,0.03,0.03,65.0,70.0,4.54,6.2,,0.53925753,67.0,0.53535223,-0.03930398,2.106e-05,6.40162931,-6.0301322,67.71,1829264.25359648
2023-09-28,18,BTC-231027-21000-C,BTCUSDT,C,231027-21000,6400.0,6400.0,6400.0,6400.0,0.0,0.0,5800.0,6850.0,2.81,2.57,,1.11775398,6112.0,0.63387699,0.93298618,2.717e-05,9.78824187,-10.86926504,6.73,181340.64059013
2023-09-28,18,BTC-231027-21000-P,BTCUSDT,P,231027-21000,95.0,95.0,95.0,95.0,0.03,0.03,70.0,75.0,3.18,7.86,,0.54274976,72.0,0.53901702,-0.0415259,2.186e-05,6.69741538,-6.32412162,67.71,1824453.90406501
2023-09-28,11,BTC-231027-21000-P,BTCUSDT,P,231027-21000,95.0,95.0,95.0,95.0,0.03,0.03,85.0,95.0,5.0,7.5,,0.53578079,89.0,0.52940398,-0.05136678,2.675e-05,7.84141105,-7.1987386,67.71,1792496.92697478
2023-09-28,17,BTC-231027-21000-P,BTCUSDT,P,231027-21000,95.0,95.0,95.0,95.0,0.03,0.03,70.0,75.0,4.2,6.46,,0.5545646,72.0,0.5507803,-0.0404323,2.077e-05,6.60680513,-6.36541682,67.71,1838724.1437163
2023-09-28,19,BTC-231027-21000-P,BTCUSDT,P,231027-21000,95.0,95.0,95.0,95.0,0.03,0.03,60.0,70.0,2.5,2.26,,0.54403365,64.0,0.53600907,-0.03779562,2.027e-05,6.2306166,-5.85906259,67.71,1834275.11307392
2023-09-28,9,BTC-231027-21000-C,BTCUSDT,C,231027-21000,6400.0,6400.0,6400.0,6400.0,0.0,0.0,5305.0,6070.0,1.26,2.76,,0.93046188,5530.0,0.54023094,0.94385847,2.813e-05,8.41018119,-7.85608926,6.73,177861.16255057
2023-09-28,20,BTC-231027-21000-P,BTCUSDT,P,231027-21000,95.0,95.0,95.0,95.0,0.03,0.03,65.0,70.0,5.73,2.89,,0.54370701,67.0,0.53978205,-0.03888467,2.063e-05,6.36915641,-6.0403307,67.71,1834888.64008044
2023-09-28,13,BTC-231027-21000-C,BTCUSDT,C,231027-21000,6400.0,6400.0,6400.0,6400.0,0.0,0.0,5435.0,6005.0,3.03,2.93,,0.81737995,5631.0,0.48368998,0.96431367,2.176e-05,5.85627623,-4.92629733,6.73,178747.36673189
2023-09-28,6,BTC-231027-21000-C,BTCUSDT,C,231027-21000,6400.0,6400.0,6400.0,6400.0,0.0,0.0,5330.0,6390.0,3.21,1.5,,1.07709885,5647.0,0.61354942,0.92301409,3.151e-05,10.78454564,-11.39199275,6.73,178153.78664837
2023-09-28,15,BTC-231027-21000-P,BTCUSDT,P,231027-21000,95.0,95.0,95.0,95.0,0.03,0.03,70.0,85.0,2.5,2.5,,0.55985749,77.0,0.54901898,-0.04299162,2.197e-05,6.9200451,-6.62657191,67.71,1827047.49469108
2023-09-28,2,BTC-231027-21000-C,BTCUSDT,C,231027-21000,6400.0,6400.0,6400.0,6400.0,0.0,0.0,5105.0,6370.0,4.25,2.52,,1.10123634,5579.0,0.62561817,0.91599339,3.303e-05,11.51302403,-12.32996437,6.73,177567.72493629
2023-09-28,2,BTC-231027-21000-P,BTCUSDT,P,231027-21000,110.0,110.0,110.0,110.0,1.0,1.0,80.0,90.0,12.57,4.06,,0.52021503,84.0,0.51373154,-0.05011181,2.694e-05,7.71201711,-6.7821481,67.74,1787286.4319739
2023-09-28,20,BTC-231027-21000-C,BTCUSDT,C,231027-21000,6400.0,6400.0,6400.0,6400.0,0.0,0.0,5860.0,6850.0,4.44,2.57,,1.06366158,6203.0,0.60683079,0.9436967,2.469e-05,8.57024366,-9.13736854,6.73,182377.79571321
2023-09-28,10,BTC-231027-21000-P,BTCUSDT,P,231027-21000,110.0,110.0,95.0,95.0,1.03,1.03,85.0,90.0,2.51,10.16,,0.53503931,87.0,0.5317843,-0.04978659,2.587e-05,7.68041555,-7.07242033,67.71,1798072.88267804
2023-09-28,0,BTC-231027-21000-C,BTCUSDT,C,231027-21000,6400.0,6400.0,6400.0,6400.0,0.0,0.0,5360.0,6680.0,2.9,2.81,,1.22701645,5712.0,0.68850822,0.89966335,3.411e-05,13.18003466,-15.49000059,6.73,177932.66917031
2023-09-28,12,BTC-231027-21000-P,BTCUSDT,P,231027-21000,95.0,95.0,95.0,95.0,0.03,0.03,90.0,95.0,3.37,6.98,,0.5365783,92.0,0.53343296,-0.05227576,2.693e-05,7.94761128,-7.36240135,67.71,1793864.69129674
2023-09-28,8,BTC-231027-21000-C,BTCUSDT,C,231027-21000,6400.0,6400.0,6400.0,6400.0,0.0,0.0,5080.0,6080.0,2.75,2.72,,0.94426155,5518.0,0.54713078,0.94111767,2.884e-05,8.73149935,-8.24852391,6.73,177732.66836151
2023-09-28,23,BTC-231027-21000-C,BTCUSDT,C,231027-21000,6400.0,6400.0,6400.0,6400.0,0.0,0.0,5915.0,6850.0,3.08,2.57,,1.09547615,6155.0,0.62273808,0.93818588,2.601e-05,9.17941767,-10.08771275,6.73,181838.44094063
2023-09-28,1,BTC-231027-21000-C,BTCUSDT,C,231027-21000,6400.0,6400.0,6400.0,6400.0,0.0,0.0,5320.0,6400.0,3.18,2.69,,1.08897209,5632.0,0.61948605,0.91979241,3.211e-05,11.15388366,-11.81140607,6.73,178008.54585277
2023-09-28,17,BTC-231027-21000-C,BTCUSDT,C,231027-21000,6400.0,6400.0,6400.0,6400.0,0.0,0.0,6020.0,6850.0,2.71,2.57,,1.02676392,6258.0,0.58838196,0.94994448,2.308e-05,7.8454355,-8.07482944,6.73,182759.02358899
2023-09-28,13,BTC-231027-21000-P,BTCUSDT,P,231027-21000,95.0,95.0,95.0,95.0,0.03,0.03,85.0,95.0,0.1,8.03,,0.54325044,89.0,0.53681493,-0.05062433,2.601e-05,7.76956439,-7.25359386,67.71,1798363.1800024
2023-09-28,22,BTC-231027-21000-P,BTCUSDT,P,231027-21000,95.0,95.0,95.0,95.0,0.03,0.03,65.0,70.0,4.6,8.1,,0.53993523,67.0,0.53602576,-0.0392793,2.103e-05,6.39474869,-6.04008572,67.71,1829009.21708542
2023-09-28,3,BTC-231027-21000-C,BTCUSDT,C,231027-21000,6400.0,6400.0,6400.0,6400.0,0.0,0.0,5105.0,6355.0,4.25,2.72,,1.09744072,5570.0,0.62372036,0.91645237,3.303e-05,11.45445834,-12.24750179,6.73,177532.77674554
2023-09-28,21,BTC-231027-21000-C,BTCUSDT,C,231027-21000,6400.0,6400.0,6400.0,6400.0,0.0,0.0,5900.0,6850.0,3.14,2.57,,1.10023022,6145.0,0.62511511,0.93693115,2.629e-05,9.33316277,-10.26562818,6.73,181818.76276332
2023-09-28,5,BTC-231027-21000-P,BTCUSDT,P,231027-21000,110.0,110.0,110.0,110.0,1.0,1.0,95.0,100.0,0.1,7.38,,0.53780258,97.0,0.53476483,-0.05436538,2.761e-05,8.2296128,-7.566027,67.74,1791503.82015794
2023-09-28,9,BTC-231027-21000-P,BTCUSDT,P,231027-21000,110.0,110.0,95.0,95.0,1.03,1.03,90.0,95.0,7.13,2.5,,0.53183615,92.0,0.52871019,-0.05268708,2.734e-05,7.99812704,-7.31185512,67.71,1789447.14952435
2023-09-28,14,BTC-231027-21000-P,BTCUSDT,P,231027-21000,95.0,95.0,95.0,95.0,0.03,0.03,80.0,90.0,4.2,2.5,,0.55175602,84.0,0.5450058,-0.04723324,2.406e-05,7.40723194,-7.03102942,67.71,1818280.58990738
2023-09-28,23,BTC-231027-21000-P,BTCUSDT,P,231027-21000,95.0,95.0,95.0,95.0,0.03,0.03,60.0,70.0,9.06,8.1,,0.54092824,64.0,0.53292543,-0.03819095,2.068e-05,6.24767259,-5.87566275,67.71,1829462.23418868
2023-09-28,11,BTC-231027-21000-C,BTCUSDT,C,231027-21000,6400.0,6400.0,6400.0,6400.0,0.0,0.0,5395.0,6005.0,2.83,2.93,,0.87061405,5551.0,0.51030703,0.95423096,2.53e-05,7.15030396,-6.32748362,6.73,178164.29358352
2023-09-28,14,BTC-231027-21000-C,BTCUSDT,C,231027-21000,6400.0,6400.0,6400.0,6400.0,0.0,0.0,5515.0,6595.0,4.45,2.9,,1.05015755,5932.0,0.60007877,0.93743015,2.729e-05,9.25206495,-9.66960618,6.73,180727.04726151
2023-09-28,16,BTC-231027-21000-P,BTCUSDT,P,231027-21000,95.0,95.0,95.0,95.0,0.03,0.03,80.0,85.0,5.58,2.5,,0.56246161,82.0,0.55896252,-0.04470079,2.226e-05,7.14515806,-6.97619907,67.71,1833298.61582282
2023-09-28,8,BTC-231027-21000-P,BTCUSDT,P,231027-21000,110.0,110.0,95.0,95.0,1.03,1.03,90.0,95.0,4.46,2.87,,0.53019524,92.0,0.52707642,-0.05283287,2.748e-05,8.0156782,-7.29474527,67.71,1788154.37960738
2023-09-28,0,BTC-231027-21000-P,BTCUSDT,P,231027-21000,110.0,110.0,110.0,110.0,1.0,1.0,80.0,90.0,6.63,7.84,,0.5233413,84.0,0.51683635,-0.04967943,2.65e-05,7.68703694,-6.78168735,67.74,1790959.73396687
2023-09-28,22,BTC-231027-21000-C,BTCUSDT,C,231027-21000,6400.0,6400.0,6400.0,6400.0,0.0,0.0,5885.0,6850.0,3.25,2.57,,1.09899521,6148.0,0.6244976,0.93733986,2.62e-05,9.280766,-10.2128877,6.73,181793.41354283
2023-09-28,16,BTC-231027-21000-C,BTCUSDT,C,231027-21000,6400.0,6400.0,6400.0,6400.0,0.0,0.0,5615.0,6850.0,2.94,2.57,,1.07111931,6186.0,0.61055965,0.94165965,2.518e-05,8.83156539,-9.4186818,6.73,182219.75608459
2023-09-28,6,BTC-231027-21000-P,BTCUSDT,P,231027-21000,110.0,110.0,110.0,110.0,1.0,1.0,95.0,100.0,3.07,4.2,,0.5400008,97.0,0.5369544,-0.05415242,2.74e-05,8.20669046,-7.58671476,67.74,1793185.36516498
2023-09-29,4,BTC-231027-21000-P,BTCUSDT,P,231027-21000,95.0,95.0,95.0,95.0,0.03,0.03,60.0,65.0,6.69,7.46,,0.53210318,62.0,0.5280149,-0.03745219,2.066e-05,6.11527734,-5.7403666,67.71,1826291.33024477
2023-09-29,12,BTC-231027-21000-C,BTCUSDT,C,231027-21000,6400.0,6400.0,6400.0,6400.0,0.0,0.0,5855.0,6545.0,2.77,2.7,,0.94029427,6071.0,0.54514713,0.95962498,2.138e-05,6.46952456,-6.34514176,6.73,181739.77396371
2023-09-29,10,BTC-231027-21000-C,BTCUSDT,C,231027-21000,6400.0,6400.0,6400.0,6400.0,0.0,0.0,5925.0,6655.0,3.07,2.76,,0.9902668,6116.0,0.5701334,0.95361573,2.281e-05,7.25499878,-7.41939983,6.73,181930.6877934
2023-09-29,7,BTC-231027-21000-C,BTCUSDT,C,231027-21000,6400.0,6400.0,6400.0,6400.0,0.0,0.0,5600.0,6770.0,3.01,5.12,,0.98155975,6255.0,0.56577988,0.95763004,2.12e-05,6.79640357,-6.86654783,6.73,182776.5667022
2023-09-29,3,BTC-231027-21000-P,BTCUSDT,P,231027-21000,95.0,95.0,95.0,95.0,0.03,0.03,55.0,65.0,9.8,5.71,,0.53082228,59.0,0.52246362,-0.03644508,2.041e-05,5.98173835,-5.54776222,67.71,1825350.79370086
2023-09-29,1,BTC-231027-21000-P,BTCUSDT,P,231027-21000,95.0,95.0,95.0,95.0,0.03,0.03,55.0,65.0,9.48,5.15,,0.53565443,59.0,0.52724957,-0.03598726,1.992e-05,5.94904622,-5.55155894,67.71,1832317.49048216
2023-09-29,19,BTC-231027-21000-C,BTCUSDT,C,231027-21000,6400.0,6400.0,6400.0,6400.0,0.0,0.0,5375.0,6440.0,4.25,2.8,,0.92310905,5987.0,0.53655453,0.96082288,2.137e-05,6.26116519,-6.10810021,6.73,181208.96998899
2023-09-29,15,BTC-231027-21000-C,BTCUSDT,C,231027-21000,6400.0,6400.0,6400.0,6400.0,0.0,0.0,5745.0,6440.0,3.12,2.8,,0.93811989,5961.0,0.54405994,0.95773664,2.237e-05,6.67042349,-6.55863021,6.73,180964.9926978
2023-09-29,5,BTC-231027-21000-C,BTCUSDT,C,231027-21000,6400.0,6400.0,6400.0,6400.0,0.0,0.0,5835.0,6980.0,3.08,4.41,,1.18741989,6158.0,0.66870995,0.9255297,2.814e-05,10.53584649,-12.54377881,6.73,181601.93247031
2023-09-29,7,BTC-231027-21000-P,BTCUSDT,P,231027-21000,95.0,95.0,95.0,95.0,0.0,0.0,65.0,70.0,3.61,9.75,,0.55377781,67.0,0.54979414,-0.03840923,2.015e-05,6.27576333,-6.16138653,67.71,1838900.64359674
2023-09-29,4,BTC-231027-21000-C,BTCUSDT,C,231027-21000,6400.0,6400.0,6400.0,6400.0,0.0,0.0,5825.0,15515.0,3.12,4.66,,5.03547668,6281.0,0.775,0.89814998,3.065e-05,13.31690472,-18.34772785,6.73,181523.27060327
2023-09-29,21,BTC-231027-21000-P,BTCUSDT,P,231027-21000,95.0,95.0,65.0,65.0,1.39,1.39,55.0,60.0,5.51,5.68,,0.52437842,57.0,0.52007109,-0.03585424,2.058e-05,5.80433016,-5.50516055,69.1,1857199.85713202
2023-09-29,18,BTC-231027-21000-C,BTCUSDT,C,231027-21000,6400.0,6400.0,6400.0,6400.0,0.0,0.0,5375.0,6440.0,4.25,2.8,,0.92327118,5986.0,0.53663559,0.9606647,2.142e-05,6.28611792,-6.12409049,6.73,181163.94185163
2023-09-29,18,BTC-231027-21000-P,BTCUSDT,P,231027-21000,95.0,95.0,65.0,65.0,1.39,1.39,55.0,60.0,6.03,2.78,,0.52619159,57.0,0.521878,-0.03561045,2.031e-05,5.79556636,-5.49091195,69.1,1860093.37027458
2023-09-29,11,BTC-231027-21000-P,BTCUSDT,P,231027-21000,95.0,95.0,65.0,65.0,1.39,1.39,60.0,65.0,10.9,2.5,,0.53484559,62.0,0.53073615,-0.03745533,2.066e-05,6.08376354,-5.80036866,69.1,1864153.10158217
2023-09-29,17,BTC-231027-21000-P,BTCUSDT,P,231027-21000,95.0,95.0,65.0,65.0,1.39,1.39,60.0,65.0,4.12,12.44,,0.52916288,62.0,0.52507609,-0.03813957,2.14e-05,6.11694554,-5.82210364,69.1,1854916.55773596
2023-09-29,19,BTC-231027-21000-P,BTCUSDT,P,231027-21000,95.0,95.0,65.0,65.0,1.39,1.39,55.0,60.0,7.12,4.5,,0.5266881,57.0,0.52237064,-0.0356025,2.03e-05,5.79046269,-5.49957529,69.1,1860555.69483498
2023-09-29,9,BTC-231027-21000-C,BTCUSDT,C,231027-21000,6400.0,6400.0,6400.0,6400.0,0.0,0.0,5925.0,6655.0,3.07,2.76,,0.98654747,6121.0,0.56827374,0.95412222,2.266e-05,7.19825105,-7.32640355,6.73,181955.86464943
2023-09-29,20,BTC-231027-21000-P,BTCUSDT,P,231027-21000,95.0,95.0,65.0,65.0,1.39,1.39,55.0,60.0,8.5,7.26,,0.52604616,57.0,0.52173138,-0.03568656,2.039e-05,5.79364621,-5.50420468,69.1,1858860.86167064
2023-09-29,13,BTC-231027-21000-C,BTCUSDT,C,231027-21000,6400.0,6400.0,6400.0,6400.0,0.0,0.0,5810.0,6545.0,3.08,2.7,,0.99511147,5989.0,0.57255573,0.95016,2.423e-05,7.62909537,-7.87041526,6.73,181124.06697145
2023-09-29,6,BTC-231027-21000-C,BTCUSDT,C,231027-21000,6400.0,6400.0,6400.0,6400.0,0.0,0.0,5925.0,7090.0,2.95,3.8,,1.20375156,6256.0,0.67687578,0.92621964,2.752e-05,10.49107724,-12.66178873,6.73,182184.06563736
2023-09-29,15,BTC-231027-21000-P,BTCUSDT,P,231027-21000,95.0,95.0,65.0,65.0,1.39,1.39,55.0,65.0,9.79,7.21,,0.53123057,59.0,0.52284211,-0.03680355,2.08e-05,5.96051762,-5.63206319,69.1,1858050.667967
2023-09-29,2,BTC-231027-21000-C,BTCUSDT,C,231027-21000,6400.0,6400.0,6400.0,6400.0,0.0,0.0,5775.0,15495.0,2.85,4.79,,5.0476265,6216.0,0.775,0.89558593,3.125e-05,13.5424429,-18.6033482,6.73,181037.45556925
2023-09-29,2,BTC-231027-21000-P,BTCUSDT,P,231027-21000,95.0,95.0,95.0,95.0,0.03,0.03,60.0,65.0,6.36,2.5,,0.52676737,62.0,0.5227083,-0.03783845,2.107e-05,6.15893694,-5.70633876,67.71,1821403.58344631
2023-09-29,20,BTC-231027-21000-C,BTCUSDT,C,231027-21000,6400.0,6400.0,6400.0,6400.0,0.0,0.0,5375.0,6440.0,4.25,2.8,,0.93286991,5974.0,0.54143496,0.95931438,2.187e-05,6.44748458,-6.35670784,6.73,181043.90157805
2023-09-29,10,BTC-231027-21000-P,BTCUSDT,P,231027-21000,95.0,95.0,95.0,95.0,0.0,0.0,60.0,65.0,9.47,2.5,,0.53803146,62.0,0.53390741,-0.03715696,2.035e-05,6.06169522,-5.80517071,67.71,1830390.32250978
2023-09-29,0,BTC-231027-21000-C,BTCUSDT,C,231027-21000,6400.0,6400.0,6400.0,6400.0,0.0,0.0,5665.0,6850.0,4.56,2.57,,1.07500076,6189.0,0.61250038,0.94222765,2.505e-05,8.71443797,-9.43315652,6.73,182166.20081541
2023-09-29,12,BTC-231027-21000-P,BTCUSDT,P,231027-21000,95.0,95.0,65.0,65.0,1.39,1.39,60.0,65.0,10.41,2.5,,0.53708136,62.0,0.5329597,-0.0373026,2.05e-05,6.06561286,-5.81599855,69.1,1866005.70295576
2023-09-29,8,BTC-231027-21000-C,BTCUSDT,C,231027-21000,6400.0,6400.0,6400.0,6400.0,0.0,0.0,5560.0,6655.0,1.5,2.76,,1.00236893,6096.0,0.57618446,0.95117967,2.35e-05,7.56228109,-7.79242993,6.73,181831.14
2023-09-29,23,BTC-231027-21000-C,BTCUSDT,C,231027-21000,6400.0,6400.0,6400.0,6400.0,0.0,0.0,5375.0,6440.0,4.25,2.8,,0.93287468,5977.0,0.54143734,0.95971707,2.174e-05,6.38199267,-6.32094086,6.73,181106.41366371
2023-09-29,1,BTC-231027-21000-C,BTCUSDT,C,231027-21000,6400.0,6400.0,6400.0,6400.0,0.0,0.0,5665.0,7430.0,4.56,2.94,,1.37740612,6337.0,0.76370306,0.90282097,2.99e-05,12.93319281,-17.48161925,6.73,182122.23764503
2023-09-29,17,BTC-231027-21000-C,BTCUSDT,C,231027-21000,6400.0,6400.0,6400.0,6400.0,0.0,0.0,5735.0,6440.0,2.87,2.8,,0.96327782,5925.0,0.55663891,0.95358064,2.366e-05,7.17112583,-7.23575706,6.73,180659.74578239
2023-09-29,13,BTC-231027-21000-P,BTCUSDT,P,231027-21000,95.0,95.0,65.0,65.0,1.39,1.39,55.0,65.0,12.0,6.92,,0.53091943,59.0,0.52253842,-0.03676314,2.076e-05,5.9658624,-5.61692078,69.1,1859683.95657163
2023-09-29,22,BTC-231027-21000-P,BTCUSDT,P,231027-21000,95.0,95.0,65.0,65.0,1.39,1.39,45.0,50.0,2.5,2.93,,0.50804913,47.0,0.50323009,-0.0312886,1.901e-05,5.18782102,-4.76834075,69.1,1857694.7801868
2023-09-29,3,BTC-231027-21000-C,BTCUSDT,C,231027-21000,6400.0,6400.0,6400.0,6400.0,0.0,0.0,5805.0,15510.0,2.86,5.85,,5.03502846,6268.0,0.775,0.8975682,3.077e-05,13.37495133,-18.40044323,6.73,181429.78646591
2023-09-29,21,BTC-231027-21000-C,BTCUSDT,C,231027-21000,6400.0,6400.0,6400.0,6400.0,0.0,0.0,5375.0,6440.0,4.25,2.8,,0.95119476,5948.0,0.55059738,0.95629761,2.283e-05,6.81805037,-6.84619896,6.73,180882.12790881
2023-09-29,5,BTC-231027-21000-P,BTCUSDT,P,231027-21000,95.0,95.0,95.0,95.0,0.03,0.03,65.0,70.0,2.66,8.67,,0.54067194,67.0,0.53675234,-0.0394584,2.122e-05,6.37754791,-6.09465111,67.71,1827082.74109434
2023-09-29,9,BTC-231027-21000-P,BTCUSDT,P,231027-21000,95.0,95.0,95.0,95.0,0.0,0.0,65.0,70.0,6.2,13.73,,0.54589212,67.0,0.54194331,-0.03914669,2.09e-05,6.33126626,-6.14540773,67.71,1830643.62487565
2023-09-29,14,BTC-231027-21000-P,BTCUSDT,P,231027-21000,95.0,95.0,65.0,65.0,1.39,1.39,60.0,65.0,7.26,2.5,,0.53176582,62.0,0.52766919,-0.03781573,2.105e-05,6.10209058,-5.81031674,69.1,1858467.61432936
2023-09-29,23,BTC-231027-21000-P,BTCUSDT,P,231027-21000,95.0,95.0,65.0,65.0,1.39,1.39,45.0,50.0,8.81,8.96,,0.50972521,47.0,0.50489426,-0.03119427,1.89e-05,5.1750273,-4.7795862,69.1,1859502.70195576
2023-09-29,11,BTC-231027-21000-C,BTCUSDT,C,231027-21000,6400.0,6400.0,6400.0,6400.0,0.0,0.0,5930.0,6595.0,3.22,2.62,,0.98493576,6059.0,0.56746788,0.95308605,2.319e-05,7.30020156,-7.44184703,6.73,181559.33970547
2023-09-29,14,BTC-231027-21000-C,BTCUSDT,C,231027-21000,6400.0,6400.0,6400.0,6400.0,0.0,0.0,5755.0,6485.0,3.24,3.07,,0.95684052,5982.0,0.55342026,0.95551709,2.289e-05,6.96097413,-6.95159546,6.73,181005.60122195
2023-09-29,16,BTC-231027-21000-P,BTCUSDT,P,231027-21000,95.0,95.0,65.0,65.0,1.39,1.39,60.0,65.0,5.34,10.22,,0.53045213,62.0,0.52635968,-0.03799522,2.124e-05,6.10879466,-5.81976804,69.1,1856764.32210956
2023-09-29,8,BTC-231027-21000-P,BTCUSDT,P,231027-21000,95.0,95.0,95.0,95.0,0.0,0.0,60.0,65.0,4.85,3.56,,0.53554952,62.0,0.53143978,-0.03729663,2.049e-05,6.08323889,-5.7815925,67.71,1829388.78
2023-09-29,0,BTC-231027-21000-P,BTCUSDT,P,231027-21000,95.0,95.0,95.0,95.0,0.03,0.03,60.0,70.0,8.24,8.1,,0.54421246,64.0,0.53617597,-0.03794777,2.043e-05,6.22138713,-5.89529937,67.71,1832759.80047718
2023-09-29,22,BTC-231027-21000-C,BTCUSDT,C,231027-21000,6400.0,6400.0,6400.0,6400.0,0.0,0.0,5375.0,6440.0,4.25,2.8,,0.94348431,5960.0,0.54674215,0.95777454,2.237e-05,6.63017592,-6.62099566,6.73,180930.33097912
2023-09-29,16,BTC-231027-21000-C,BTCUSDT,C,231027-21000,6400.0,6400.0,6400.0,6400.0,0.0,0.0,5725.0,6440.0,3.13,2.8,,0.9486866,5946.0,0.5493433,0.95603231,2.291e-05,6.87686429,-6.83757057,6.73,180839.70894063
2023-09-29,6,BTC-231027-21000-P,BTCUSDT,P,231027-21000,95.0,95.0,95.0,95.0,0.03,0.03,60.0,65.0,13.71,2.64,,0.53919613,62.0,0.5350703,-0.0369288,2.011e-05,6.05934722,-5.78099625,67.71,1832939.53704391
2023-09-30,4,BTC-231027-21000-P,BTCUSDT,P,231027-21000,95.0,95.0,65.0,65.0,1.39,1.39,40.0,45.0,6.88,4.27,,0.50306261,42.0,0.497877,-0.02874943,1.797e-05,4.821093,-4.42453512,69.1,1860793.47476897
2023-09-30,12,BTC-231027-21000-C,BTCUSDT,C,231027-21000,6400.0,6400.0,6400.0,6400.0,0.0,0.0,5530.0,7225.0,4.54,2.98,,1.36113644,6193.0,0.75556822,0.90611295,3.04e-05,12.22460378,-17.23766987,6.73,181262.59847472
2023-09-30,10,BTC-231027-21000-C,BTCUSDT,C,231027-21000,6400.0,6400.0,6400.0,6400.0,0.0,0.0,5530.0,7225.0,4.54,2.98,,1.33888245,6226.0,0.74444122,0.91008771,2.978e-05,11.87962848,-16.45336064,6.73,181554.14873075
2023-09-30,7,BTC-231027-21000-C,BTCUSDT,C,231027-21000,6400.0,6400.0,6400.0,6400.0,0.0,0.0,5375.0,6440.0,2.75,2.8,,0.92687607,5994.0,0.53843803,0.9617761,2.106e-05,6.08267574,-6.06507882,6.73,181241.45228863
2023-09-30,3,BTC-231027-21000-P,BTCUSDT,P,231027-21000,95.0,95.0,65.0,65.0,1.39,1.39,45.0,50.0,4.33,8.14,,0.51166713,47.0,0.50681949,-0.03116662,1.887e-05,5.15664197,-4.81009605,69.1,1859766.16279143
2023-09-30,1,BTC-231027-21000-P,BTCUSDT,P,231027-21000,95.0,95.0,65.0,65.0,1.39,1.39,45.0,50.0,4.56,8.14,,0.50972402,47.0,0.50489068,-0.03125137,1.897e-05,5.17248348,-4.7918121,69.1,1858609.18580197
2023-09-30,19,BTC-231027-21000-C,BTCUSDT,C,231027-21000,6400.0,6400.0,6400.0,6400.0,0.0,0.0,5880.0,7225.0,2.84,2.98,,1.33076668,6254.0,0.74038334,0.91365085,2.921e-05,11.4643325,-16.0150888,6.73,181858.44761395
2023-09-30,15,BTC-231027-21000-C,BTCUSDT,C,231027-21000,6400.0,6400.0,6400.0,6400.0,0.0,0.0,5530.0,7225.0,4.54,2.98,,1.33725166,6237.0,0.74362583,0.91150729,2.955e-05,11.70148017,-16.31534839,6.73,181681.68075163
2023-09-30,5,BTC-231027-21000-C,BTCUSDT,C,231027-21000,6400.0,6400.0,6400.0,6400.0,0.0,0.0,5375.0,6440.0,4.25,2.8,,0.92282295,5997.0,0.53641148,0.96217617,2.092e-05,6.04105668,-5.98244445,6.73,181245.39334063
2023-09-30,7,BTC-231027-21000-P,BTCUSDT,P,231027-21000,65.0,65.0,50.0,50.0,1.55,1.55,45.0,50.0,2.98,11.35,,0.51417291,47.0,0.5093044,-0.03109951,1.879e-05,5.13454477,-4.84267619,69.26,1865198.06619772
2023-09-30,4,BTC-231027-21000-C,BTCUSDT,C,231027-21000,6400.0,6400.0,6400.0,6400.0,0.0,0.0,5375.0,6440.0,4.25,2.8,,0.92665672,5991.0,0.53832836,0.9614176,2.118e-05,6.14251749,-6.09528104,6.73,181232.12858459
2023-09-30,21,BTC-231027-21000-P,BTCUSDT,P,231027-21000,50.0,50.0,50.0,50.0,0.82,0.82,45.0,50.0,4.48,6.85,,0.52394569,47.0,0.51899701,-0.03080703,1.845e-05,5.05177091,-4.96249754,69.92,1887355.1931607
2023-09-30,18,BTC-231027-21000-C,BTCUSDT,C,231027-21000,6400.0,6400.0,6400.0,6400.0,0.0,0.0,5870.0,7225.0,2.79,2.98,,1.33787155,6241.0,0.74393578,0.91204547,2.947e-05,11.62372228,-16.29004536,6.73,181724.788962
2023-09-30,18,BTC-231027-21000-P,BTCUSDT,P,231027-21000,50.0,50.0,50.0,50.0,0.82,0.82,45.0,50.0,3.85,6.85,,0.52300513,47.0,0.51806629,-0.03078614,1.843e-05,5.06176874,-4.94002623,69.92,1887993.64698703
2023-09-30,11,BTC-231027-21000-P,BTCUSDT,P,231027-21000,50.0,50.0,50.0,50.0,0.16,0.16,40.0,50.0,8.0,7.51,,0.51616371,44.0,0.50605953,-0.02984407,1.833e-05,4.94807887,-4.66587833,69.26,1865389.55800631
2023-09-30,17,BTC-231027-21000-P,BTCUSDT,P,231027-21000,50.0,50.0,50.0,50.0,0.82,0.82,45.0,50.0,3.81,10.21,,0.52365005,47.0,0.51870853,-0.03071191,1.834e-05,5.05885814,-4.93555808,69.92,1889297.4785579
2023-09-30,19,BTC-231027-21000-P,BTCUSDT,P,231027-21000,50.0,50.0,50.0,50.0,0.82,0.82,45.0,50.0,3.53,6.85,,0.52463114,47.0,0.51968038,-0.03070092,1.833e-05,5.0499065,-4.95157771,69.92,1889382.2670382
2023-09-30,9,BTC-231027-21000-C,BTCUSDT,C,231027-21000,6400.0,6400.0,6400.0,6400.0,0.0,0.0,5530.0,7225.0,4.54,2.98,,1.35044098,6205.0,0.75022049,0.90757244,3.017e-05,12.12051259,-16.89112008,6.73,181357.79691321
2023-09-30,20,BTC-231027-21000-P,BTCUSDT,P,231027-21000,50.0,50.0,50.0,50.0,0.82,0.82,45.0,50.0,4.3,9.5,,0.52766621,47.0,0.52269518,-0.03051791,1.812e-05,5.02898233,-4.96747784,69.92,1892414.85737391
2023-09-30,13,BTC-231027-21000-C,BTCUSDT,C,231027-21000,6400.0,6400.0,6400.0,6400.0,0.0,0.0,5530.0,7225.0,4.54,2.98,,1.34396553,6223.0,0.74698277,0.90974422,2.983e-05,11.88346055,-16.59203062,6.73,181558.32502855
2023-09-30,6,BTC-231027-21000-C,BTCUSDT,C,231027-21000,6400.0,6400.0,6400.0,6400.0,0.0,0.0,5375.0,6440.0,4.25,2.8,,0.92734337,5992.0,0.53867168,0.96156808,2.113e-05,6.11387686,-6.08943779,6.73,181237.73889013
2023-09-30,15,BTC-231027-21000-P,BTCUSDT,P,231027-21000,50.0,50.0,50.0,50.0,0.16,0.16,45.0,50.0,4.03,12.51,,0.52140057,47.0,0.51647604,-0.03081285,1.846e-05,5.07615736,-4.91571092,69.26,1869728.56000865
2023-09-30,2,BTC-231027-21000-C,BTCUSDT,C,231027-21000,6400.0,6400.0,6400.0,6400.0,0.0,0.0,5375.0,6440.0,4.25,2.8,,0.93507767,5977.0,0.54253883,0.9597506,2.173e-05,6.36305074,-6.34401346,6.73,181095.3388772
2023-09-30,2,BTC-231027-21000-P,BTCUSDT,P,231027-21000,95.0,95.0,65.0,65.0,1.39,1.39,40.0,50.0,8.49,8.14,,0.5108881,44.0,0.50087661,-0.02996343,1.847e-05,4.99384591,-4.5965688,69.1,1859388.99203779
2023-09-30,20,BTC-231027-21000-C,BTCUSDT,C,231027-21000,6400.0,6400.0,6400.0,6400.0,0.0,0.0,5920.0,7225.0,3.09,2.98,,1.31401062,6283.0,0.73200531,0.9171109,2.863e-05,11.12690132,-15.39202637,6.73,182150.34310822
2023-09-30,10,BTC-231027-21000-P,BTCUSDT,P,231027-21000,65.0,65.0,50.0,50.0,1.55,1.55,40.0,50.0,7.26,7.51,,0.51835179,44.0,0.50822109,-0.02966541,1.812e-05,4.93507479,-4.66624746,69.26,1868416.09823061
2023-09-30,0,BTC-231027-21000-C,BTCUSDT,C,231027-21000,6400.0,6400.0,6400.0,6400.0,0.0,0.0,5375.0,6440.0,4.25,2.8,,0.91791153,6000.0,0.53395576,0.96233013,2.086e-05,6.04465476,-5.91311796,6.73,181322.30023075
2023-09-30,12,BTC-231027-21000-P,BTCUSDT,P,231027-21000,50.0,50.0,50.0,50.0,0.16,0.16,45.0,50.0,3.22,7.51,,0.51609337,47.0,0.51120639,-0.03110488,1.88e-05,5.11519484,-4.88009795,69.26,1865415.68653178
2023-09-30,8,BTC-231027-21000-C,BTCUSDT,C,231027-21000,6400.0,6400.0,6400.0,6400.0,0.0,0.0,5530.0,7225.0,4.54,2.98,,1.35617733,6194.0,0.75308867,0.9062046,3.038e-05,12.25458463,-17.11675701,6.73,181245.16925384
2023-09-30,23,BTC-231027-21000-C,BTCUSDT,C,231027-21000,6400.0,6400.0,6400.0,6400.0,0.0,0.0,5880.0,7225.0,3.22,2.98,,1.35912895,6214.0,0.75456448,0.90899239,2.996e-05,11.85843708,-16.9897812,6.73,181463.69605163
2023-09-30,1,BTC-231027-21000-C,BTCUSDT,C,231027-21000,6400.0,6400.0,6400.0,6400.0,0.0,0.0,5375.0,6440.0,4.25,2.8,,0.94118118,5967.0,0.54559059,0.95858206,2.211e-05,6.51442575,-6.52148236,6.73,181019.38958679
2023-09-30,17,BTC-231027-21000-C,BTCUSDT,C,231027-21000,6400.0,6400.0,6400.0,6400.0,0.0,0.0,5870.0,7225.0,2.79,2.98,,1.32974148,6253.0,0.73987074,0.91341469,2.924e-05,11.5047172,-16.01003118,6.73,181850.28648019
2023-09-30,13,BTC-231027-21000-P,BTCUSDT,P,231027-21000,50.0,50.0,50.0,50.0,0.16,0.16,45.0,50.0,4.58,7.51,,0.51926553,47.0,0.51435709,-0.03090674,1.857e-05,5.09281131,-4.89630369,69.26,1868459.07748552
2023-09-30,22,BTC-231027-21000-P,BTCUSDT,P,231027-21000,50.0,50.0,50.0,50.0,0.82,0.82,45.0,50.0,5.29,6.85,,0.52512228,47.0,0.52016497,-0.0307534,1.839e-05,5.0428301,-4.97270597,69.92,1888525.29283509
2023-09-30,3,BTC-231027-21000-C,BTCUSDT,C,231027-21000,6400.0,6400.0,6400.0,6400.0,0.0,0.0,5375.0,6440.0,4.25,2.8,,0.93234062,5982.0,0.54117031,0.96034291,2.153e-05,6.28351805,-6.25850056,6.73,181132.07345277
2023-09-30,21,BTC-231027-21000-C,BTCUSDT,C,231027-21000,6400.0,6400.0,6400.0,6400.0,0.0,0.0,5840.0,7225.0,3.15,2.98,,1.34301186,6237.0,0.74650593,0.91170284,2.953e-05,11.62790159,-16.42957792,6.73,181663.33595497
2023-09-30,5,BTC-231027-21000-P,BTCUSDT,P,231027-21000,95.0,95.0,65.0,65.0,1.39,1.39,40.0,45.0,9.13,2.99,,0.50394475,42.0,0.498752,-0.02871574,1.793e-05,4.81416856,-4.43275415,69.1,1860929.67010956
2023-09-30,9,BTC-231027-21000-P,BTCUSDT,P,231027-21000,65.0,65.0,50.0,50.0,1.55,1.55,45.0,50.0,3.91,12.51,,0.51604331,47.0,0.51116019,-0.03102212,1.87e-05,5.11940435,-4.86099306,69.26,1866395.39587056
2023-09-30,14,BTC-231027-21000-P,BTCUSDT,P,231027-21000,50.0,50.0,50.0,50.0,0.16,0.16,40.0,50.0,7.82,7.51,,0.52091658,44.0,0.51074177,-0.0296004,1.804e-05,4.91363124,-4.69815095,69.26,1869659.10212313
2023-09-30,23,BTC-231027-21000-P,BTCUSDT,P,231027-21000,50.0,50.0,50.0,50.0,0.82,0.82,45.0,50.0,4.78,6.85,,0.52266717,47.0,0.51772416,-0.03095556,1.862e-05,5.05749315,-4.97161751,69.92,1885281.07398667
2023-09-30,11,BTC-231027-21000-C,BTCUSDT,C,231027-21000,6400.0,6400.0,6400.0,6400.0,0.0,0.0,5530.0,7225.0,4.54,2.98,,1.35700226,6198.0,0.75350113,0.90671226,3.03e-05,12.1798708,-17.10101076,6.73,181260.05956371
2023-09-30,14,BTC-231027-21000-C,BTCUSDT,C,231027-21000,6400.0,6400.0,6400.0,6400.0,0.0,0.0,5530.0,7225.0,4.54,2.98,,1.33672714,6236.0,0.74336357,0.91139103,2.957e-05,11.721529,-16.31205095,6.73,181674.93152308
2023-09-30,16,BTC-231027-21000-P,BTCUSDT,P,231027-21000,50.0,50.0,50.0,50.0,0.82,0.82,45.0,50.0,4.64,14.21,,0.52336156,47.0,0.51842302,-0.03070341,1.833e-05,5.06203277,-4.92821255,69.92,1889338.77745965
2023-09-30,8,BTC-231027-21000-P,BTCUSDT,P,231027-21000,65.0,65.0,50.0,50.0,1.55,1.55,40.0,45.0,9.53,3.0,,0.50486386,42.0,0.49966097,-0.02873246,1.795e-05,4.8046384,-4.45259211,69.26,1865236.31835374
2023-09-30,0,BTC-231027-21000-P,BTCUSDT,P,231027-21000,95.0,95.0,65.0,65.0,1.39,1.39,45.0,50.0,3.62,8.14,,0.51185906,47.0,0.5070132,-0.03106751,1.875e-05,5.15919992,-4.79227119,69.1,1861719.30846138
2023-09-30,22,BTC-231027-21000-C,BTCUSDT,C,231027-21000,6400.0,6400.0,6400.0,6400.0,0.0,0.0,5880.0,7225.0,3.22,2.98,,1.33895874,6246.0,0.74447937,0.91271418,2.937e-05,11.52461946,-16.26509512,6.73,181775.9613956
2023-09-30,16,BTC-231027-21000-C,BTCUSDT,C,231027-21000,6400.0,6400.0,6400.0,6400.0,0.0,0.0,5530.0,7225.0,4.54,2.98,,1.32788658,6254.0,0.73894329,0.91355914,2.922e-05,11.50021158,-15.95868638,6.73,181854.26161761
2023-09-30,6,BTC-231027-21000-P,BTCUSDT,P,231027-21000,95.0,95.0,65.0,65.0,1.39,1.39,45.0,50.0,3.13,5.0,,0.51364601,47.0,0.50878197,-0.03110887,1.88e-05,5.13937602,-4.83479951,69.1,1860851.07835182
2023-10-01,4,BTC-231027-21000-P,BTCUSDT,P,231027-21000,50.0,50.0,50.0,50.0,0.82,0.82,45.0,50.0,4.43,6.85,,0.52986562,47.0,0.52487046,-0.0305979,1.821e-05,5.00456948,-5.02727176,69.92,1891062.86635579
2023-10-01,12,BTC-231027-21000-C,BTCUSDT,C,231027-21000,6400.0,6400.0,6400.0,6400.0,0.0,0.0,6045.0,7180.0,2.87,3.05,,1.25125885,6360.0,0.70062943,0.9306695,2.632e-05,9.63414435,-13.08554829,6.73,182983.31821868
2023-10-01,10,BTC-231027-21000-C,BTCUSDT,C,231027-21000,6400.0,6400.0,6400.0,6400.0,0.0,0.0,6055.0,7180.0,2.81,3.05,,1.24177456,6372.0,0.69588728,0.93199606,2.605e-05,9.5128111,-12.79196382,6.73,183088.64345824
2023-10-01,7,BTC-231027-21000-C,BTCUSDT,C,231027-21000,6400.0,6400.0,6400.0,6400.0,0.0,0.0,5720.0,7225.0,2.86,2.98,,1.30614281,6314.0,0.7280714,0.92095328,2.797e-05,10.65988245,-14.92529254,6.73,182455.39557145
2023-10-01,3,BTC-231027-21000-P,BTCUSDT,P,231027-21000,50.0,50.0,50.0,50.0,0.82,0.82,45.0,50.0,4.57,6.85,,0.52937746,47.0,0.52438647,-0.0306025,1.822e-05,5.00898252,-5.01906015,69.92,1890987.56021123
2023-10-01,1,BTC-231027-21000-P,BTCUSDT,P,231027-21000,50.0,50.0,50.0,50.0,0.82,0.82,45.0,50.0,4.63,6.85,,0.52706897,47.0,0.52209496,-0.0307047,1.833e-05,5.02637791,-4.99856274,69.92,1889863.61541965
2023-10-01,19,BTC-231027-21000-C,BTCUSDT,C,231027-21000,6400.0,6400.0,6400.0,6400.0,0.0,0.0,5795.0,7180.0,4.2,3.05,,1.29859924,6295.0,0.72429962,0.92338778,2.773e-05,10.30608428,-14.63664619,6.73,182382.02230107
2023-10-01,15,BTC-231027-21000-C,BTCUSDT,C,231027-21000,6400.0,6400.0,6400.0,6400.0,0.0,0.0,5795.0,7180.0,4.2,3.05,,1.2722683,6331.0,0.71113415,0.9274304,2.696e-05,9.93907364,-13.76885352,6.73,182739.70035384
2023-10-01,5,BTC-231027-21000-C,BTCUSDT,C,231027-21000,6400.0,6400.0,6400.0,6400.0,0.0,0.0,5720.0,7225.0,4.36,2.98,,1.31998539,6288.0,0.73499269,0.91789956,2.85e-05,10.97184643,-15.45857521,6.73,182191.50561541
2023-10-01,7,BTC-231027-21000-P,BTCUSDT,P,231027-21000,50.0,50.0,50.0,50.0,0.66,0.66,45.0,50.0,5.81,6.85,,0.53510964,47.0,0.53007692,-0.03032557,1.79e-05,4.9675629,-5.06382552,69.92,1895584.13942877
2023-10-01,4,BTC-231027-21000-C,BTCUSDT,C,231027-21000,6400.0,6400.0,6400.0,6400.0,0.0,0.0,5900.0,7225.0,3.2,2.98,,1.33025169,6270.0,0.74012585,0.91571652,2.887e-05,11.18827611,-15.84828451,6.73,182020.21010547
2023-10-01,21,BTC-231027-21000-P,BTCUSDT,P,231027-21000,50.0,50.0,50.0,50.0,0.1,0.1,40.0,45.0,7.65,2.5,,0.53453743,42.0,0.52907705,-0.02779446,1.684e-05,4.57803556,-4.76485074,70.02,1901479.13996052
2023-10-01,18,BTC-231027-21000-C,BTCUSDT,C,231027-21000,6400.0,6400.0,6400.0,6400.0,0.0,0.0,5795.0,7180.0,4.2,3.05,,1.30031586,6291.0,0.72515793,0.92285421,2.783e-05,10.36662416,-14.71602537,6.73,182353.94684554
2023-10-01,18,BTC-231027-21000-P,BTCUSDT,P,231027-21000,50.0,50.0,50.0,50.0,0.1,0.1,40.0,50.0,11.53,6.75,,0.53898633,44.0,0.5284977,-0.02918418,1.756e-05,4.76677102,-4.93160136,70.02,1897239.72631866
2023-10-01,11,BTC-231027-21000-P,BTCUSDT,P,231027-21000,50.0,50.0,50.0,50.0,0.66,0.66,40.0,50.0,8.84,6.85,,0.5417949,44.0,0.53128839,-0.02880336,1.712e-05,4.75853798,-4.89320289,69.92,1901567.99291439
2023-10-01,17,BTC-231027-21000-P,BTCUSDT,P,231027-21000,50.0,50.0,50.0,50.0,0.1,0.1,45.0,50.0,5.85,6.75,,0.53702176,47.0,0.53196371,-0.03049025,1.809e-05,4.94261095,-5.1386745,70.02,1895635.80168157
2023-10-01,19,BTC-231027-21000-P,BTCUSDT,P,231027-21000,50.0,50.0,50.0,50.0,0.1,0.1,40.0,45.0,10.35,2.5,,0.52966535,42.0,0.52424192,-0.02804724,1.713e-05,4.60912785,-4.73783717,70.02,1897531.82786341
2023-10-01,9,BTC-231027-21000-C,BTCUSDT,C,231027-21000,6400.0,6400.0,6400.0,6400.0,0.0,0.0,6070.0,7180.0,2.99,3.05,,1.23646736,6379.0,0.69323368,0.93276057,2.589e-05,9.44098712,-12.62663793,6.73,183160.94362635
2023-10-01,20,BTC-231027-21000-P,BTCUSDT,P,231027-21000,50.0,50.0,50.0,50.0,0.1,0.1,40.0,45.0,9.49,2.5,,0.53055465,42.0,0.52512288,-0.02801828,1.71e-05,4.60266173,-4.74689732,70.02,1898138.74737345
2023-10-01,13,BTC-231027-21000-C,BTCUSDT,C,231027-21000,6400.0,6400.0,6400.0,6400.0,0.0,0.0,6045.0,7180.0,2.87,3.05,,1.25360489,6358.0,0.70180244,0.93044175,2.636e-05,9.64964522,-13.14978944,6.73,182958.44754063
2023-10-01,6,BTC-231027-21000-C,BTCUSDT,C,231027-21000,6400.0,6400.0,6400.0,6400.0,0.0,0.0,5720.0,7225.0,4.36,2.98,,1.2966156,6328.0,0.7233078,0.92253488,2.768e-05,10.51381423,-14.60106328,6.73,182605.58476591
2023-10-01,15,BTC-231027-21000-P,BTCUSDT,P,231027-21000,50.0,50.0,50.0,50.0,0.66,0.66,40.0,50.0,10.64,6.85,,0.54118276,44.0,0.53067356,-0.02895581,1.729e-05,4.75728681,-4.91798416,69.92,1898537.86756912
2023-10-01,2,BTC-231027-21000-C,BTCUSDT,C,231027-21000,6400.0,6400.0,6400.0,6400.0,0.0,0.0,5890.0,7225.0,3.12,2.98,,1.33614063,6257.0,0.74307032,0.91414241,2.913e-05,11.35451593,-16.09640702,6.73,181890.93817978
2023-10-01,2,BTC-231027-21000-P,BTCUSDT,P,231027-21000,50.0,50.0,50.0,50.0,0.82,0.82,45.0,50.0,4.41,6.85,,0.52784026,47.0,0.52286029,-0.03068006,1.831e-05,5.02011535,-5.00760152,69.92,1889719.82132688
2023-10-01,20,BTC-231027-21000-C,BTCUSDT,C,231027-21000,6400.0,6400.0,6400.0,6400.0,0.0,0.0,5795.0,7180.0,4.2,3.05,,1.29641533,6300.0,0.72320766,0.92400675,2.761e-05,10.23709267,-14.5405051,6.73,182440.35660987
2023-10-01,10,BTC-231027-21000-P,BTCUSDT,P,231027-21000,50.0,50.0,50.0,50.0,0.66,0.66,40.0,45.0,10.59,2.5,,0.53232729,42.0,0.52689791,-0.02763421,1.665e-05,4.60404152,-4.68764977,69.92,1902163.14273404
2023-10-01,0,BTC-231027-21000-C,BTCUSDT,C,231027-21000,6400.0,6400.0,6400.0,6400.0,0.0,0.0,5880.0,7225.0,3.22,2.98,,1.34890079,6233.0,0.7494504,0.91121984,2.961e-05,11.64475929,-16.59682847,6.73,181647.95451137
2023-10-01,12,BTC-231027-21000-P,BTCUSDT,P,231027-21000,50.0,50.0,50.0,50.0,0.66,0.66,40.0,45.0,8.83,2.5,,0.53217828,42.0,0.52674711,-0.02769748,1.672e-05,4.60257201,-4.69994909,69.92,1901068.88705053
2023-10-01,8,BTC-231027-21000-C,BTCUSDT,C,231027-21000,6400.0,6400.0,6400.0,6400.0,0.0,0.0,6000.0,7180.0,2.8,3.05,,1.27292633,6319.0,0.71146317,0.92587258,2.725e-05,10.15241528,-13.91280826,6.73,182617.53532308
2023-10-01,23,BTC-231027-21000-C,BTCUSDT,C,231027-21000,6400.0,6400.0,6400.0,6400.0,0.0,0.0,6460.0,8345.0,4.62,2.87,,1.53194427,7168.0,0.775,0.93441254,2.234e-05,9.41555586,-14.40207722,6.73,188349.81282308
2023-10-01,1,BTC-231027-21000-C,BTCUSDT,C,231027-21000,6400.0,6400.0,6400.0,6400.0,0.0,0.0,5880.0,7225.0,3.22,2.98,,1.3374567,6253.0,0.74372835,0.9136674,2.921e-05,11.40811685,-16.16102133,6.73,181904.77877251
2023-10-01,17,BTC-231027-21000-C,BTCUSDT,C,231027-21000,6400.0,6400.0,6400.0,6400.0,0.0,0.0,5795.0,7180.0,4.2,3.05,,1.30989075,6274.0,0.72994537,0.92084228,2.819e-05,10.57007847,-15.07930238,6.73,182199.78499453
2023-10-01,13,BTC-231027-21000-P,BTCUSDT,P,231027-21000,50.0,50.0,50.0,50.0,0.66,0.66,40.0,45.0,9.25,2.5,,0.53242803,42.0,0.52699357,-0.02770883,1.674e-05,4.59991906,-4.70704212,69.92,1900810.49807439
2023-10-01,22,BTC-231027-21000-P,BTCUSDT,P,231027-21000,50.0,50.0,50.0,50.0,0.1,0.1,35.0,40.0,7.79,6.14,,0.57295263,37.0,0.5666855,-0.02276971,1.292e-05,3.98862418,-4.45378217,70.02,1958436.6319579
2023-10-01,3,BTC-231027-21000-C,BTCUSDT,C,231027-21000,6400.0,6400.0,6400.0,6400.0,0.0,0.0,5900.0,7225.0,3.2,2.98,,1.32964134,6269.0,0.73982067,0.91561528,2.889e-05,11.20683966,-15.84276682,6.73,182012.96167365
2023-10-01,21,BTC-231027-21000-C,BTCUSDT,C,231027-21000,6400.0,6400.0,6400.0,6400.0,0.0,0.0,5795.0,7180.0,4.2,3.05,,1.27185822,6341.0,0.71092911,0.92873573,2.671e-05,9.75920362,-13.64871887,6.73,182761.41976484
2023-10-01,5,BTC-231027-21000-P,BTCUSDT,P,231027-21000,50.0,50.0,50.0,50.0,0.82,0.82,45.0,50.0,4.78,6.85,,0.53194821,47.0,0.52693844,-0.03048356,1.808e-05,4.99006441,-5.04048993,69.92,1892842.50707719
2023-10-01,9,BTC-231027-21000-P,BTCUSDT,P,231027-21000,50.0,50.0,50.0,50.0,0.66,0.66,40.0,50.0,11.5,6.85,,0.54264307,44.0,0.5321309,-0.02869274,1.699e-05,4.75589526,-4.8824907,69.92,1902914.29098877
2023-10-01,14,BTC-231027-21000-P,BTCUSDT,P,231027-21000,50.0,50.0,50.0,50.0,0.66,0.66,45.0,50.0,6.06,6.85,,0.53855836,47.0,0.53349465,-0.03029696,1.787e-05,4.93700336,-5.12258742,69.92,1895623.58660211
2023-10-01,23,BTC-231027-21000-P,BTCUSDT,P,231027-21000,50.0,50.0,50.0,50.0,0.1,0.1,35.0,40.0,9.18,6.14,,0.5730027,37.0,0.56673348,-0.02279059,1.294e-05,3.98738586,-4.46010006,70.02,1959621.67813852
2023-10-01,11,BTC-231027-21000-C,BTCUSDT,C,231027-21000,6400.0,6400.0,6400.0,6400.0,0.0,0.0,6085.0,7180.0,2.72,3.05,,1.25109673,6359.0,0.70054836,0.93050017,2.635e-05,9.65938053,-13.09714875,6.73,183031.35858572
2023-10-01,14,BTC-231027-21000-C,BTCUSDT,C,231027-21000,6400.0,6400.0,6400.0,6400.0,0.0,0.0,5795.0,7180.0,4.2,3.05,,1.28679276,6306.0,0.71839638,0.92453304,2.751e-05,10.23578274,-14.30148317,6.73,182459.19247472
2023-10-01,16,BTC-231027-21000-P,BTCUSDT,P,231027-21000,50.0,50.0,50.0,50.0,0.1,0.1,45.0,50.0,5.62,6.75,,0.53901494,47.0,0.53394616,-0.03032517,1.79e-05,4.93156956,-5.13793448,70.02,1897994.10605956
2023-10-01,8,BTC-231027-21000-P,BTCUSDT,P,231027-21000,50.0,50.0,50.0,50.0,0.66,0.66,45.0,50.0,8.11,6.85,,0.53703725,47.0,0.53199142,-0.03022367,1.778e-05,4.95421014,-5.07658965,69.92,1897268.65821544
2023-10-01,0,BTC-231027-21000-P,BTCUSDT,P,231027-21000,50.0,50.0,50.0,50.0,0.82,0.82,40.0,50.0,8.87,6.85,,0.52478492,44.0,0.51453292,-0.02961699,1.806e-05,4.87670489,-4.77190007,69.92,1887195.39070354
2023-10-01,22,BTC-231027-21000-C,BTCUSDT,C,231027-21000,6400.0,6400.0,6400.0,6400.0,0.0,0.0,6460.0,8345.0,4.62,2.87,,1.52759552,7176.0,0.775,0.93443898,2.231e-05,9.42281349,-14.38951157,6.73,188235.91164063
2023-10-01,16,BTC-231027-21000-C,BTCUSDT,C,231027-21000,6400.0,6400.0,6400.0,6400.0,0.0,0.0,5795.0,7180.0,4.2,3.05,,1.29182816,6301.0,0.72091408,0.92401443,2.761e-05,10.27007222,-14.44650985,6.73,182426.45435277
2023-10-01,6,BTC-231027-21000-P,BTCUSDT,P,231027-21000,50.0,50.0,50.0,50.0,0.82,0.82,45.0,50.0,7.03,4.35,,0.53589523,47.0,0.53085923,-0.0302428,1.781e-05,4.96391674,-5.05946852,69.92,1897144.50027228
2023-10-02,4,BTC-231027-21000-P,BTCUSDT,P,231027-21000,50.0,50.0,50.0,50.0,0.1,0.1,35.0,40.0,11.22,5.12,,0.57980716,37.0,0.57347834,-0.02257365,1.27e-05,3.94988485,-4.50780571,70.02,1965313.50128499
2023-10-02,12,BTC-231027-21000-C,BTCUSDT,C,231027-21000,6400.0,6400.0,6400.0,6400.0,0.0,0.0,6785.0,8015.0,4.79,2.77,,1.19930267,7410.0,0.67465134,0.96337653,1.61e-05,5.92166074,-8.05725271,6.73,190761.28468
2023-10-02,10,BTC-231027-21000-C,BTCUSDT,C,231027-21000,6400.0,6400.0,6400.0,6400.0,0.0,0.0,6785.0,8015.0,4.79,2.77,,1.21153831,7389.0,0.68076916,0.96154301,1.659e-05,6.1672809,-8.43918124,6.73,190454.15360822
2023-10-02,7,BTC-231027-21000-C,BTCUSDT,C,231027-21000,6400.0,6400.0,6400.0,6400.0,0.0,0.0,6940.0,7780.0,2.85,2.98,,1.05073929,7352.0,0.60036964,0.9761253,1.264e-05,4.16604015,-5.00232577,6.73,190379.40310236
2023-10-02,3,BTC-231027-21000-P,BTCUSDT,P,231027-21000,50.0,50.0,50.0,50.0,0.1,0.1,35.0,40.0,11.01,5.12,,0.58263123,37.0,0.57628274,-0.02241388,1.253e-05,3.93760502,-4.50829027,70.02,1967471.20465428
2023-10-02,1,BTC-231027-21000-P,BTCUSDT,P,231027-21000,50.0,50.0,50.0,50.0,0.1,0.1,35.0,40.0,7.96,3.64,,0.56985199,37.0,0.56360364,-0.02299427,1.316e-05,4.00062066,-4.46487788,70.02,1954916.41877799
2023-10-02,19,BTC-231027-21000-C,BTCUSDT,C,231027-21000,6400.0,6400.0,6400.0,6400.0,0.0,0.0,6790.0,7590.0,3.27,3.04,,1.14126205,7032.0,0.64563103,0.96367406,1.703e-05,5.77067533,-7.60352098,6.73,188060.26093764
2023-10-02,15,BTC-231027-21000-C,BTCUSDT,C,231027-21000,6400.0,6400.0,6400.0,6400.0,0.0,0.0,6735.0,8005.0,4.33,2.74,,1.34290695,7186.0,0.74645348,0.94385619,2.078e-05,8.24333705,-12.47283386,6.73,188477.12188822
2023-10-02,5,BTC-231027-21000-C,BTCUSDT,C,231027-21000,6400.0,6400.0,6400.0,6400.0,0.0,0.0,6445.0,8335.0,4.65,3.03,,1.53927326,7154.0,0.775,0.93498065,2.231e-05,9.30213339,-14.37039877,6.73,188328.16561057
2023-10-02,7,BTC-231027-21000-P,BTCUSDT,P,231027-21000,50.0,50.0,50.0,50.0,0.1,0.1,35.0,40.0,7.71,2.5,,0.59515893,37.0,0.58870912,-0.02191465,1.199e-05,3.87596739,-4.56363256,70.02,1980737.86110357
2023-10-02,4,BTC-231027-21000-C,BTCUSDT,C,231027-21000,6400.0,6400.0,6400.0,6400.0,0.0,0.0,6950.0,8345.0,2.86,2.87,,1.50533676,7237.0,0.775,0.93678938,2.174e-05,9.13664879,-14.09134239,6.73,188896.8846565
2023-10-02,21,BTC-231027-21000-P,BTCUSDT,P,231027-21000,35.0,45.0,30.0,45.0,4.03,4.03,40.0,45.0,8.02,2.5,,0.56424439,42.0,0.55854231,-0.02667134,1.555e-05,4.38401606,-5.0143153,70.02,1923103.60005144
2023-10-02,18,BTC-231027-21000-C,BTCUSDT,C,231027-21000,6400.0,6400.0,6400.0,6400.0,0.0,0.0,6685.0,8520.0,3.27,2.98,,1.72482967,6979.0,0.775,0.93272267,2.331e-05,9.38721474,-14.82191102,6.73,187109.9619765
2023-10-02,18,BTC-231027-21000-P,BTCUSDT,P,231027-21000,35.0,35.0,30.0,30.0,2.06,2.06,40.0,45.0,7.3,2.5,,0.58260143,42.0,0.57677746,-0.02556338,1.432e-05,4.292502,-5.0441098,68.05,1891951.39858852
2023-10-02,11,BTC-231027-21000-P,BTCUSDT,P,231027-21000,50.0,50.0,30.0,30.0,2.16,2.16,30.0,35.0,6.43,5.18,,0.57798207,32.0,0.57096124,-0.01999299,1.153e-05,3.56039106,-4.09297518,68.05,1919711.98778852
2023-10-02,17,BTC-231027-21000-P,BTCUSDT,P,231027-21000,35.0,35.0,30.0,30.0,2.06,2.06,35.0,40.0,5.4,5.19,,0.58545709,37.0,0.57906419,-0.02260742,1.274e-05,3.91031955,-4.6054067,68.05,1909276.9446
2023-10-02,19,BTC-231027-21000-P,BTCUSDT,P,231027-21000,35.0,45.0,30.0,45.0,4.03,4.03,35.0,40.0,8.24,2.5,,0.58087707,37.0,0.57451576,-0.02287792,1.303e-05,3.92962145,-4.60740487,70.02,1956609.13385643
2023-10-02,9,BTC-231027-21000-C,BTCUSDT,C,231027-21000,6400.0,6400.0,6400.0,6400.0,0.0,0.0,6785.0,8015.0,4.79,2.77,,1.21843338,7377.0,0.68421669,0.96050907,1.686e-05,6.30394814,-8.65538032,6.73,190449.32938586
2023-10-02,20,BTC-231027-21000-P,BTCUSDT,P,231027-21000,35.0,45.0,30.0,45.0,4.03,4.03,35.0,40.0,8.34,2.5,,0.57417214,37.0,0.56786001,-0.02323409,1.343e-05,3.96030717,-4.5974085,70.02,1948598.87880714
2023-10-02,13,BTC-231027-21000-C,BTCUSDT,C,231027-21000,6400.0,6400.0,6400.0,6400.0,0.0,0.0,7265.0,8015.0,3.25,2.77,,1.11796379,7527.0,0.6339819,0.97302283,1.325e-05,4.61869623,-5.91549176,6.73,191521.84514707
2023-10-02,6,BTC-231027-21000-C,BTCUSDT,C,231027-21000,6400.0,6400.0,6400.0,6400.0,0.0,0.0,6910.0,7780.0,3.29,2.98,,1.17219925,7180.0,0.66109962,0.96151959,1.716e-05,6.14588155,-8.11255529,6.73,189028.3215565
2023-10-02,15,BTC-231027-21000-P,BTCUSDT,P,231027-21000,50.0,50.0,30.0,30.0,2.16,2.16,25.0,40.0,9.63,5.19,,0.58390558,31.0,0.56281388,-0.02015236,1.188e-05,3.5529063,-4.05329196,68.05,1905775.35579392
2023-10-02,2,BTC-231027-21000-C,BTCUSDT,C,231027-21000,6400.0,6400.0,6400.0,6400.0,0.0,0.0,6440.0,8345.0,4.29,2.87,,1.53829098,7161.0,0.775,0.93469002,2.233e-05,9.35945202,-14.38725022,6.73,188316.98373516
2023-10-02,2,BTC-231027-21000-P,BTCUSDT,P,231027-21000,50.0,50.0,50.0,50.0,0.1,0.1,35.0,40.0,10.68,3.64,,0.57407439,37.0,0.56779206,-0.0228078,1.296e-05,3.97921102,-4.4813819,70.02,1959280.11903948
2023-10-02,20,BTC-231027-21000-C,BTCUSDT,C,231027-21000,6400.0,6400.0,6400.0,6400.0,0.0,0.0,6710.0,7590.0,2.9,3.04,,1.20812416,6935.0,0.67906208,0.95462761,1.95e-05,6.87598252,-9.54524726,6.73,187290.35210471
2023-10-02,10,BTC-231027-21000-P,BTCUSDT,P,231027-21000,50.0,50.0,35.0,35.0,0.19,0.19,30.0,35.0,9.14,1.97,,0.58352172,32.0,0.57645559,-0.01973394,1.124e-05,3.5374983,-4.09891404,70.02,1981515.57736215
2023-10-02,0,BTC-231027-21000-C,BTCUSDT,C,231027-21000,6400.0,6400.0,6400.0,6400.0,0.0,0.0,6460.0,8345.0,4.62,2.87,,1.55953407,7109.0,0.775,0.93313765,2.275e-05,9.52776154,-14.59771693,6.73,187981.8252978
2023-10-02,12,BTC-231027-21000-P,BTCUSDT,P,231027-21000,50.0,50.0,30.0,30.0,2.16,2.16,30.0,40.0,7.5,8.15,,0.59895337,34.0,0.58537632,-0.02070327,1.153e-05,3.68152603,-4.34637411,68.05,1928871.5338
2023-10-02,8,BTC-231027-21000-C,BTCUSDT,C,231027-21000,6400.0,6400.0,6400.0,6400.0,0.0,0.0,6785.0,8015.0,4.79,2.77,,1.22244835,7370.0,0.68622417,0.95983974,1.704e-05,6.39386517,-8.78989545,6.73,190384.27008
2023-10-02,23,BTC-231027-21000-C,BTCUSDT,C,231027-21000,6400.0,6400.0,6400.0,6400.0,0.0,0.0,5935.0,7590.0,1.5,3.04,,1.37478828,6684.0,0.76239414,0.92898242,2.508e-05,9.63987862,-15.10147293,6.73,185222.96023764
2023-10-02,1,BTC-231027-21000-C,BTCUSDT,C,231027-21000,6400.0,6400.0,6400.0,6400.0,0.0,0.0,6460.0,8345.0,4.62,2.87,,1.56423569,7101.0,0.775,0.93308964,2.278e-05,9.5224044,-14.61358421,6.73,187897.56495824
2023-10-02,17,BTC-231027-21000-C,BTCUSDT,C,231027-21000,6400.0,6400.0,6400.0,6400.0,0.0,0.0,6935.0,7690.0,3.25,2.79,,1.15045547,7127.0,0.65022774,0.96414301,1.665e-05,5.73878898,-7.58952817,6.73,188823.42156
2023-10-02,13,BTC-231027-21000-P,BTCUSDT,P,231027-21000,50.0,50.0,30.0,30.0,2.16,2.16,25.0,40.0,7.21,4.69,,0.60760081,31.0,0.58591723,-0.01912021,1.073e-05,3.45568527,-4.09039316,68.05,1936561.89632365
2023-10-02,22,BTC-231027-21000-P,BTCUSDT,P,231027-21000,35.0,45.0,30.0,45.0,4.03,4.03,35.0,45.0,9.08,12.93,,0.56980073,39.0,0.55786431,-0.02518839,1.481e-05,4.18817433,-4.79268075,70.02,1929618.72216
2023-10-02,3,BTC-231027-21000-C,BTCUSDT,C,231027-21000,6400.0,6400.0,6400.0,6400.0,0.0,0.0,6930.0,8345.0,2.75,2.87,,1.47899628,7292.0,0.775,0.93789378,2.138e-05,9.03793988,-13.91602686,6.73,189104.27316943
2023-10-02,21,BTC-231027-21000-C,BTCUSDT,C,231027-21000,6400.0,6400.0,6400.0,6400.0,0.0,0.0,5895.0,7590.0,4.22,3.04,,1.38436317,6665.0,0.76718159,0.92693046,2.545e-05,9.86004231,-15.49031943,6.73,184839.86330114
2023-10-02,5,BTC-231027-21000-P,BTCUSDT,P,231027-21000,50.0,50.0,50.0,50.0,0.1,0.1,40.0,45.0,10.25,7.12,,0.58684945,42.0,0.58101684,-0.02499384,1.371e-05,4.28590495,-4.96381753,70.02,1959396.45706572
2023-10-02,9,BTC-231027-21000-P,BTCUSDT,P,231027-21000,50.0,50.0,50.0,50.0,0.1,0.1,30.0,35.0,10.01,4.56,,0.58220387,32.0,0.57515055,-0.01976932,1.128e-05,3.54400008,-4.09029962,70.02,1981465.38537858
2023-10-02,14,BTC-231027-21000-P,BTCUSDT,P,231027-21000,50.0,50.0,30.0,30.0,2.16,2.16,25.0,35.0,9.71,2.5,,0.58550775,29.0,0.57053626,-0.01850392,1.079e-05,3.33793993,-3.85379061,68.05,1925662.31981757
2023-10-02,23,BTC-231027-21000-P,BTCUSDT,P,231027-21000,35.0,45.0,30.0,45.0,4.03,4.03,40.0,45.0,7.29,2.5,,0.5668366,42.0,0.56111336,-0.026578,1.544e-05,4.36794425,-5.03611787,70.02,1927089.40205643
2023-10-02,11,BTC-231027-21000-C,BTCUSDT,C,231027-21000,6400.0,6400.0,6400.0,6400.0,0.0,0.0,6785.0,8015.0,4.79,2.77,,1.26842499,7305.0,0.70921249,0.95410796,1.846e-05,7.08306792,-10.114224,6.73,189855.4250965
2023-10-02,14,BTC-231027-21000-C,BTCUSDT,C,231027-21000,6400.0,6400.0,6400.0,6400.0,0.0,0.0,7160.0,8015.0,3.1,2.77,,1.21541023,7389.0,0.68270512,0.96161857,1.657e-05,6.1368212,-8.47818672,6.73,190443.90025529
2023-10-02,16,BTC-231027-21000-P,BTCUSDT,P,231027-21000,35.0,35.0,30.0,30.0,2.06,2.06,35.0,40.0,4.09,5.19,,0.58176935,37.0,0.57540596,-0.0227621,1.291e-05,3.92850718,-4.589818,68.05,1904171.4253
2023-10-02,8,BTC-231027-21000-P,BTCUSDT,P,231027-21000,50.0,50.0,50.0,50.0,0.1,0.1,30.0,40.0,9.34,8.25,,0.59407055,34.0,0.580585,-0.02083014,1.167e-05,3.70642102,-4.31096787,70.02,1980788.49792
2023-10-02,0,BTC-231027-21000-P,BTCUSDT,P,231027-21000,50.0,50.0,50.0,50.0,0.1,0.1,35.0,40.0,9.38,6.14,,0.56985676,37.0,0.5636096,-0.02297057,1.314e-05,4.00161722,-4.45867976,70.02,1955793.07687249
2023-10-02,22,BTC-231027-21000-C,BTCUSDT,C,231027-21000,6400.0,6400.0,6400.0,6400.0,0.0,0.0,6385.0,7590.0,2.72,3.04,,1.3478756,6724.0,0.7489378,0.9332718,2.426e-05,9.2145484,-14.15614422,6.73,185466.06684
2023-10-02,16,BTC-231027-21000-C,BTCUSDT,C,231027-21000,6400.0,6400.0,6400.0,6400.0,0.0,0.0,6815.0,7690.0,2.97,2.79,,1.17955208,7083.0,0.66477604,0.96016358,1.776e-05,6.24657244,-8.43161367,6.73,188318.49658
2023-10-02,6,BTC-231027-21000-P,BTCUSDT,P,231027-21000,50.0,50.0,50.0,50.0,0.1,0.1,35.0,40.0,12.0,2.5,,0.58265746,37.0,0.5763036,-0.02248245,1.26e-05,3.93447389,-4.52735526,70.02,1966680.99188499
2023-10-03,4,BTC-231027-21000-P,BTCUSDT,P,231027-21000,35.0,45.0,30.0,45.0,4.03,4.03,35.0,40.0,6.78,5.74,,0.56567371,37.0,0.55941314,-0.0238661,1.415e-05,3.99297911,-4.62947956,70.02,1934734.64696499
2023-10-03,12,BTC-231027-21000-C,BTCUSDT,C,231027-21000,6400.0,6400.0,6400.0,6400.0,0.0,0.0,5930.0,7110.0,4.7,2.72,,1.12085342,6550.0,0.63542671,0.95880017,1.981e-05,6.19071356,-8.26706028,6.73,184810.30614176
2023-10-03,10,BTC-231027-21000-C,BTCUSDT,C,231027-21000,6400.0,6400.0,6400.0,6400.0,0.0,0.0,6475.0,7215.0,3.26,2.86,,1.10092163,6692.0,0.62546082,0.96360004,1.806e-05,5.6376486,-7.38455828,6.73,185895.50259764
2023-10-03,7,BTC-231027-21000-C,BTCUSDT,C,231027-21000,6400.0,6400.0,6400.0,6400.0,0.0,0.0,5980.0,7215.0,3.1,2.52,,1.14378929,6627.0,0.64689465,0.95709508,1.996e-05,6.44188827,-8.68171046,6.73,185408.82937764
2023-10-03,3,BTC-231027-21000-P,BTCUSDT,P,231027-21000,35.0,45.0,30.0,45.0,4.03,4.03,35.0,40.0,7.92,2.5,,0.56349158,37.0,0.55724949,-0.02395416,1.425e-05,4.00473384,-4.61717547,70.02,1932651.04123071
2023-10-03,1,BTC-231027-21000-P,BTCUSDT,P,231027-21000,35.0,45.0,30.0,45.0,4.03,4.03,40.0,45.0,4.81,11.05,,0.57145298,42.0,0.56569487,-0.02637098,1.521e-05,4.34142691,-5.0637562,70.02,1929338.73277428
2023-10-03,19,BTC-231027-21000-C,BTCUSDT,C,231027-21000,6400.0,6400.0,6400.0,6400.0,0.0,0.0,6155.0,7110.0,2.96,2.72,,1.23587608,6392.0,0.69293804,0.94211329,2.416e-05,8.01249209,-11.81310179,6.73,183686.44865057
2023-10-03,15,BTC-231027-21000-C,BTCUSDT,C,231027-21000,6400.0,6400.0,6400.0,6400.0,0.0,0.0,5930.0,7110.0,4.7,2.72,,1.1916256,6451.0,0.6708128,0.94853441,2.26e-05,7.34827559,-10.41404556,6.73,184041.47981648
2023-10-03,5,BTC-231027-21000-C,BTCUSDT,C,231027-21000,6400.0,6400.0,6400.0,6400.0,0.0,0.0,6470.0,7590.0,2.85,3.04,,1.34878159,6735.0,0.74939079,0.93456044,2.402e-05,9.02701801,-14.04448636,6.73,185558.67559886
2023-10-03,7,BTC-231027-21000-P,BTCUSDT,P,231027-21000,35.0,45.0,30.0,45.0,4.03,4.03,35.0,40.0,8.69,2.5,,0.56184351,37.0,0.55560768,-0.02414233,1.446e-05,4.00857482,-4.63998723,70.02,1929023.21441643
2023-10-03,4,BTC-231027-21000-C,BTCUSDT,C,231027-21000,6400.0,6400.0,6400.0,6400.0,0.0,0.0,6470.0,7590.0,2.85,3.04,,1.32006645,6778.0,0.73503323,0.9390061,2.311e-05,8.57133867,-13.05744185,6.73,185957.7859765
2023-10-03,21,BTC-231027-21000-P,BTCUSDT,P,231027-21000,45.0,45.0,45.0,45.0,0.0,0.0,35.0,40.0,9.17,4.09,,0.56011021,37.0,0.55386364,-0.02460001,1.5e-05,4.001919,-4.73277512,70.02,1918785.98336052
2023-10-03,18,BTC-231027-21000-C,BTCUSDT,C,231027-21000,6400.0,6400.0,6400.0,6400.0,0.0,0.0,6200.0,7110.0,2.82,2.72,,1.2165451,6419.0,0.68327255,0.94508923,2.345e-05,7.70312,-11.17874947,6.73,183799.6013978
2023-10-03,18,BTC-231027-21000-P,BTCUSDT,P,231027-21000,45.0,45.0,45.0,45.0,1.97,1.97,40.0,45.0,6.69,10.83,,0.56386411,42.0,0.55813134,-0.02729213,1.625e-05,4.36077999,-5.16931703,70.02,1912280.54827249
2023-10-03,11,BTC-231027-21000-P,BTCUSDT,P,231027-21000,45.0,45.0,45.0,45.0,1.97,1.97,30.0,35.0,7.73,2.5,,0.55232346,32.0,0.54548085,-0.02169616,1.35e-05,3.65310292,-4.18048261,70.02,1929603.8040524
2023-10-03,17,BTC-231027-21000-P,BTCUSDT,P,231027-21000,45.0,45.0,45.0,45.0,1.97,1.97,35.0,40.0,7.39,10.89,,0.56022108,37.0,0.55398047,-0.02448813,1.487e-05,4.00575709,-4.70482708,70.02,1921131.92266795
2023-10-03,19,BTC-231027-21000-P,BTCUSDT,P,231027-21000,45.0,45.0,45.0,45.0,0.0,0.0,40.0,45.0,6.08,11.43,,0.56205869,42.0,0.55633694,-0.02742767,1.641e-05,4.3691072,-5.17169049,70.02,1911103.28893205
2023-10-03,9,BTC-231027-21000-C,BTCUSDT,C,231027-21000,6400.0,6400.0,6400.0,6400.0,0.0,0.0,6475.0,7215.0,3.26,2.86,,1.14114761,6634.0,0.64557381,0.95779796,1.977e-05,6.34733524,-8.5665604,6.73,185437.83171886
2023-10-03,20,BTC-231027-21000-P,BTCUSDT,P,231027-21000,45.0,45.0,45.0,45.0,0.0,0.0,35.0,40.0,9.52,3.21,,0.55913746,37.0,0.55290014,-0.02462554,1.503e-05,4.00784181,-4.72313006,70.02,1917834.63624
2023-10-03,13,BTC-231027-21000-C,BTCUSDT,C,231027-21000,6400.0,6400.0,6400.0,6400.0,0.0,0.0,5930.0,7110.0,4.7,2.72,,1.07760429,6612.0,0.61380215,0.96500905,1.791e-05,5.4289506,-7.01536823,6.73,185402.92183849
2023-10-03,6,BTC-231027-21000-C,BTCUSDT,C,231027-21000,6400.0,6400.0,6400.0,6400.0,0.0,0.0,6490.0,7825.0,3.21,2.88,,1.44958496,6819.0,0.775,0.93059319,2.427e-05,9.46140853,-15.24974991,6.73,186007.28235529
2023-10-03,15,BTC-231027-21000-P,BTCUSDT,P,231027-21000,45.0,45.0,45.0,45.0,1.97,1.97,35.0,40.0,5.48,22.51,,0.55358171,37.0,0.54739565,-0.02479268,1.523e-05,4.04111259,-4.67342189,70.02,1914797.09015598
2023-10-03,2,BTC-231027-21000-C,BTCUSDT,C,231027-21000,6400.0,6400.0,6400.0,6400.0,0.0,0.0,6440.0,7590.0,3.27,3.04,,1.33955956,6744.0,0.74477978,0.93545558,2.383e-05,8.95817071,-13.78009197,6.73,185649.97161178
2023-10-03,2,BTC-231027-21000-P,BTCUSDT,P,231027-21000,35.0,45.0,30.0,45.0,4.03,4.03,35.0,45.0,14.8,11.05,,0.57346404,39.0,0.56146204,-0.02509624,1.47e-05,4.16524053,-4.83020312,70.02,1931532.09691785
2023-10-03,20,BTC-231027-21000-C,BTCUSDT,C,231027-21000,6400.0,6400.0,6400.0,6400.0,0.0,0.0,6220.0,7100.0,2.77,2.86,,1.1645031,6487.0,0.65725155,0.95338102,2.136e-05,6.77241283,-9.48741021,6.73,184333.43476
2023-10-03,10,BTC-231027-21000-P,BTCUSDT,P,231027-21000,30.0,45.0,30.0,45.0,3.94,3.94,30.0,35.0,19.06,2.5,,0.55573046,32.0,0.54885983,-0.02151007,1.328e-05,3.63834955,-4.18207951,70.02,1934086.64069643
2023-10-03,0,BTC-231027-21000-C,BTCUSDT,C,231027-21000,6400.0,6400.0,6400.0,6400.0,0.0,0.0,6290.0,7590.0,3.22,3.04,,1.40762329,6630.0,0.775,0.92446869,2.595e-05,10.070572,-16.06454116,6.73,184523.35219293
2023-10-03,12,BTC-231027-21000-P,BTCUSDT,P,231027-21000,45.0,45.0,45.0,45.0,1.97,1.97,30.0,35.0,5.56,4.0,,0.54749012,32.0,0.54068774,-0.02195406,1.382e-05,3.67468715,-4.17553203,70.02,1922796.08262201
2023-10-03,8,BTC-231027-21000-C,BTCUSDT,C,231027-21000,6400.0,6400.0,6400.0,6400.0,0.0,0.0,6475.0,7215.0,3.26,2.86,,1.11584663,6669.0,0.63292332,0.96124919,1.877e-05,5.93716763,-7.84230264,6.73,185712.9517435
2023-10-03,23,BTC-231027-21000-C,BTCUSDT,C,231027-21000,6400.0,6400.0,6400.0,6400.0,0.0,0.0,6285.0,7100.0,2.83,2.86,,1.14985466,6513.0,0.64992733,0.95609021,2.062e-05,6.44446005,-8.97520422,6.73,184588.75897912
2023-10-03,1,BTC-231027-21000-C,BTCUSDT,C,231027-21000,6400.0,6400.0,6400.0,6400.0,0.0,0.0,6390.0,7590.0,3.19,3.04,,1.34994507,6726.0,0.74997253,0.93354667,2.421e-05,9.162584,-14.16841868,6.73,185439.15554943
2023-10-03,17,BTC-231027-21000-C,BTCUSDT,C,231027-21000,6400.0,6400.0,6400.0,6400.0,0.0,0.0,6300.0,7110.0,2.73,2.72,,1.14535332,6522.0,0.64767666,0.95600294,2.061e-05,6.49133411,-8.91367532,6.73,184650.35474943
2023-10-03,13,BTC-231027-21000-P,BTCUSDT,P,231027-21000,45.0,45.0,45.0,45.0,1.97,1.97,30.0,35.0,4.83,14.79,,0.55265963,32.0,0.54581046,-0.02172652,1.354e-05,3.64962672,-4.19369152,70.02,1928961.75143109
2023-10-03,22,BTC-231027-21000-P,BTCUSDT,P,231027-21000,45.0,45.0,45.0,45.0,0.0,0.0,35.0,40.0,9.29,3.76,,0.5606389,37.0,0.55438668,-0.02459854,1.5e-05,3.99822524,-4.74130845,70.02,1917511.94252943
2023-10-03,3,BTC-231027-21000-C,BTCUSDT,C,231027-21000,6400.0,6400.0,6400.0,6400.0,0.0,0.0,6470.0,7590.0,2.85,3.04,,1.33223534,6757.0,0.74111767,0.93684845,2.355e-05,8.80563448,-13.50208586,6.73,185757.51938707
2023-10-03,21,BTC-231027-21000-C,BTCUSDT,C,231027-21000,6400.0,6400.0,6400.0,6400.0,0.0,0.0,6260.0,7100.0,2.98,2.86,,1.16143227,6493.0,0.65571613,0.95401884,2.119e-05,6.69384063,-9.37207927,6.73,184424.87386484
2023-10-03,5,BTC-231027-21000-P,BTCUSDT,P,231027-21000,35.0,45.0,30.0,45.0,4.03,4.03,35.0,40.0,15.02,2.5,,0.5626291,37.0,0.55639029,-0.02405003,1.436e-05,4.00684727,-4.62844947,70.02,1930582.23854856
2023-10-03,9,BTC-231027-21000-P,BTCUSDT,P,231027-21000,35.0,45.0,30.0,45.0,4.03,4.03,35.0,40.0,5.13,10.43,,0.56334078,37.0,0.55708945,-0.02411517,1.443e-05,3.99906534,-4.65749691,70.02,1929324.95942856
2023-10-03,14,BTC-231027-21000-P,BTCUSDT,P,231027-21000,45.0,45.0,45.0,45.0,1.97,1.97,30.0,35.0,17.55,4.38,,0.54132521,32.0,0.5345732,-0.02230657,1.425e-05,3.70197347,-4.17358487,70.02,1915056.92591196
2023-10-03,23,BTC-231027-21000-P,BTCUSDT,P,231027-21000,45.0,45.0,45.0,45.0,0.0,0.0,35.0,40.0,7.42,5.41,,0.5626756,37.0,0.55640578,-0.02451685,1.49e-05,3.9871243,-4.7538384,70.02,1920491.070389
2023-10-03,11,BTC-231027-21000-C,BTCUSDT,C,231027-21000,6400.0,6400.0,6400.0,6400.0,0.0,0.0,6400.0,7195.0,2.83,2.79,,1.12555504,6637.0,0.63777752,0.95989574,1.923e-05,6.08158595,-8.13712639,6.73,185464.63298019
2023-10-03,14,BTC-231027-21000-C,BTCUSDT,C,231027-21000,6400.0,6400.0,6400.0,6400.0,0.0,0.0,5930.0,7110.0,4.7,2.72,,1.18557453,6459.0,0.66778727,0.94931248,2.24e-05,7.2686997,-10.23678607,6.73,184066.45403296
2023-10-03,16,BTC-231027-21000-P,BTCUSDT,P,231027-21000,45.0,45.0,45.0,45.0,1.97,1.97,35.0,40.0,5.48,13.12,,0.55663049,37.0,0.55041909,-0.02465416,1.506e-05,4.0247099,-4.688415,70.02,1918329.33754306
2023-10-03,8,BTC-231027-21000-P,BTCUSDT,P,231027-21000,35.0,45.0,30.0,45.0,4.03,4.03,40.0,45.0,5.0,15.38,,0.57713807,42.0,0.57132959,-0.02624703,1.507e-05,4.30390326,-5.13171362,70.02,1932187.35231501
2023-10-03,0,BTC-231027-21000-P,BTCUSDT,P,231027-21000,35.0,45.0,30.0,45.0,4.03,4.03,35.0,40.0,18.64,2.5,,0.55157959,37.0,0.54543376,-0.02451049,1.489e-05,4.06757545,-4.56656997,70.02,1919810.56768929
2023-10-03,22,BTC-231027-21000-C,BTCUSDT,C,231027-21000,6400.0,6400.0,6400.0,6400.0,0.0,0.0,6225.0,7100.0,3.04,2.86,,1.16221428,6493.0,0.65610714,0.95407198,2.118e-05,6.68178775,-9.37746841,6.73,184302.41892635
2023-10-03,16,BTC-231027-21000-C,BTCUSDT,C,231027-21000,6400.0,6400.0,6400.0,6400.0,0.0,0.0,6230.0,7110.0,2.82,2.72,,1.17114067,6483.0,0.66057034,0.95192206,2.172e-05,6.96416109,-9.73611846,6.73,184380.98317145
2023-10-03,6,BTC-231027-21000-P,BTCUSDT,P,231027-21000,35.0,45.0,30.0,45.0,4.03,4.03,35.0,40.0,16.53,2.5,,0.56707442,37.0,0.56079984,-0.02384441,1.412e-05,3.98403733,-4.64661298,70.02,1935249.61523286
2023-10-04,4,BTC-231027-21000-P,BTCUSDT,P,231027-21000,45.0,45.0,45.0,45.0,0.0,0.0,40.0,50.0,7.39,15.11,,0.5852443,44.0,0.57397366,-0.02805133,1.626e-05,4.43584267,-5.504985,70.02,1917453.08725694
2023-10-04,12,BTC-231027-21000-C,BTCUSDT,C,231027-21000,6400.0,6400.0,6400.0,6400.0,0.0,0.0,6435.0,7250.0,3.17,2.53,,1.17955685,6657.0,0.66477842,0.95749251,1.976e-05,6.23742105,-9.09652832,6.73,185602.62386484
2023-10-04,10,BTC-231027-21000-C,BTCUSDT,C,231027-21000,6400.0,6400.0,6400.0,6400.0,0.0,0.0,6335.0,7140.0,3.05,2.72,,1.12884521,6602.0,0.63942261,0.9617809,1.884e-05,5.72312804,-7.9988975,6.73,185323.65353189
2023-10-04,7,BTC-231027-21000-C,BTCUSDT,C,231027-21000,6400.0,6400.0,6400.0,6400.0,0.0,0.0,5885.0,7085.0,3.03,2.99,,1.13541603,6528.0,0.64270802,0.95915249,1.979e-05,6.03998984,-8.43901724,6.73,184708.77854503
2023-10-04,3,BTC-231027-21000-P,BTCUSDT,P,231027-21000,45.0,45.0,45.0,45.0,0.0,0.0,40.0,45.0,6.27,9.72,,0.57647407,42.0,0.57063937,-0.02682902,1.572e-05,4.28446749,-5.27672938,70.02,1920507.93674498
2023-10-04,1,BTC-231027-21000-P,BTCUSDT,P,231027-21000,45.0,45.0,45.0,45.0,0.0,0.0,40.0,50.0,2.5,12.14,,0.58046758,44.0,0.56926966,-0.02824004,1.648e-05,4.46454292,-5.46565065,70.02,1914322.53922393
2023-10-04,19,BTC-231027-21000-C,BTCUSDT,C,231027-21000,6400.0,6400.0,6400.0,6400.0,0.0,0.0,6475.0,7515.0,2.85,2.89,,1.32785797,6750.0,0.73892899,0.94353053,2.242e-05,7.78855736,-12.78930628,6.73,185904.53536264
2023-10-04,15,BTC-231027-21000-C,BTCUSDT,C,231027-21000,6400.0,6400.0,6400.0,6400.0,0.0,0.0,5975.0,7180.0,4.53,2.98,,1.22948647,6511.0,0.68974323,0.94892198,2.227e-05,7.16394111,-10.89987656,6.73,184373.24515057
2023-10-04,5,BTC-231027-21000-C,BTCUSDT,C,231027-21000,6400.0,6400.0,6400.0,6400.0,0.0,0.0,6230.0,7265.0,2.86,2.79,,1.26841545,6533.0,0.70920773,0.94318543,2.335e-05,7.86588919,-12.08349441,6.73,184421.7225978
2023-10-04,7,BTC-231027-21000-P,BTCUSDT,P,231027-21000,45.0,45.0,45.0,45.0,0.0,0.0,40.0,45.0,2.5,7.56,,0.57993233,42.0,0.57406723,-0.02675161,1.564e-05,4.26211299,-5.31899606,70.02,1921739.77321293
2023-10-04,4,BTC-231027-21000-C,BTCUSDT,C,231027-21000,6400.0,6400.0,6400.0,6400.0,0.0,0.0,6230.0,7285.0,2.86,2.9,,1.28892422,6523.0,0.71946211,0.94024921,2.394e-05,8.18495853,-12.73246395,6.73,184296.76202855
2023-10-04,21,BTC-231027-21000-P,BTCUSDT,P,231027-21000,45.0,45.0,45.0,45.0,1.5,1.5,30.0,40.0,8.75,5.49,,0.59041083,34.0,0.57676494,-0.02244778,1.349e-05,3.66308457,-4.71242603,71.52,1980231.88707965
2023-10-04,18,BTC-231027-21000-C,BTCUSDT,C,231027-21000,6400.0,6400.0,6400.0,6400.0,0.0,0.0,6425.0,7180.0,3.25,2.98,,1.10919952,6685.0,0.62959976,0.96642139,1.728e-05,5.12690789,-7.15984842,6.73,185886.01011321
2023-10-04,18,BTC-231027-21000-P,BTCUSDT,P,231027-21000,45.0,45.0,45.0,45.0,1.5,1.5,35.0,40.0,6.95,5.87,,0.58485627,37.0,0.57838231,-0.02388347,1.417e-05,3.86130806,-4.95374006,71.52,1975418.63942002
2023-10-04,11,BTC-231027-21000-P,BTCUSDT,P,231027-21000,45.0,45.0,45.0,45.0,1.5,1.5,35.0,40.0,7.46,14.59,,0.57791173,37.0,0.57150364,-0.0240456,1.435e-05,3.90107301,-4.88206488,71.52,1971968.54605735
2023-10-04,17,BTC-231027-21000-P,BTCUSDT,P,231027-21000,45.0,45.0,45.0,45.0,1.5,1.5,35.0,45.0,7.87,4.53,,0.59091747,39.0,0.57853162,-0.02524359,1.487e-05,4.03627751,-5.16999184,71.52,1969386.96485266
2023-10-04,19,BTC-231027-21000-P,BTCUSDT,P,231027-21000,45.0,45.0,45.0,45.0,1.5,1.5,35.0,40.0,6.67,5.99,,0.58504879,37.0,0.57857156,-0.02390102,1.419e-05,3.85933801,-4.96200457,71.52,1975615.508044
2023-10-04,9,BTC-231027-21000-C,BTCUSDT,C,231027-21000,6400.0,6400.0,6400.0,6400.0,0.0,0.0,6085.0,7140.0,2.74,2.72,,1.06775284,6684.0,0.60887642,0.96961349,1.631e-05,4.76129032,-6.32516931,6.73,185984.47592969
2023-10-04,20,BTC-231027-21000-P,BTCUSDT,P,231027-21000,45.0,45.0,45.0,45.0,1.5,1.5,35.0,40.0,4.04,5.49,,0.58829308,37.0,0.58178902,-0.02376619,1.403e-05,3.84348878,-4.9783267,71.52,1978258.69862002
2023-10-04,13,BTC-231027-21000-C,BTCUSDT,C,231027-21000,6400.0,6400.0,6400.0,6400.0,0.0,0.0,5975.0,7180.0,4.53,2.98,,1.21848106,6524.0,0.68424053,0.95023267,2.194e-05,7.03424286,-10.57826731,6.73,184517.71088679
2023-10-04,6,BTC-231027-21000-C,BTCUSDT,C,231027-21000,6400.0,6400.0,6400.0,6400.0,0.0,0.0,6230.0,7255.0,2.86,3.0,,1.25815392,6539.0,0.70407696,0.94473592,2.302e-05,7.69216343,-11.75234497,6.73,184496.15787692
2023-10-04,15,BTC-231027-21000-P,BTCUSDT,P,231027-21000,45.0,45.0,45.0,45.0,1.5,1.5,35.0,40.0,18.3,4.26,,0.56944907,37.0,0.56309909,-0.02459229,1.499e-05,3.93660905,-4.88977903,71.52,1959342.42097601
2023-10-04,2,BTC-231027-21000-C,BTCUSDT,C,231027-21000,6400.0,6400.0,6400.0,6400.0,0.0,0.0,6235.0,7280.0,3.0,2.99,,1.27190113,6540.0,0.71095057,0.9424515,2.346e-05,7.96840626,-12.20496971,6.73,184474.96651207
2023-10-04,2,BTC-231027-21000-P,BTCUSDT,P,231027-21000,45.0,45.0,45.0,45.0,0.0,0.0,40.0,45.0,6.15,14.2,,0.57481587,42.0,0.56899428,-0.0268937,1.58e-05,4.29411539,-5.26389779,70.02,1919307.15530096
2023-10-04,20,BTC-231027-21000-C,BTCUSDT,C,231027-21000,6400.0,6400.0,6400.0,6400.0,0.0,0.0,6535.0,7485.0,3.29,2.76,,1.28863335,6775.0,0.71931667,0.94882073,2.129e-05,7.20948234,-11.54559892,6.73,186153.25841321
2023-10-04,10,BTC-231027-21000-P,BTCUSDT,P,231027-21000,45.0,45.0,45.0,45.0,1.5,1.5,35.0,40.0,17.07,3.86,,0.57478666,37.0,0.5684045,-0.02417869,1.451e-05,3.91682851,-4.86632089,71.52,1969442.45179801
2023-10-04,0,BTC-231027-21000-C,BTCUSDT,C,231027-21000,6400.0,6400.0,6400.0,6400.0,0.0,0.0,5840.0,7300.0,4.44,4.09,,1.33134842,6469.0,0.74067421,0.93282743,2.546e-05,8.97202137,-14.26549166,6.73,183721.03567365
2023-10-04,12,BTC-231027-21000-P,BTCUSDT,P,231027-21000,45.0,45.0,45.0,45.0,1.5,1.5,35.0,40.0,6.3,5.89,,0.57842791,37.0,0.57201385,-0.02404623,1.435e-05,3.89756917,-4.89095964,71.52,1972407.08154734
2023-10-04,8,BTC-231027-21000-C,BTCUSDT,C,231027-21000,6400.0,6400.0,6400.0,6400.0,0.0,0.0,6375.0,7140.0,2.74,2.72,,1.13328934,6593.0,0.64164467,0.9608537,1.912e-05,5.84420734,-8.16675701,6.73,185167.06122308
2023-10-04,23,BTC-231027-21000-C,BTCUSDT,C,231027-21000,6400.0,6400.0,6400.0,6400.0,0.0,0.0,6615.0,7485.0,2.97,2.76,,1.2253952,6871.0,0.6876976,0.95828678,1.886e-05,6.12788599,-9.4346201,6.73,187012.80452943
2023-10-04,1,BTC-231027-21000-C,BTCUSDT,C,231027-21000,6400.0,6400.0,6400.0,6400.0,0.0,0.0,5840.0,7300.0,4.44,4.09,,1.31839752,6491.0,0.73419876,0.93521591,2.497e-05,8.72550601,-13.77688712,6.73,183995.86816591
2023-10-04,17,BTC-231027-21000-C,BTCUSDT,C,231027-21000,6400.0,6400.0,6400.0,6400.0,0.0,0.0,6385.0,7180.0,2.93,2.98,,1.1579895,6616.0,0.65399475,0.95975266,1.933e-05,5.93270979,-8.5903153,6.73,185318.43223516
2023-10-04,13,BTC-231027-21000-P,BTCUSDT,P,231027-21000,45.0,45.0,45.0,45.0,1.5,1.5,35.0,45.0,2.5,4.53,,0.58122218,39.0,0.56899101,-0.02564461,1.533e-05,4.08729034,-5.11127528,71.52,1960877.66457998
2023-10-04,22,BTC-231027-21000-P,BTCUSDT,P,231027-21000,45.0,45.0,45.0,45.0,1.5,1.5,30.0,40.0,8.53,4.56,,0.59503853,34.0,0.58131456,-0.02225766,1.327e-05,3.64211768,-4.73120661,71.52,1984754.29665887
2023-10-04,3,BTC-231027-21000-C,BTCUSDT,C,231027-21000,6400.0,6400.0,6400.0,6400.0,0.0,0.0,6275.0,7280.0,3.01,2.99,,1.26400948,6553.0,0.70700474,0.94390811,2.313e-05,7.8072616,-11.91316875,6.73,184590.3800956
2023-10-04,21,BTC-231027-21000-C,BTCUSDT,C,231027-21000,6400.0,6400.0,6400.0,6400.0,0.0,0.0,6575.0,7485.0,2.89,2.76,,1.27659798,6795.0,0.71329899,0.95076599,2.081e-05,6.99007409,-11.12121234,6.73,186338.9345644
2023-10-04,5,BTC-231027-21000-P,BTCUSDT,P,231027-21000,45.0,45.0,45.0,45.0,0.0,0.0,40.0,45.0,6.5,4.35,,0.57611644,42.0,0.57028115,-0.02690818,1.581e-05,4.28383315,-5.29167089,70.02,1918753.19707249
2023-10-04,9,BTC-231027-21000-P,BTCUSDT,P,231027-21000,45.0,45.0,45.0,45.0,0.0,0.0,40.0,45.0,5.43,9.87,,0.59240758,42.0,0.58645278,-0.02612214,1.493e-05,4.19811587,-5.37162653,70.02,1935012.33352105
2023-10-04,14,BTC-231027-21000-P,BTCUSDT,P,231027-21000,45.0,45.0,45.0,45.0,1.5,1.5,35.0,40.0,8.43,4.01,,0.56773365,37.0,0.56139886,-0.02465521,1.506e-05,3.94595218,-4.87761895,71.52,1958149.75817133
2023-10-04,23,BTC-231027-21000-P,BTCUSDT,P,231027-21000,45.0,45.0,45.0,45.0,1.5,1.5,25.0,35.0,12.0,2.5,,0.58448493,29.0,0.56931078,-0.01975667,1.225e-05,3.29349109,-4.19780378,71.52,1987393.13223546
2023-10-04,11,BTC-231027-21000-C,BTCUSDT,C,231027-21000,6400.0,6400.0,6400.0,6400.0,0.0,0.0,6405.0,7140.0,2.97,2.72,,1.10543251,6636.0,0.62771626,0.96508318,1.781e-05,5.31846809,-7.31055588,6.73,185561.35787145
2023-10-04,14,BTC-231027-21000-C,BTCUSDT,C,231027-21000,6400.0,6400.0,6400.0,6400.0,0.0,0.0,5975.0,7180.0,4.53,2.98,,1.23823166,6497.0,0.69411583,0.94737851,2.266e-05,7.33711546,-11.21351645,6.73,184261.01611428
2023-10-04,16,BTC-231027-21000-P,BTCUSDT,P,231027-21000,45.0,45.0,45.0,45.0,1.5,1.5,40.0,45.0,4.11,14.53,,0.58935821,42.0,0.58341235,-0.02649481,1.535e-05,4.20444565,-5.4208271,71.52,1967975.52158268
2023-10-04,8,BTC-231027-21000-P,BTCUSDT,P,231027-21000,45.0,45.0,45.0,45.0,0.0,0.0,40.0,45.0,3.29,9.15,,0.58484018,42.0,0.57893932,-0.02650724,1.536e-05,4.2364168,-5.34147445,70.02,1926507.81973852
2023-10-04,0,BTC-231027-21000-P,BTCUSDT,P,231027-21000,45.0,45.0,45.0,45.0,0.0,0.0,40.0,45.0,2.5,6.94,,0.56724787,42.0,0.56148201,-0.02727075,1.623e-05,4.33564651,-5.22587403,70.02,1911463.13787057
2023-10-04,22,BTC-231027-21000-C,BTCUSDT,C,231027-21000,6400.0,6400.0,6400.0,6400.0,0.0,0.0,6575.0,7485.0,2.89,2.76,,1.24253273,6845.0,0.69626637,0.95577225,1.954e-05,6.4230137,-9.99357785,6.73,186764.49128236
2023-10-04,16,BTC-231027-21000-C,BTCUSDT,C,231027-21000,6400.0,6400.0,6400.0,6400.0,0.0,0.0,6385.0,7180.0,2.93,2.98,,1.16595268,6604.0,0.65797634,0.95847316,1.97e-05,6.0873339,-8.85153511,6.73,185185.61605497
2023-10-04,6,BTC-231027-21000-P,BTCUSDT,P,231027-21000,45.0,45.0,45.0,45.0,0.0,0.0,40.0,45.0,19.97,3.26,,0.57731926,42.0,0.57147354,-0.02686954,1.577e-05,4.2765137,-5.30324743,70.02,1919527.63366148
2023-10-05,4,BTC-231027-21000-P,BTCUSDT,P,231027-21000,45.0,45.0,45.0,45.0,1.5,1.5,35.0,40.0,3.61,6.98,,0.59461057,37.0,0.58804333,-0.02367273,1.392e-05,3.80641072,-5.05838027,71.52,1980417.97834911
2023-10-05,12,BTC-231027-21000-C,BTCUSDT,C,231027-21000,6400.0,6400.0,6400.0,6400.0,0.0,0.0,6565.0,7415.0,3.18,2.64,,1.22927666,6808.0,0.68963833,0.95843535,1.903e-05,6.02226432,-9.52928969,6.73,186571.92061981
2023-10-05,10,BTC-231027-21000-C,BTCUSDT,C,231027-21000,6400.0,6400.0,6400.0,6400.0,0.0,0.0,6525.0,7290.0,2.92,2.65,,1.13336563,6796.0,0.64168282,0.96785615,1.653e-05,4.89208304,-7.1752319,6.73,186709.20004723
2023-10-05,7,BTC-231027-21000-C,BTCUSDT,C,231027-21000,6400.0,6400.0,6400.0,6400.0,0.0,0.0,6040.0,7295.0,2.83,2.89,,1.21074677,6692.0,0.68037338,0.95739455,1.967e-05,6.14721826,-9.5054579,6.73,185799.55350377
2023-10-05,3,BTC-231027-21000-P,BTCUSDT,P,231027-21000,45.0,45.0,45.0,45.0,1.5,1.5,35.0,40.0,3.63,14.56,,0.59154689,37.0,0.58500469,-0.02379599,1.407e-05,3.82114377,-5.04222372,71.52,1977840.66914417
2023-10-05,1,BTC-231027-21000-P,BTCUSDT,P,231027-21000,45.0,45.0,45.0,45.0,1.5,1.5,30.0,35.0,7.91,2.5,,0.5823034,32.0,0.57512939,-0.02120875,1.292e-05,3.48424415,-4.50312397,71.52,1983352.32625795
2023-10-05,19,BTC-231027-21000-C,BTCUSDT,C,231027-21000,6400.0,6400.0,6400.0,6400.0,0.0,0.0,6320.0,7810.0,2.8,2.67,,1.60077095,6626.0,0.775,0.93602127,2.424e-05,8.35048108,-15.05027756,6.73,184970.98230327
2023-10-05,15,BTC-231027-21000-C,BTCUSDT,C,231027-21000,6400.0,6400.0,6400.0,6400.0,0.0,0.0,6275.0,7085.0,4.62,2.97,,1.10732079,6610.0,0.62866039,0.96784846,1.707e-05,4.83734193,-7.01779305,6.73,185485.04336925
2023-10-05,5,BTC-231027-21000-C,BTCUSDT,C,231027-21000,6400.0,6400.0,6400.0,6400.0,0.0,0.0,6545.0,8140.0,3.19,2.77,,1.68324471,6796.0,0.775,0.93787628,2.323e-05,8.32298977,-14.60448382,6.73,186066.35285314
2023-10-05,7,BTC-231027-21000-P,BTCUSDT,P,231027-21000,45.0,45.0,45.0,45.0,1.5,1.5,30.0,35.0,7.96,19.45,,0.57782948,32.0,0.57068169,-0.02156023,1.334e-05,3.49720599,-4.53588722,71.52,1974499.861306
2023-10-05,4,BTC-231027-21000-C,BTCUSDT,C,231027-21000,6400.0,6400.0,6400.0,6400.0,0.0,0.0,6545.0,8140.0,3.19,2.77,,1.66010857,6843.0,0.775,0.93885805,2.288e-05,8.24253188,-14.43606524,6.73,186356.4456696
2023-10-05,21,BTC-231027-21000-P,BTCUSDT,P,231027-21000,45.0,45.0,30.0,35.0,3.85,3.85,30.0,35.0,6.43,9.08,,0.5756861,32.0,0.56852818,-0.0220175,1.389e-05,3.49222963,-4.63524483,73.37,2014195.17377681
2023-10-05,18,BTC-231027-21000-C,BTCUSDT,C,231027-21000,6400.0,6400.0,6400.0,6400.0,0.0,0.0,6320.0,7810.0,2.8,2.67,,1.58867359,6649.0,0.775,0.9364225,2.408e-05,8.32481832,-14.97500363,6.73,185035.9549066
2023-10-05,18,BTC-231027-21000-P,BTCUSDT,P,231027-21000,45.0,45.0,30.0,35.0,3.85,3.85,30.0,35.0,8.68,7.18,,0.57685554,32.0,0.56969374,-0.02188507,1.373e-05,3.49030807,-4.61525479,73.37,2017249.33306056
2023-10-05,11,BTC-231027-21000-P,BTCUSDT,P,231027-21000,45.0,45.0,45.0,45.0,0.0,0.0,30.0,35.0,9.85,2.68,,0.58748126,32.0,0.58024198,-0.02122443,1.294e-05,3.45291626,-4.58822724,71.52,1983185.64854535
2023-10-05,17,BTC-231027-21000-P,BTCUSDT,P,231027-21000,45.0,45.0,30.0,30.0,1.85,1.85,30.0,35.0,7.86,9.74,,0.57551384,32.0,0.56836575,-0.02192156,1.378e-05,3.49702027,-4.60444516,73.37,2016439.42501211
2023-10-05,19,BTC-231027-21000-P,BTCUSDT,P,231027-21000,45.0,45.0,30.0,35.0,3.85,3.85,30.0,35.0,6.76,8.55,,0.57593882,32.0,0.56878269,-0.02195364,1.382e-05,3.49319093,-4.62061734,73.37,2016541.00617991
2023-10-05,9,BTC-231027-21000-C,BTCUSDT,C,231027-21000,6400.0,6400.0,6400.0,6400.0,0.0,0.0,6505.0,7290.0,3.3,2.65,,1.16483688,6753.0,0.65741844,0.96376004,1.783e-05,5.3937371,-8.08959779,6.73,186320.63203409
2023-10-05,20,BTC-231027-21000-P,BTCUSDT,P,231027-21000,45.0,45.0,30.0,35.0,3.85,3.85,30.0,35.0,6.2,9.58,,0.57636797,32.0,0.56920588,-0.02195968,1.382e-05,3.49035567,-4.62927355,73.37,2014266.19527281
2023-10-05,13,BTC-231027-21000-C,BTCUSDT,C,231027-21000,6400.0,6400.0,6400.0,6400.0,0.0,0.0,6795.0,7415.0,2.72,2.64,,1.05958939,7031.0,0.60479469,0.97839424,1.251e-05,3.53264556,-4.91154976,6.73,188447.11161321
2023-10-05,6,BTC-231027-21000-C,BTCUSDT,C,231027-21000,6400.0,6400.0,6400.0,6400.0,0.0,0.0,6545.0,7810.0,3.19,2.73,,1.4945507,6811.0,0.775,0.93842515,2.308e-05,8.26281315,-14.52629904,6.73,186164.973762
2023-10-05,15,BTC-231027-21000-P,BTCUSDT,P,231027-21000,45.0,45.0,30.0,30.0,1.85,1.85,30.0,35.0,9.57,18.67,,0.57894051,32.0,0.5717665,-0.02171171,1.352e-05,3.48452018,-4.59768653,73.37,2022145.26478478
2023-10-05,2,BTC-231027-21000-C,BTCUSDT,C,231027-21000,6400.0,6400.0,6400.0,6400.0,0.0,0.0,6545.0,8140.0,3.19,2.77,,1.66400909,6829.0,0.775,0.93818136,2.305e-05,8.32451444,-14.52494258,6.73,186246.25767978
2023-10-05,2,BTC-231027-21000-P,BTCUSDT,P,231027-21000,45.0,45.0,45.0,45.0,1.5,1.5,35.0,40.0,3.7,14.56,,0.59249043,37.0,0.58594316,-0.02372207,1.398e-05,3.8180427,-5.03674637,71.52,1979247.00583322
2023-10-05,20,BTC-231027-21000-C,BTCUSDT,C,231027-21000,6400.0,6400.0,6400.0,6400.0,0.0,0.0,6320.0,7810.0,2.8,2.67,,1.6032505,6624.0,0.775,0.93613368,2.423e-05,8.33036378,-15.04317309,6.73,184762.32103293
2023-10-05,10,BTC-231027-21000-P,BTCUSDT,P,231027-21000,45.0,45.0,45.0,45.0,0.0,0.0,35.0,40.0,4.52,26.63,,0.60089767,37.0,0.59427083,-0.02353219,1.377e-05,3.77219912,-5.12390103,71.52,1984166.71432065
2023-10-05,0,BTC-231027-21000-C,BTCUSDT,C,231027-21000,6400.0,6400.0,6400.0,6400.0,0.0,0.0,6675.0,8140.0,3.17,2.77,,1.60087585,6957.0,0.775,0.94093242,2.209e-05,8.08764043,-14.05888167,6.73,187230.42561897
2023-10-05,12,BTC-231027-21000-P,BTCUSDT,P,231027-21000,45.0,45.0,45.0,45.0,0.0,0.0,30.0,35.0,8.74,16.09,,0.58788717,32.0,0.58064222,-0.02123135,1.295e-05,3.45025892,-4.59663086,71.52,1982707.83993002
2023-10-05,8,BTC-231027-21000-C,BTCUSDT,C,231027-21000,6400.0,6400.0,6400.0,6400.0,0.0,0.0,6455.0,7290.0,2.75,2.65,,1.18432045,6725.0,0.66716022,0.96104522,1.864e-05,5.71961198,-8.68894634,6.73,186100.51143668
2023-10-05,23,BTC-231027-21000-C,BTCUSDT,C,231027-21000,6400.0,6400.0,6400.0,6400.0,0.0,0.0,6320.0,7810.0,2.8,2.67,,1.63480759,6566.0,0.775,0.93516507,2.464e-05,8.38553663,-15.23153288,6.73,184478.67540767
2023-10-05,1,BTC-231027-21000-C,BTCUSDT,C,231027-21000,6400.0,6400.0,6400.0,6400.0,0.0,0.0,6545.0,8140.0,3.19,2.77,,1.63779259,6882.0,0.775,0.93930991,2.265e-05,8.22987714,-14.33292464,6.73,186632.56649491
2023-10-05,17,BTC-231027-21000-C,BTCUSDT,C,231027-21000,6400.0,6400.0,6400.0,6400.0,0.0,0.0,6315.0,7085.0,3.24,2.97,,1.15333557,6552.0,0.65166779,0.96220753,1.889e-05,5.49875756,-8.30122295,6.73,184961.66458132
2023-10-05,13,BTC-231027-21000-P,BTCUSDT,P,231027-21000,45.0,45.0,30.0,30.0,1.85,1.85,30.0,35.0,7.09,26.72,,0.60524285,32.0,0.59784651,-0.02050398,1.21e-05,3.37960263,-4.64478748,73.37,2054437.53032112
2023-10-05,22,BTC-231027-21000-P,BTCUSDT,P,231027-21000,45.0,45.0,30.0,35.0,3.85,3.85,30.0,35.0,3.0,10.91,,0.57531476,32.0,0.56815773,-0.02206097,1.395e-05,3.49278016,-4.64198593,73.37,2012955.26915259
2023-10-05,3,BTC-231027-21000-C,BTCUSDT,C,231027-21000,6400.0,6400.0,6400.0,6400.0,0.0,0.0,6545.0,8140.0,3.19,2.77,,1.67601585,6806.0,0.775,0.93778279,2.32e-05,8.35128851,-14.59904937,6.73,186113.92202657
2023-10-05,21,BTC-231027-21000-C,BTCUSDT,C,231027-21000,6400.0,6400.0,6400.0,6400.0,0.0,0.0,6320.0,7810.0,2.8,2.67,,1.61363125,6605.0,0.775,0.93582141,2.436e-05,8.34795175,-15.10426251,6.73,184755.80645384
2023-10-05,5,BTC-231027-21000-P,BTCUSDT,P,231027-21000,45.0,45.0,45.0,45.0,1.5,1.5,35.0,40.0,3.0,17.51,,0.5920738,37.0,0.58552414,-0.023825,1.41e-05,3.81657278,-5.05968528,71.52,1977335.14948834
2023-10-05,9,BTC-231027-21000-P,BTCUSDT,P,231027-21000,45.0,45.0,45.0,45.0,1.5,1.5,30.0,35.0,9.54,16.5,,0.58375537,32.0,0.57655215,-0.02134123,1.308e-05,3.47031555,-4.56460116,71.52,1980037.38530135
2023-10-05,14,BTC-231027-21000-P,BTCUSDT,P,231027-21000,45.0,45.0,30.0,30.0,1.85,1.85,30.0,35.0,6.4,23.46,,0.6037277,32.0,0.59634209,-0.02059258,1.22e-05,3.3845818,-4.64883109,73.37,2052636.86120517
2023-10-05,23,BTC-231027-21000-P,BTCUSDT,P,231027-21000,45.0,45.0,30.0,35.0,3.85,3.85,25.0,30.0,9.54,2.4,,0.55994987,27.0,0.55201352,-0.01956777,1.299e-05,3.14952147,-4.07479096,73.37,2011173.91005362
2023-10-05,11,BTC-231027-21000-C,BTCUSDT,C,231027-21000,6400.0,6400.0,6400.0,6400.0,0.0,0.0,6565.0,7415.0,3.18,2.64,,1.2266922,6810.0,0.6883461,0.95861084,1.898e-05,6.00793057,-9.47068714,6.73,186616.88219673
2023-10-05,14,BTC-231027-21000-C,BTCUSDT,C,231027-21000,6400.0,6400.0,6400.0,6400.0,0.0,0.0,6885.0,7410.0,3.25,2.88,,1.080513,7001.0,0.6152565,0.97634071,1.33e-05,3.80535002,-5.39254914,6.73,188281.94188239
2023-10-05,16,BTC-231027-21000-P,BTCUSDT,P,231027-21000,45.0,45.0,30.0,30.0,1.85,1.85,30.0,35.0,7.39,11.02,,0.57272136,32.0,0.5655998,-0.02202614,1.39e-05,3.5099632,-4.59013507,73.37,2012871.6596031
2023-10-05,8,BTC-231027-21000-P,BTCUSDT,P,231027-21000,45.0,45.0,45.0,45.0,1.5,1.5,30.0,35.0,9.63,16.5,,0.5810219,32.0,0.57384431,-0.02143984,1.32e-05,3.48275192,-4.5507924,71.52,1977698.15422756
2023-10-05,0,BTC-231027-21000-P,BTCUSDT,P,231027-21000,45.0,45.0,45.0,45.0,1.5,1.5,25.0,35.0,12.0,2.5,,0.58661401,29.0,0.57139635,-0.01969054,1.217e-05,3.28412281,-4.20905005,71.52,1989705.80093145
2023-10-05,22,BTC-231027-21000-C,BTCUSDT,C,231027-21000,6400.0,6400.0,6400.0,6400.0,0.0,0.0,6320.0,7810.0,2.8,2.67,,1.62178993,6590.0,0.775,0.93562719,2.446e-05,8.35497824,-15.14644357,6.73,184642.07389119
2023-10-05,16,BTC-231027-21000-C,BTCUSDT,C,231027-21000,6400.0,6400.0,6400.0,6400.0,0.0,0.0,6305.0,7085.0,2.75,2.97,,1.17294312,6524.0,0.66147156,0.95936748,1.975e-05,5.83090959,-8.91787002,6.73,184634.40464943
2023-10-05,6,BTC-231027-21000-P,BTCUSDT,P,231027-21000,45.0,45.0,45.0,45.0,1.5,1.5,35.0,40.0,3.0,26.78,,0.59370339,37.0,0.58713913,-0.02377234,1.404e-05,3.80822445,-5.07211285,71.52,1978383.19813639
2023-10-06,4,BTC-231027-21000-P,BTCUSDT,P,231027-21000,45.0,45.0,30.0,35.0,3.85,3.85,30.0,35.0,3.11,6.42,,0.58441579,32.0,0.57716668,-0.02179822,1.363e-05,3.44852652,-4.7109432,73.37,2019647.61292009
2023-10-06,12,BTC-231027-21000-C,BTCUSDT,C,231027-21000,6400.0,6400.0,6400.0,6400.0,0.0,0.0,5765.0,6875.0,1.5,3.08,,1.17074013,6323.0,0.66037006,0.95826022,2.077e-05,5.80062432,-9.21175917,6.73,183826.79355604
2023-10-06,10,BTC-231027-21000-C,BTCUSDT,C,231027-21000,6400.0,6400.0,6400.0,6400.0,0.0,0.0,6080.0,7280.0,1.5,3.05,,1.19477272,6739.0,0.67238636,0.96375667,1.787e-05,5.26182213,-8.47419274,6.73,186256.5897978
2023-10-06,7,BTC-231027-21000-C,BTCUSDT,C,231027-21000,6400.0,6400.0,6400.0,6400.0,0.0,0.0,6380.0,7620.0,3.12,2.78,,1.42827988,6777.0,0.775,0.94189003,2.261e-05,7.70172667,-14.21151162,6.73,185977.37540987
2023-10-06,3,BTC-231027-21000-P,BTCUSDT,P,231027-21000,45.0,45.0,30.0,35.0,3.85,3.85,25.0,30.0,6.28,13.34,,0.57154834,27.0,0.56348652,-0.01917518,1.249e-05,3.10048812,-4.12696605,73.37,2021986.6243322
2023-10-06,1,BTC-231027-21000-P,BTCUSDT,P,231027-21000,45.0,45.0,30.0,35.0,3.85,3.85,25.0,30.0,8.29,13.5,,0.56772053,27.0,0.55970192,-0.0192872,1.263e-05,3.11709289,-4.10503981,73.37,2018921.12897991
2023-10-06,19,BTC-231027-21000-C,BTCUSDT,C,231027-21000,6400.0,6400.0,6400.0,6400.0,0.0,0.0,6820.0,7545.0,3.1,2.86,,1.22092247,7013.0,0.68546124,0.96722759,1.612e-05,4.8490655,-8.10693793,6.73,188217.77761868
2023-10-06,15,BTC-231027-21000-C,BTCUSDT,C,231027-21000,6400.0,6400.0,6400.0,6400.0,0.0,0.0,6845.0,7660.0,2.81,2.69,,1.30171776,7027.0,0.72585888,0.95906248,1.819e-05,5.83830824,-10.25270686,6.73,187891.26760107
2023-10-06,5,BTC-231027-21000-C,BTCUSDT,C,231027-21000,6400.0,6400.0,6400.0,6400.0,0.0,0.0,6380.0,7845.0,3.12,2.64,,1.62301064,6647.0,0.775,0.93833794,2.376e-05,8.04334929,-14.7832228,6.73,185076.2713044
2023-10-06,7,BTC-231027-21000-P,BTCUSDT,P,231027-21000,45.0,45.0,30.0,30.0,3.99,3.99,25.0,30.0,10.12,2.38,,0.57882309,27.0,0.57067901,-0.01897158,1.224e-05,3.0692446,-4.1703631,73.51,2031381.40659432
2023-10-06,4,BTC-231027-21000-C,BTCUSDT,C,231027-21000,6400.0,6400.0,6400.0,6400.0,0.0,0.0,6380.0,7845.0,3.12,2.64,,1.61034584,6670.0,0.775,0.93874807,2.359e-05,8.01648013,-14.70477797,6.73,185255.94159673
2023-10-06,21,BTC-231027-21000-P,BTCUSDT,P,231027-21000,30.0,30.0,25.0,25.0,0.17,0.17,0.0,55.0,0.0,2.55,,0.67837656,79.0,0.72668828,-0.03842336,1.73e-05,5.53189248,-9.84479789,73.54,2063670.61479345
2023-10-06,18,BTC-231027-21000-C,BTCUSDT,C,231027-21000,6400.0,6400.0,6400.0,6400.0,0.0,0.0,6800.0,7545.0,2.71,2.86,,1.24940872,6974.0,0.69970436,0.96369643,1.719e-05,5.27057171,-8.97648666,6.73,187792.39650547
2023-10-06,18,BTC-231027-21000-P,BTCUSDT,P,231027-21000,30.0,30.0,25.0,25.0,0.17,0.17,20.0,25.0,7.78,3.63,,0.5849719,22.0,0.57541758,-0.01576193,1.037e-05,2.61581419,-3.66373538,73.54,2052043.51248325
2023-10-06,11,BTC-231027-21000-P,BTCUSDT,P,231027-21000,30.0,35.0,30.0,30.0,3.99,3.99,25.0,30.0,5.15,21.32,,0.5882746,27.0,0.5800271,-0.01868822,1.188e-05,3.03062894,-4.21883028,73.51,2040186.31322411
2023-10-06,17,BTC-231027-21000-P,BTCUSDT,P,231027-21000,35.0,35.0,25.0,25.0,2.17,2.17,25.0,30.0,5.91,15.21,,0.60472429,27.0,0.59629858,-0.01819595,1.128e-05,2.96662408,-4.29714831,73.54,2055241.33601677
2023-10-06,19,BTC-231027-21000-P,BTCUSDT,P,231027-21000,30.0,30.0,25.0,25.0,0.17,0.17,25.0,30.0,5.65,11.72,,0.60538471,27.0,0.59694767,-0.01821712,1.131e-05,2.96258015,-4.31342518,73.54,2056691.73344393
2023-10-06,9,BTC-231027-21000-C,BTCUSDT,C,231027-21000,6400.0,6400.0,6400.0,6400.0,0.0,0.0,6520.0,7280.0,3.03,3.05,,1.18215561,6754.0,0.6660778,0.96517222,1.743e-05,5.10126743,-8.12232461,6.73,186374.38920327
2023-10-06,20,BTC-231027-21000-P,BTCUSDT,P,231027-21000,30.0,30.0,25.0,25.0,0.17,0.17,25.0,30.0,1.96,8.58,,0.60765922,27.0,0.59919715,-0.0181552,1.124e-05,2.95381198,-4.32565715,73.54,2057466.63492986
2023-10-06,13,BTC-231027-21000-C,BTCUSDT,C,231027-21000,6400.0,6400.0,6400.0,6400.0,0.0,0.0,6360.0,7165.0,3.11,2.96,,1.20627403,6600.0,0.67813702,0.96030744,1.924e-05,5.6200762,-9.18356526,6.73,185153.38157365
2023-10-06,6,BTC-231027-21000-C,BTCUSDT,C,231027-21000,6400.0,6400.0,6400.0,6400.0,0.0,0.0,6380.0,7620.0,3.12,2.78,,1.49954796,6639.0,0.775,0.93830908,2.38e-05,8.03597427,-14.79891478,6.73,185028.81445057
2023-10-06,15,BTC-231027-21000-P,BTCUSDT,P,231027-21000,35.0,35.0,25.0,25.0,2.17,2.17,25.0,30.0,3.0,24.19,,0.60232222,27.0,0.59392512,-0.01824029,1.134e-05,2.97676076,-4.2773516,73.54,2053123.89589636
2023-10-06,2,BTC-231027-21000-C,BTCUSDT,C,231027-21000,6400.0,6400.0,6400.0,6400.0,0.0,0.0,6380.0,7845.0,3.12,2.64,,1.59900665,6688.0,0.775,0.93884416,2.35e-05,8.0276215,-14.66735545,6.73,185439.36293956
2023-10-06,2,BTC-231027-21000-P,BTCUSDT,P,231027-21000,45.0,45.0,30.0,35.0,3.85,3.85,25.0,30.0,7.86,13.75,,0.56991041,27.0,0.56186736,-0.0192195,1.255e-05,3.10769024,-4.11656286,73.37,2021647.25986263
2023-10-06,20,BTC-231027-21000-C,BTCUSDT,C,231027-21000,6400.0,6400.0,6400.0,6400.0,0.0,0.0,6820.0,7545.0,3.1,2.86,,1.2052536,7035.0,0.6776268,0.96916284,1.551e-05,4.61097711,-7.63630117,6.73,188288.69259013
2023-10-06,10,BTC-231027-21000-P,BTCUSDT,P,231027-21000,30.0,35.0,30.0,30.0,3.99,3.99,25.0,30.0,2.9,5.99,,0.58253467,27.0,0.57434678,-0.01889228,1.214e-05,3.05270717,-4.19954865,73.51,2034431.19109007
2023-10-06,0,BTC-231027-21000-C,BTCUSDT,C,231027-21000,6400.0,6400.0,6400.0,6400.0,0.0,0.0,6320.0,7810.0,2.8,2.67,,1.61463737,6611.0,0.775,0.93651052,2.422e-05,8.25643579,-15.02638182,6.73,184810.03176484
2023-10-06,12,BTC-231027-21000-P,BTCUSDT,P,231027-21000,30.0,35.0,25.0,25.0,4.02,4.02,30.0,35.0,3.0,5.13,,0.57102263,32.0,0.56387365,-0.02263994,1.466e-05,3.49658207,-4.74139332,73.54,2008710.6089318
2023-10-06,8,BTC-231027-21000-C,BTCUSDT,C,231027-21000,6400.0,6400.0,6400.0,6400.0,0.0,0.0,6355.0,7315.0,4.67,2.87,,1.24780655,6703.0,0.69890327,0.95723264,1.967e-05,6.02064817,-10.03860452,6.73,185841.97964283
2023-10-06,23,BTC-231027-21000-C,BTCUSDT,C,231027-21000,6400.0,6400.0,6400.0,6400.0,0.0,0.0,6735.0,7545.0,2.77,2.86,,1.23850822,6997.0,0.69425411,0.96582103,1.656e-05,4.9957093,-8.52858136,6.73,187997.27841321
2023-10-06,1,BTC-231027-21000-C,BTCUSDT,C,231027-21000,6400.0,6400.0,6400.0,6400.0,0.0,0.0,6320.0,7845.0,2.86,2.64,,1.60939217,6664.0,0.775,0.93806579,2.373e-05,8.10756753,-14.78437979,6.73,185189.30350327
2023-10-06,17,BTC-231027-21000-C,BTCUSDT,C,231027-21000,6400.0,6400.0,6400.0,6400.0,0.0,0.0,6800.0,7545.0,2.71,2.86,,1.21272087,7021.0,0.68136044,0.96785958,1.592e-05,4.78303938,-7.91653108,6.73,188085.0447565
2023-10-06,13,BTC-231027-21000-P,BTCUSDT,P,231027-21000,35.0,35.0,25.0,25.0,2.17,2.17,25.0,30.0,6.52,9.56,,0.57507336,27.0,0.56695282,-0.01926447,1.261e-05,3.07809714,-4.20514433,73.54,2023206.49047937
2023-10-06,22,BTC-231027-21000-P,BTCUSDT,P,231027-21000,30.0,30.0,25.0,25.0,0.17,0.17,20.0,50.0,11.35,20.33,,0.66336095,32.0,0.61808527,-0.02075568,1.223e-05,3.30315368,-5.01013363,73.54,2058352.00804199
2023-10-06,3,BTC-231027-21000-C,BTCUSDT,C,231027-21000,6400.0,6400.0,6400.0,6400.0,0.0,0.0,6380.0,7845.0,3.12,2.64,,1.59263134,6704.0,0.775,0.93940889,2.334e-05,7.96675028,-14.58479076,6.73,185470.49177805
2023-10-06,21,BTC-231027-21000-C,BTCUSDT,C,231027-21000,6400.0,6400.0,6400.0,6400.0,0.0,0.0,6975.0,7545.0,2.76,2.86,,1.16219521,7091.0,0.6560976,0.97393447,1.391e-05,4.01458007,-6.45050171,6.73,188856.4487022
2023-10-06,5,BTC-231027-21000-P,BTCUSDT,P,231027-21000,45.0,45.0,30.0,35.0,3.85,3.85,30.0,35.0,3.0,15.05,,0.58344781,32.0,0.57620525,-0.02186881,1.371e-05,3.45150927,-4.71646644,73.37,2017688.85967371
2023-10-06,9,BTC-231027-21000-P,BTCUSDT,P,231027-21000,45.0,45.0,30.0,30.0,3.99,3.99,25.0,30.0,10.63,13.64,,0.58312356,27.0,0.5749321,-0.01884558,1.208e-05,3.05138961,-4.1936435,73.51,2035717.88266453
2023-10-06,14,BTC-231027-21000-P,BTCUSDT,P,231027-21000,35.0,35.0,25.0,25.0,2.17,2.17,25.0,30.0,5.81,10.08,,0.5848664,27.0,0.57664573,-0.0188925,1.214e-05,3.04051392,-4.23331605,73.54,2033872.76440461
2023-10-06,23,BTC-231027-21000-P,BTCUSDT,P,231027-21000,30.0,30.0,25.0,25.0,0.17,0.17,25.0,30.0,3.09,5.68,,0.60660243,27.0,0.59814334,-0.0182641,1.137e-05,2.95486109,-4.34613804,73.54,2054282.29636068
2023-10-06,11,BTC-231027-21000-C,BTCUSDT,C,231027-21000,6400.0,6400.0,6400.0,6400.0,0.0,0.0,6585.0,7280.0,3.05,3.05,,1.14423752,6806.0,0.64711876,0.97001458,1.585e-05,4.50984107,-7.00416272,6.73,186783.48371648
2023-10-06,14,BTC-231027-21000-C,BTCUSDT,C,231027-21000,6400.0,6400.0,6400.0,6400.0,0.0,0.0,6510.0,7165.0,3.13,2.96,,1.11600876,6719.0,0.63300438,0.97161431,1.558e-05,4.28329519,-6.54650245,6.73,186129.50373189
2023-10-06,16,BTC-231027-21000-P,BTCUSDT,P,231027-21000,35.0,35.0,25.0,25.0,2.17,2.17,25.0,30.0,5.89,14.04,,0.5990994,27.0,0.5907321,-0.01838526,1.151e-05,2.98726817,-4.27799807,73.54,2050902.16360194
2023-10-06,8,BTC-231027-21000-P,BTCUSDT,P,231027-21000,45.0,45.0,30.0,30.0,3.99,3.99,30.0,35.0,3.04,21.9,,0.59268653,32.0,0.58535755,-0.02153029,1.33e-05,3.41070302,-4.76297333,73.51,2029902.51464254
2023-10-06,0,BTC-231027-21000-P,BTCUSDT,P,231027-21000,45.0,45.0,30.0,35.0,3.85,3.85,25.0,30.0,8.32,3.52,,0.56353211,27.0,0.55555731,-0.01943927,1.283e-05,3.13440735,-4.08925708,73.37,2014786.33441108
2023-10-06,22,BTC-231027-21000-C,BTCUSDT,C,231027-21000,6400.0,6400.0,6400.0,6400.0,0.0,0.0,6895.0,7545.0,3.28,2.86,,1.20597839,7037.0,0.6779892,0.96938365,1.544e-05,4.57472283,-7.61131508,6.73,188369.71735277
2023-10-06,16,BTC-231027-21000-C,BTCUSDT,C,231027-21000,6400.0,6400.0,6400.0,6400.0,0.0,0.0,6740.0,7545.0,3.04,2.86,,1.2609005,6955.0,0.70545025,0.96194869,1.77e-05,5.48351844,-9.37781158,6.73,187687.94616591
2023-10-06,6,BTC-231027-21000-P,BTCUSDT,P,231027-21000,45.0,45.0,30.0,35.0,3.85,3.85,25.0,30.0,9.77,2.48,,0.56901872,27.0,0.56097507,-0.0193497,1.271e-05,3.10760604,-4.14246789,73.37,2017171.4882969
2023-10-07,4,BTC-231027-21000-P,BTCUSDT,P,231027-21000,30.0,30.0,25.0,25.0,0.17,0.17,15.0,25.0,10.68,3.07,,0.59181392,19.0,0.57075083,-0.01421338,9.66e-06,2.37004474,-3.36075585,73.54,2052995.63728786
2023-10-07,12,BTC-231027-21000-C,BTCUSDT,C,231027-21000,6400.0,6400.0,6400.0,6400.0,0.0,0.0,6805.0,14585.0,3.23,5.55,,5.03200531,7064.0,0.775,0.95317276,1.94e-05,6.37192626,-12.47555359,6.73,188171.65493189
2023-10-07,10,BTC-231027-21000-C,BTCUSDT,C,231027-21000,6400.0,6400.0,6400.0,6400.0,0.0,0.0,6805.0,14610.0,3.23,4.48,,5.03914833,7056.0,0.775,0.952678,1.953e-05,6.43715377,-12.55041829,6.73,188116.87421101
2023-10-07,7,BTC-231027-21000-C,BTCUSDT,C,231027-21000,6400.0,6400.0,6400.0,6400.0,0.0,0.0,6745.0,14600.0,3.04,2.29,,5.04403114,7000.0,0.775,0.95101806,2.005e-05,6.62363932,-12.83329376,6.73,187691.08412088
2023-10-07,3,BTC-231027-21000-P,BTCUSDT,P,231027-21000,30.0,30.0,25.0,25.0,0.17,0.17,15.0,25.0,10.03,3.67,,0.59033334,19.0,0.56931436,-0.01423954,9.7e-06,2.37505467,-3.35244287,73.54,2052024.90120655
2023-10-07,1,BTC-231027-21000-P,BTCUSDT,P,231027-21000,30.0,30.0,25.0,25.0,0.17,0.17,20.0,25.0,9.85,1.85,,0.58907688,22.0,0.5794549,-0.01576499,1.038e-05,2.59746959,-3.71633485,73.54,2051641.52344855
2023-10-07,19,BTC-231027-21000-C,BTCUSDT,C,231027-21000,6400.0,6400.0,6400.0,6400.0,0.0,0.0,6370.0,13935.0,3.06,1.5,,4.757967,6969.0,0.775,0.9523736,1.988e-05,6.38908986,-12.69626078,6.73,187504.39096264
2023-10-07,15,BTC-231027-21000-C,BTCUSDT,C,231027-21000,6400.0,6400.0,6400.0,6400.0,0.0,0.0,6805.0,14060.0,3.23,1.5,,4.77257729,7043.0,0.775,0.9532438,1.945e-05,6.33945385,-12.4908657,6.73,188015.05374837
2023-10-07,5,BTC-231027-21000-C,BTCUSDT,C,231027-21000,6400.0,6400.0,6400.0,6400.0,0.0,0.0,6745.0,14650.0,3.04,3.74,,5.05592346,7012.0,0.775,0.95092526,2.003e-05,6.6500611,-12.83102336,6.73,187761.90590767
2023-10-07,7,BTC-231027-21000-P,BTCUSDT,P,231027-21000,25.0,25.0,25.0,25.0,0.03,0.03,20.0,25.0,3.0,3.22,,0.59201658,22.0,0.58234334,-0.01578911,1.041e-05,2.58367855,-3.76146782,73.54,2050936.45263738
2023-10-07,4,BTC-231027-21000-C,BTCUSDT,C,231027-21000,6400.0,6400.0,6400.0,6400.0,0.0,0.0,6745.0,14650.0,3.04,3.74,,5.04390717,7027.0,0.775,0.95108461,1.995e-05,6.64342189,-12.79167454,6.73,187879.53003736
2023-10-07,21,BTC-231027-21000-P,BTCUSDT,P,231027-21000,25.0,25.0,25.0,25.0,0.0,0.0,20.0,25.0,4.78,3.11,,0.60349524,22.0,0.59364647,-0.01570303,1.03e-05,2.53765309,-3.87931646,73.54,2054148.96595725
2023-10-07,18,BTC-231027-21000-C,BTCUSDT,C,231027-21000,6400.0,6400.0,6400.0,6400.0,0.0,0.0,6805.0,14485.0,3.23,2.57,,5.04032135,6993.0,0.775,0.95271719,1.972e-05,6.36469184,-12.62081004,6.73,187653.38502749
2023-10-07,18,BTC-231027-21000-P,BTCUSDT,P,231027-21000,25.0,25.0,25.0,25.0,0.0,0.0,20.0,25.0,3.49,4.53,,0.59885442,22.0,0.58906972,-0.01579129,1.041e-05,2.55410937,-3.84958876,73.54,2050524.50741772
2023-10-07,11,BTC-231027-21000-P,BTCUSDT,P,231027-21000,25.0,25.0,25.0,25.0,0.03,0.03,20.0,25.0,3.52,4.47,,0.5976671,22.0,0.58791578,-0.01568519,1.028e-05,2.56304327,-3.79878832,73.54,2054331.32572063
2023-10-07,17,BTC-231027-21000-P,BTCUSDT,P,231027-21000,25.0,25.0,25.0,25.0,0.0,0.0,20.0,25.0,3.0,3.18,,0.60091913,22.0,0.59111238,-0.01570304,1.03e-05,2.54851967,-3.84628245,73.54,2054194.25039345
2023-10-07,19,BTC-231027-21000-P,BTCUSDT,P,231027-21000,25.0,25.0,25.0,25.0,0.0,0.0,20.0,25.0,5.53,2.47,,0.5979085,22.0,0.58813184,-0.01584332,1.048e-05,2.55627226,-3.85493392,73.54,2048896.42071214
2023-10-07,9,BTC-231027-21000-C,BTCUSDT,C,231027-21000,6400.0,6400.0,6400.0,6400.0,0.0,0.0,6805.0,14610.0,3.23,4.48,,5.03341675,7058.0,0.775,0.95254463,1.955e-05,6.45869164,-12.56606639,6.73,188106.43975277
2023-10-07,20,BTC-231027-21000-P,BTCUSDT,P,231027-21000,25.0,25.0,25.0,25.0,0.0,0.0,20.0,25.0,5.16,2.81,,0.60233295,22.0,0.59250116,-0.01571973,1.032e-05,2.541942,-3.87007117,73.54,2053317.28993373
2023-10-07,13,BTC-231027-21000-C,BTCUSDT,C,231027-21000,6400.0,6400.0,6400.0,6400.0,0.0,0.0,6805.0,14040.0,3.23,1.5,,4.75265503,7042.0,0.775,0.9528934,1.952e-05,6.39054842,-12.53841044,6.73,188020.8556
2023-10-07,6,BTC-231027-21000-C,BTCUSDT,C,231027-21000,6400.0,6400.0,6400.0,6400.0,0.0,0.0,6745.0,14600.0,3.04,2.29,,5.03868103,7001.0,0.775,0.95086736,2.008e-05,6.64688407,-12.85155636,6.73,187741.73661541
2023-10-07,15,BTC-231027-21000-P,BTCUSDT,P,231027-21000,25.0,25.0,25.0,25.0,0.0,0.0,20.0,25.0,6.19,4.88,,0.60011089,22.0,0.59031963,-0.01568785,1.028e-05,2.55250193,-3.83082487,73.54,2054476.5308551
2023-10-07,2,BTC-231027-21000-C,BTCUSDT,C,231027-21000,6400.0,6400.0,6400.0,6400.0,0.0,0.0,6745.0,14650.0,3.04,3.74,,5.05010605,6992.0,0.775,0.94999878,2.029e-05,6.7655014,-12.97301587,6.73,187633.5441
2023-10-07,2,BTC-231027-21000-P,BTCUSDT,P,231027-21000,30.0,30.0,25.0,25.0,0.17,0.17,20.0,25.0,5.63,2.44,,0.58822095,22.0,0.57860672,-0.01581367,1.044e-05,2.59944973,-3.72138119,73.54,2050307.7018
2023-10-07,20,BTC-231027-21000-C,BTCUSDT,C,231027-21000,6400.0,6400.0,6400.0,6400.0,0.0,0.0,6705.0,13965.0,2.96,1.5,,4.75349426,7026.0,0.775,0.95371642,1.94e-05,6.25106316,-12.44857661,6.73,187908.96602195
2023-10-07,10,BTC-231027-21000-P,BTCUSDT,P,231027-21000,25.0,25.0,25.0,25.0,0.03,0.03,20.0,25.0,3.03,4.94,,0.59761584,22.0,0.58786809,-0.01566641,1.025e-05,2.56395219,-3.79186116,73.54,2055589.14256724
2023-10-07,0,BTC-231027-21000-C,BTCUSDT,C,231027-21000,6400.0,6400.0,6400.0,6400.0,0.0,0.0,6745.0,14685.0,3.04,2.71,,5.04257202,7028.0,0.775,0.95044136,2.008e-05,6.74052293,-12.8720385,6.73,187884.67146151
2023-10-07,12,BTC-231027-21000-P,BTCUSDT,P,231027-21000,25.0,25.0,25.0,25.0,0.0,0.0,20.0,25.0,7.17,4.27,,0.59946597,22.0,0.5896908,-0.0156471,1.023e-05,2.55674201,-3.80889188,73.54,2056187.74200461
2023-10-07,8,BTC-231027-21000-C,BTCUSDT,C,231027-21000,6400.0,6400.0,6400.0,6400.0,0.0,0.0,6805.0,14170.0,3.23,1.5,,4.76821899,7110.0,0.775,0.95345017,1.919e-05,6.37877699,-12.38467466,6.73,188494.08257585
2023-10-07,23,BTC-231027-21000-C,BTCUSDT,C,231027-21000,6400.0,6400.0,6400.0,6400.0,0.0,0.0,6735.0,13985.0,2.9,1.5,,4.76610184,7055.0,0.775,0.95479376,1.908e-05,6.12105262,-12.26848175,6.73,188127.80195604
2023-10-07,1,BTC-231027-21000-C,BTCUSDT,C,231027-21000,6400.0,6400.0,6400.0,6400.0,0.0,0.0,6745.0,14650.0,3.04,3.74,,5.0346756,7015.0,0.775,0.95032426,2.014e-05,6.74302936,-12.90332041,6.73,187755.60855057
2023-10-07,17,BTC-231027-21000-C,BTCUSDT,C,231027-21000,6400.0,6400.0,6400.0,6400.0,0.0,0.0,6805.0,14020.0,3.23,1.5,,4.76438522,7035.0,0.775,0.95340849,1.944e-05,6.30643049,-12.47867423,6.73,187989.2209022
2023-10-07,13,BTC-231027-21000-P,BTCUSDT,P,231027-21000,25.0,25.0,25.0,25.0,0.0,0.0,20.0,25.0,5.55,5.39,,0.59871495,22.0,0.58894575,-0.01569208,1.029e-05,2.55830453,-3.81443466,73.54,2054539.9288
2023-10-07,22,BTC-231027-21000-P,BTCUSDT,P,231027-21000,25.0,25.0,25.0,25.0,0.0,0.0,20.0,25.0,5.64,3.46,,0.60533464,22.0,0.59546173,-0.01566456,1.025e-05,2.53132201,-3.88981799,73.54,2055540.94558228
2023-10-07,3,BTC-231027-21000-C,BTCUSDT,C,231027-21000,6400.0,6400.0,6400.0,6400.0,0.0,0.0,6745.0,14650.0,3.04,3.74,,5.04478455,7014.0,0.775,0.95064715,2.008e-05,6.69436696,-12.86313574,6.73,187790.6932978
2023-10-07,21,BTC-231027-21000-C,BTCUSDT,C,231027-21000,6400.0,6400.0,6400.0,6400.0,0.0,0.0,6735.0,13985.0,2.9,1.5,,4.76587296,7033.0,0.775,0.95403183,1.931e-05,6.21199752,-12.39732672,6.73,187985.07670509
2023-10-07,5,BTC-231027-21000-P,BTCUSDT,P,231027-21000,30.0,30.0,25.0,25.0,0.17,0.17,15.0,25.0,9.9,3.41,,0.59145868,19.0,0.57039857,-0.01424249,9.7e-06,2.37043042,-3.36619753,73.54,2051710.3358767
2023-10-07,9,BTC-231027-21000-P,BTCUSDT,P,231027-21000,25.0,25.0,25.0,25.0,0.03,0.03,15.0,25.0,6.68,6.19,,0.59705555,19.0,0.57582617,-0.01414909,9.58e-06,2.35148705,-3.39928114,73.54,2055475.12324199
2023-10-07,14,BTC-231027-21000-P,BTCUSDT,P,231027-21000,25.0,25.0,25.0,25.0,0.0,0.0,20.0,25.0,6.4,4.55,,0.600155,22.0,0.59036613,-0.01566576,1.025e-05,2.55311493,-3.82394507,73.54,2055494.38102427
2023-10-07,23,BTC-231027-21000-P,BTCUSDT,P,231027-21000,25.0,25.0,25.0,25.0,0.0,0.0,20.0,25.0,5.29,3.03,,0.60626686,22.0,0.59637964,-0.01565557,1.024e-05,2.52775727,-3.89871223,73.54,2055708.5521318
2023-10-07,11,BTC-231027-21000-C,BTCUSDT,C,231027-21000,6400.0,6400.0,6400.0,6400.0,0.0,0.0,6805.0,14630.0,3.23,5.21,,5.05934715,7047.0,0.775,0.95265052,1.956e-05,6.43125369,-12.56525722,6.73,188001.76532635
2023-10-07,14,BTC-231027-21000-C,BTCUSDT,C,231027-21000,6400.0,6400.0,6400.0,6400.0,0.0,0.0,6805.0,14045.0,3.23,1.5,,4.75483894,7054.0,0.775,0.95330132,1.94e-05,6.34238145,-12.47021414,6.73,188108.20212528
2023-10-07,16,BTC-231027-21000-P,BTCUSDT,P,231027-21000,25.0,25.0,25.0,25.0,0.0,0.0,20.0,25.0,5.21,3.16,,0.60082018,22.0,0.5910176,-0.01568557,1.028e-05,2.54958424,-3.8391039,73.54,2055205.76480849
2023-10-07,8,BTC-231027-21000-P,BTCUSDT,P,231027-21000,25.0,25.0,25.0,25.0,0.03,0.03,15.0,25.0,6.8,6.02,,0.59979975,19.0,0.5785048,-0.01404957,9.45e-06,2.34424516,-3.3974688,73.54,2059710.97067282
2023-10-07,0,BTC-231027-21000-P,BTCUSDT,P,231027-21000,30.0,30.0,25.0,25.0,0.17,0.17,20.0,25.0,9.39,1.82,,0.5892998,22.0,0.57967812,-0.01573748,1.034e-05,2.59750447,-3.71018229,73.54,2053051.81861505
2023-10-07,22,BTC-231027-21000-C,BTCUSDT,C,231027-21000,6400.0,6400.0,6400.0,6400.0,0.0,0.0,6735.0,13985.0,2.9,1.5,,4.76287842,7051.0,0.775,0.95455312,1.914e-05,6.15288758,-12.30576782,6.73,188112.46347251
2023-10-07,16,BTC-231027-21000-C,BTCUSDT,C,231027-21000,6400.0,6400.0,6400.0,6400.0,0.0,0.0,6805.0,14060.0,3.23,1.5,,4.77714539,7044.0,0.775,0.95342135,1.941e-05,6.31369398,-12.46652216,6.73,188081.78946371
2023-10-07,6,BTC-231027-21000-P,BTCUSDT,P,231027-21000,30.0,30.0,25.0,25.0,0.17,0.17,20.0,25.0,4.61,3.56,,0.59141636,22.0,0.58175296,-0.01578863,1.041e-05,2.58632385,-3.75368152,73.54,2051489.94215413
2023-10-08,4,BTC-231027-21000-P,BTCUSDT,P,231027-21000,25.0,25.0,25.0,25.0,0.0,0.0,20.0,30.0,9.38,4.72,,0.62532187,24.0,0.60668021,-0.01688618,1.081e-05,2.67989526,-4.25055803,73.54,2054667.11259345
2023-10-08,12,BTC-231027-21000-C,BTCUSDT,C,231027-21000,6400.0,6400.0,6400.0,6400.0,0.0,0.0,6700.0,7755.0,2.81,2.53,,1.50460243,6909.0,0.775,0.95403604,1.972e-05,6.08413014,-12.54598125,6.73,187166.06942528
2023-10-08,10,BTC-231027-21000-C,BTCUSDT,C,231027-21000,6400.0,6400.0,6400.0,6400.0,0.0,0.0,6700.0,7755.0,2.81,2.53,,1.49677277,6918.0,0.775,0.95387621,1.972e-05,6.11644257,-12.55692738,6.73,187252.05072195
2023-10-08,7,BTC-231027-21000-C,BTCUSDT,C,231027-21000,6400.0,6400.0,6400.0,6400.0,0.0,0.0,6420.0,14365.0,2.77,2.87,,5.03791809,7003.0,0.775,0.95508837,1.918e-05,6.02540464,-12.28864671,6.73,187806.51915163
2023-10-08,3,BTC-231027-21000-P,BTCUSDT,P,231027-21000,25.0,25.0,25.0,25.0,0.0,0.0,20.0,30.0,9.47,4.72,,0.63328147,24.0,0.61447471,-0.01659804,1.045e-05,2.65636562,-4.25809179,73.54,2063751.53303738
2023-10-08,1,BTC-231027-21000-P,BTCUSDT,P,231027-21000,25.0,25.0,25.0,25.0,0.0,0.0,20.0,25.0,6.48,1.91,,0.61129391,22.0,0.60134172,-0.01553698,1.009e-05,2.51121262,-3.92232732,73.54,2059736.07902246
2023-10-08,19,BTC-231027-21000-C,BTCUSDT,C,231027-21000,6400.0,6400.0,6400.0,6400.0,0.0,0.0,6715.0,7425.0,3.03,2.87,,1.23205185,6943.0,0.69102592,0.97144468,1.505e-05,4.10126356,-7.65966939,6.73,187721.95485277
2023-10-08,15,BTC-231027-21000-C,BTCUSDT,C,231027-21000,6400.0,6400.0,6400.0,6400.0,0.0,0.0,6705.0,7425.0,3.14,2.87,,1.2256813,6945.0,0.68784065,0.97147881,1.504e-05,4.1157821,-7.58303702,6.73,187765.62959453
2023-10-08,5,BTC-231027-21000-C,BTCUSDT,C,231027-21000,6400.0,6400.0,6400.0,6400.0,0.0,0.0,6420.0,14385.0,4.27,2.54,,5.02519608,7032.0,0.775,0.95533023,1.903e-05,6.01867591,-12.2213214,6.73,188002.07224396
2023-10-08,7,BTC-231027-21000-P,BTCUSDT,P,231027-21000,25.0,25.0,25.0,25.0,0.0,0.0,25.0,30.0,5.7,4.72,,0.62586248,27.0,0.61712801,-0.01832436,1.144e-05,2.8617266,-4.64750152,73.54,2052197.8333449
2023-10-08,4,BTC-231027-21000-C,BTCUSDT,C,231027-21000,6400.0,6400.0,6400.0,6400.0,0.0,0.0,6420.0,14440.0,4.27,3.14,,5.05249023,7027.0,0.775,0.95506499,1.911e-05,6.05279784,-12.26383133,6.73,188032.4948022
2023-10-08,21,BTC-231027-21000-P,BTCUSDT,P,231027-21000,25.0,30.0,25.0,25.0,0.39,0.39,25.0,30.0,3.92,5.81,,0.63656271,27.0,0.62768221,-0.01829346,1.14e-05,2.81473434,-4.79662686,73.93,2064567.12458335
2023-10-08,18,BTC-231027-21000-C,BTCUSDT,C,231027-21000,6400.0,6400.0,6400.0,6400.0,0.0,0.0,6715.0,7425.0,3.03,2.87,,1.24578476,6925.0,0.69789238,0.96982844,1.559e-05,4.29452938,-8.08211449,6.73,187560.75656151
2023-10-08,18,BTC-231027-21000-P,BTCUSDT,P,231027-21000,25.0,30.0,25.0,25.0,0.39,0.39,25.0,30.0,2.66,6.2,,0.6312865,27.0,0.6224674,-0.01840606,1.154e-05,2.83421874,-4.75741393,73.93,2060381.38671504
2023-10-08,11,BTC-231027-21000-P,BTCUSDT,P,231027-21000,25.0,25.0,25.0,25.0,0.0,0.0,25.0,30.0,6.53,2.48,,0.6225425,27.0,0.61383009,-0.01854659,1.171e-05,2.86891453,-4.67528756,73.54,2045464.44629442
2023-10-08,17,BTC-231027-21000-P,BTCUSDT,P,231027-21000,25.0,30.0,25.0,25.0,0.39,0.39,25.0,30.0,3.05,5.98,,0.6310612,27.0,0.62224716,-0.01838854,1.152e-05,2.83585017,-4.74779896,73.93,2061016.20981418
2023-10-08,19,BTC-231027-21000-P,BTCUSDT,P,231027-21000,25.0,30.0,25.0,25.0,0.39,0.39,25.0,30.0,2.65,6.23,,0.63345373,27.0,0.62461019,-0.01835351,1.147e-05,2.82639561,-4.77133617,73.93,2062152.17269914
2023-10-08,9,BTC-231027-21000-C,BTCUSDT,C,231027-21000,6400.0,6400.0,6400.0,6400.0,0.0,0.0,6700.0,7805.0,2.81,2.75,,1.49489403,6976.0,0.775,0.95488475,1.931e-05,6.02826275,-12.34863641,6.73,187629.73980107
2023-10-08,20,BTC-231027-21000-P,BTCUSDT,P,231027-21000,25.0,30.0,25.0,25.0,0.39,0.39,25.0,30.0,3.85,5.99,,0.63498318,27.0,0.62612116,-0.01832429,1.144e-05,2.82063609,-4.78390657,73.93,2063183.09811418
2023-10-08,13,BTC-231027-21000-C,BTCUSDT,C,231027-21000,6400.0,6400.0,6400.0,6400.0,0.0,0.0,6725.0,7425.0,3.25,2.87,,1.20850563,6962.0,0.67925282,0.97294933,1.453e-05,3.9499364,-7.15467671,6.73,187629.51645384
2023-10-08,6,BTC-231027-21000-C,BTCUSDT,C,231027-21000,6400.0,6400.0,6400.0,6400.0,0.0,0.0,6420.0,14400.0,4.27,3.56,,5.05756378,6990.0,0.775,0.95467388,1.931e-05,6.07386162,-12.36036735,6.73,187721.88829233
2023-10-08,15,BTC-231027-21000-P,BTCUSDT,P,231027-21000,25.0,30.0,25.0,25.0,0.39,0.39,25.0,30.0,3.92,5.44,,0.63069999,27.0,0.62189519,-0.01835053,1.147e-05,2.83883161,-4.72889635,73.93,2062631.94590247
2023-10-08,2,BTC-231027-21000-C,BTCUSDT,C,231027-21000,6400.0,6400.0,6400.0,6400.0,0.0,0.0,6855.0,13985.0,3.27,1.5,,4.75715637,7108.0,0.775,0.95633042,1.858e-05,5.94566287,-11.99449704,6.73,188528.35084837
2023-10-08,2,BTC-231027-21000-P,BTCUSDT,P,231027-21000,25.0,25.0,25.0,25.0,0.0,0.0,20.0,25.0,6.57,1.9,,0.61181366,22.0,0.60185254,-0.01554152,1.009e-05,2.50891841,-3.93058047,73.54,2060085.4266551
2023-10-08,20,BTC-231027-21000-C,BTCUSDT,C,231027-21000,6400.0,6400.0,6400.0,6400.0,0.0,0.0,6715.0,7425.0,3.03,2.87,,1.22484207,6954.0,0.68742104,0.97234831,1.474e-05,3.99018594,-7.43007504,6.73,187815.80211428
2023-10-08,10,BTC-231027-21000-P,BTCUSDT,P,231027-21000,25.0,25.0,25.0,25.0,0.0,0.0,25.0,35.0,7.91,4.43,,0.63795745,29.0,0.6214118,-0.01967296,1.215e-05,3.0204394,-4.97201466,73.54,2046139.05053373
2023-10-08,0,BTC-231027-21000-C,BTCUSDT,C,231027-21000,6400.0,6400.0,6400.0,6400.0,0.0,0.0,6765.0,13985.0,2.94,1.5,,4.76634979,7065.0,0.775,0.95516614,1.897e-05,6.07636382,-12.20521591,6.73,188275.11647912
2023-10-08,12,BTC-231027-21000-P,BTCUSDT,P,231027-21000,25.0,25.0,25.0,25.0,0.0,0.0,20.0,30.0,9.46,2.73,,0.62312007,24.0,0.60447961,-0.01714755,1.113e-05,2.6801233,-4.31063119,73.54,2045199.51642427
2023-10-08,8,BTC-231027-21000-C,BTCUSDT,C,231027-21000,6400.0,6400.0,6400.0,6400.0,0.0,0.0,6670.0,7815.0,2.92,2.78,,1.48220062,7007.0,0.775,0.95533893,1.911e-05,5.99278322,-12.24897801,6.73,187822.7806066
2023-10-08,23,BTC-231027-21000-C,BTCUSDT,C,231027-21000,6400.0,6400.0,6400.0,6400.0,0.0,0.0,6745.0,7425.0,3.06,2.87,,1.21955872,6965.0,0.68477936,0.97334782,1.439e-05,3.85821461,-7.20552016,6.73,187902.98400471
2023-10-08,1,BTC-231027-21000-C,BTCUSDT,C,231027-21000,6400.0,6400.0,6400.0,6400.0,0.0,0.0,6800.0,14005.0,3.07,1.5,,4.76184845,7110.0,0.775,0.95621914,1.859e-05,5.96482762,-12.00711332,6.73,188496.380362
2023-10-08,17,BTC-231027-21000-C,BTCUSDT,C,231027-21000,6400.0,6400.0,6400.0,6400.0,0.0,0.0,6715.0,7425.0,3.03,2.87,,1.23939514,6931.0,0.69469757,0.97034864,1.542e-05,4.23890073,-7.92310011,6.73,187618.54581428
2023-10-08,13,BTC-231027-21000-P,BTCUSDT,P,231027-21000,25.0,30.0,25.0,30.0,0.2,0.2,20.0,30.0,9.57,4.37,,0.63066065,24.0,0.61185241,-0.01691577,1.084e-05,2.65617381,-4.33382757,73.74,2055839.60524604
2023-10-08,22,BTC-231027-21000-P,BTCUSDT,P,231027-21000,25.0,30.0,25.0,25.0,0.39,0.39,25.0,30.0,3.61,5.45,,0.63726604,27.0,0.62837601,-0.01829413,1.14e-05,2.8116089,-4.80747337,73.93,2064004.99842571
2023-10-08,3,BTC-231027-21000-C,BTCUSDT,C,231027-21000,6400.0,6400.0,6400.0,6400.0,0.0,0.0,6885.0,14040.0,2.79,1.5,,4.77016449,7156.0,0.775,0.95742484,1.819e-05,5.82932577,-11.7853689,6.73,188863.85392088
2023-10-08,21,BTC-231027-21000-C,BTCUSDT,C,231027-21000,6400.0,6400.0,6400.0,6400.0,0.0,0.0,6745.0,7425.0,3.06,2.87,,1.21703148,6965.0,0.68351574,0.97329689,1.441e-05,3.87309795,-7.18729886,6.73,187941.79289119
2023-10-08,5,BTC-231027-21000-P,BTCUSDT,P,231027-21000,25.0,25.0,25.0,25.0,0.0,0.0,25.0,30.0,2.53,4.72,,0.6263715,27.0,0.61763763,-0.01825628,1.136e-05,2.86189605,-4.6313021,73.54,2054334.6794682
2023-10-08,9,BTC-231027-21000-P,BTCUSDT,P,231027-21000,25.0,25.0,25.0,25.0,0.0,0.0,25.0,30.0,4.3,4.56,,0.62548697,27.0,0.61675072,-0.01838815,1.152e-05,2.86113588,-4.66415822,73.54,2050266.13149636
2023-10-08,14,BTC-231027-21000-P,BTCUSDT,P,231027-21000,25.0,30.0,25.0,30.0,0.2,0.2,20.0,30.0,8.72,5.3,,0.6326437,24.0,0.61378688,-0.01687291,1.079e-05,2.64933849,-4.34599962,73.74,2060404.57313423
2023-10-08,23,BTC-231027-21000-P,BTCUSDT,P,231027-21000,25.0,30.0,25.0,25.0,0.39,0.39,25.0,30.0,7.28,4.93,,0.63802898,27.0,0.62912881,-0.0182927,1.14e-05,2.80829276,-4.81848212,73.93,2064140.80348715
2023-10-08,11,BTC-231027-21000-C,BTCUSDT,C,231027-21000,6400.0,6400.0,6400.0,6400.0,0.0,0.0,6700.0,7755.0,2.81,2.53,,1.5019989,6911.0,0.775,0.9539087,1.974e-05,6.10480103,-12.56075546,6.73,187190.31443516
2023-10-08,14,BTC-231027-21000-C,BTCUSDT,C,231027-21000,6400.0,6400.0,6400.0,6400.0,0.0,0.0,6465.0,7425.0,4.62,2.87,,1.19600296,6978.0,0.67300148,0.97435883,1.403e-05,3.77561432,-6.79107114,6.73,188046.14560881
2023-10-08,16,BTC-231027-21000-P,BTCUSDT,P,231027-21000,25.0,30.0,25.0,25.0,0.39,0.39,25.0,30.0,4.81,4.68,,0.63264191,27.0,0.62381506,-0.01830605,1.142e-05,2.83172522,-4.74220601,73.93,2063725.08625586
2023-10-08,8,BTC-231027-21000-P,BTCUSDT,P,231027-21000,25.0,25.0,25.0,25.0,0.0,0.0,25.0,35.0,7.43,4.43,,0.64261138,29.0,0.62599063,-0.01944231,1.187e-05,3.00681559,-4.96414216,73.54,2052375.52538034
2023-10-08,0,BTC-231027-21000-P,BTCUSDT,P,231027-21000,25.0,25.0,25.0,25.0,0.0,0.0,20.0,25.0,6.81,2.05,,0.60763717,22.0,0.59773117,-0.01563261,1.021e-05,2.52288511,-3.90843932,73.54,2057318.28616262
2023-10-08,22,BTC-231027-21000-C,BTCUSDT,C,231027-21000,6400.0,6400.0,6400.0,6400.0,0.0,0.0,6745.0,7425.0,3.06,2.87,,1.21860504,6964.0,0.68430252,0.97329101,1.441e-05,3.86938871,-7.20498172,6.73,187890.62139057
2023-10-08,16,BTC-231027-21000-C,BTCUSDT,C,231027-21000,6400.0,6400.0,6400.0,6400.0,0.0,0.0,6705.0,7425.0,3.14,2.87,,1.21396065,6960.0,0.68198032,0.97284671,1.456e-05,3.94892256,-7.22976056,6.73,187865.14040987
2023-10-08,6,BTC-231027-21000-P,BTCUSDT,P,231027-21000,25.0,25.0,25.0,25.0,0.0,0.0,25.0,30.0,4.64,4.72,,0.62431574,27.0,0.61559945,-0.0183558,1.148e-05,2.86767884,-4.63546727,73.54,2051273.0557233
2023-10-09,4,BTC-231027-21000-P,BTCUSDT,P,231027-21000,25.0,30.0,25.0,25.0,0.39,0.39,25.0,30.0,3.0,4.02,,0.64241707,27.0,0.6334585,-0.01826679,1.137e-05,2.79002604,-4.87548847,73.93,2064970.38506357
2023-10-09,12,BTC-231027-21000-C,BTCUSDT,C,231027-21000,6400.0,6400.0,6400.0,6400.0,0.0,0.0,6335.0,7165.0,3.25,2.81,,1.35462761,6531.0,0.7523138,0.95484887,2.085e-05,5.75828244,-12.17433036,6.73,184835.66271101
2023-10-09,10,BTC-231027-21000-C,BTCUSDT,C,231027-21000,6400.0,6400.0,6400.0,6400.0,0.0,0.0,6335.0,7165.0,3.25,2.81,,1.29560471,6602.0,0.72280235,0.96188449,1.881e-05,5.04797725,-10.20611879,6.73,185281.65537365
2023-10-09,7,BTC-231027-21000-C,BTCUSDT,C,231027-21000,6400.0,6400.0,6400.0,6400.0,0.0,0.0,6715.0,8030.0,3.07,2.55,,1.71250343,6903.0,0.775,0.95718087,1.902e-05,5.62469584,-12.10871242,6.73,187258.85262783
2023-10-09,3,BTC-231027-21000-P,BTCUSDT,P,231027-21000,25.0,30.0,25.0,25.0,0.39,0.39,25.0,30.0,3.0,5.11,,0.64107716,27.0,0.63213468,-0.01828815,1.14e-05,2.79509994,-4.86296826,73.93,2064129.87054501
2023-10-09,1,BTC-231027-21000-P,BTCUSDT,P,231027-21000,25.0,30.0,25.0,25.0,0.39,0.39,25.0,30.0,6.93,13.71,,0.64217329,27.0,0.63322574,-0.01819751,1.129e-05,2.79355404,-4.84643616,73.93,2066507.54632144
2023-10-09,19,BTC-231027-21000-C,BTCUSDT,C,231027-21000,6400.0,6400.0,6400.0,6400.0,0.0,0.0,6415.0,8090.0,3.27,2.9,,1.87696457,6701.0,0.775,0.95519265,2.016e-05,5.71064533,-12.64499202,6.73,185839.9880066
2023-10-09,15,BTC-231027-21000-C,BTCUSDT,C,231027-21000,6400.0,6400.0,6400.0,6400.0,0.0,0.0,6350.0,7025.0,2.92,2.91,,1.25396729,6507.0,0.70198364,0.96487135,1.829e-05,4.67958821,-9.29714782,6.73,184781.71103736
2023-10-09,5,BTC-231027-21000-C,BTCUSDT,C,231027-21000,6400.0,6400.0,6400.0,6400.0,0.0,0.0,6715.0,8325.0,3.07,2.88,,1.86373711,6952.0,0.775,0.95780371,1.872e-05,5.58133922,-11.96000495,6.73,187508.9029165
2023-10-09,7,BTC-231027-21000-P,BTCUSDT,P,231027-21000,25.0,30.0,25.0,25.0,0.39,0.39,25.0,30.0,8.39,17.5,,0.63689172,27.0,0.62797904,-0.01854298,1.171e-05,2.80441339,-4.89197693,73.93,2057064.92938709
2023-10-09,4,BTC-231027-21000-C,BTCUSDT,C,231027-21000,6400.0,6400.0,6400.0,6400.0,0.0,0.0,6715.0,8325.0,3.07,2.88,,1.82904243,7016.0,0.775,0.95887007,1.827e-05,5.48612518,-11.72894978,6.73,187978.50252236
2023-10-09,21,BTC-231027-21000-P,BTCUSDT,P,231027-21000,25.0,25.0,25.0,25.0,0.0,0.0,30.0,35.0,0.01,14.32,,0.650298,32.0,0.64225733,-0.02152466,1.33e-05,3.1087305,-5.73187646,73.93,2041920.64325832
2023-10-09,18,BTC-231027-21000-C,BTCUSDT,C,231027-21000,6400.0,6400.0,6400.0,6400.0,0.0,0.0,6490.0,8090.0,3.21,2.9,,1.89610481,6660.0,0.775,0.95412662,2.055e-05,5.81734129,-12.85065042,6.73,185583.77986484
2023-10-09,18,BTC-231027-21000-P,BTCUSDT,P,231027-21000,25.0,25.0,25.0,25.0,0.0,0.0,30.0,35.0,0.01,13.92,,0.64422786,32.0,0.63624799,-0.02167837,1.348e-05,3.13257032,-5.68101737,73.93,2038664.01863416
2023-10-09,11,BTC-231027-21000-P,BTCUSDT,P,231027-21000,25.0,30.0,25.0,25.0,0.39,0.39,30.0,35.0,5.46,23.05,,0.63223183,32.0,0.62437594,-0.02196,1.382e-05,3.18193752,-5.57025404,73.93,2032037.57524414
2023-10-09,17,BTC-231027-21000-P,BTCUSDT,P,231027-21000,25.0,25.0,25.0,25.0,0.0,0.0,30.0,35.0,2.49,13.33,,0.64510763,32.0,0.63712299,-0.02161065,1.34e-05,3.1306857,-5.67193512,73.93,2039251.42091837
2023-10-09,19,BTC-231027-21000-P,BTCUSDT,P,231027-21000,25.0,25.0,25.0,25.0,0.0,0.0,30.0,35.0,0.01,14.0,,0.64805806,32.0,0.64004242,-0.02155285,1.333e-05,3.11848888,-5.70275389,73.93,2041478.50123748
2023-10-09,9,BTC-231027-21000-C,BTCUSDT,C,231027-21000,6400.0,6400.0,6400.0,6400.0,0.0,0.0,6095.0,7325.0,4.3,3.0,,1.40190125,6643.0,0.775,0.95208928,2.108e-05,6.08263783,-13.15546402,6.73,185318.21554396
2023-10-09,20,BTC-231027-21000-P,BTCUSDT,P,231027-21000,25.0,25.0,25.0,25.0,0.0,0.0,30.0,35.0,0.01,12.08,,0.64614594,32.0,0.63814402,-0.0216627,1.346e-05,3.12383083,-5.70917221,73.93,2038596.67734081
2023-10-09,13,BTC-231027-21000-C,BTCUSDT,C,231027-21000,6400.0,6400.0,6400.0,6400.0,0.0,0.0,6300.0,7025.0,3.12,2.91,,1.20084763,6567.0,0.67542381,0.97057963,1.633e-05,4.06273985,-7.7297731,6.73,185249.68343629
2023-10-09,6,BTC-231027-21000-C,BTCUSDT,C,231027-21000,6400.0,6400.0,6400.0,6400.0,0.0,0.0,6715.0,8030.0,3.07,2.55,,1.66380882,6989.0,0.775,0.95869712,1.84e-05,5.48688323,-11.78475318,6.73,187787.67693529
2023-10-09,15,BTC-231027-21000-P,BTCUSDT,P,231027-21000,25.0,25.0,25.0,25.0,0.0,0.0,30.0,35.0,3.01,23.61,,0.6334734,32.0,0.62559575,-0.02203334,1.391e-05,3.17309725,-5.61813635,73.93,2029853.17934501
2023-10-09,2,BTC-231027-21000-C,BTCUSDT,C,231027-21000,6400.0,6400.0,6400.0,6400.0,0.0,0.0,6755.0,7425.0,3.17,2.87,,1.21013641,6981.0,0.68006821,0.97473216,1.39e-05,3.67974307,-6.87178401,6.73,188048.26332707
2023-10-09,2,BTC-231027-21000-P,BTCUSDT,P,231027-21000,25.0,30.0,25.0,25.0,0.39,0.39,25.0,30.0,3.0,6.87,,0.64147055,27.0,0.63252747,-0.01824824,1.135e-05,2.79480971,-4.85435093,73.93,2065736.71735072
2023-10-09,20,BTC-231027-21000-C,BTCUSDT,C,231027-21000,6400.0,6400.0,6400.0,6400.0,0.0,0.0,6425.0,8090.0,2.83,2.9,,1.89796448,6664.0,0.775,0.95458536,2.043e-05,5.75794621,-12.78015852,6.73,185577.64964837
2023-10-09,10,BTC-231027-21000-P,BTCUSDT,P,231027-21000,25.0,30.0,25.0,25.0,0.39,0.39,30.0,35.0,7.67,15.27,,0.63579798,32.0,0.62791377,-0.02177844,1.36e-05,3.17053605,-5.56873277,73.93,2035345.1384508
2023-10-09,0,BTC-231027-21000-C,BTCUSDT,C,231027-21000,6400.0,6400.0,6400.0,6400.0,0.0,0.0,6745.0,7425.0,3.06,2.87,,1.28663063,6885.0,0.71831532,0.96637052,1.671e-05,4.65730455,-9.14463162,6.73,187278.90556236
2023-10-09,12,BTC-231027-21000-P,BTCUSDT,P,231027-21000,30.0,30.0,25.0,25.0,0.39,0.39,25.0,30.0,10.58,2.43,,0.61534345,27.0,0.60663104,-0.01948287,1.288e-05,2.86895989,-4.89105103,73.93,2030445.84609581
2023-10-09,8,BTC-231027-21000-C,BTCUSDT,C,231027-21000,6400.0,6400.0,6400.0,6400.0,0.0,0.0,6430.0,7495.0,4.33,2.88,,1.39852524,6836.0,0.77426262,0.95616676,1.948e-05,5.71133338,-12.31202532,6.73,186753.99892088
2023-10-09,23,BTC-231027-21000-C,BTCUSDT,C,231027-21000,6400.0,6400.0,6400.0,6400.0,0.0,0.0,6425.0,8090.0,2.83,2.9,,1.89637184,6679.0,0.775,0.95545506,2.018e-05,5.65222546,-12.63597636,6.73,185616.11122855
2023-10-09,1,BTC-231027-21000-C,BTCUSDT,C,231027-21000,6400.0,6400.0,6400.0,6400.0,0.0,0.0,6755.0,7425.0,3.17,2.87,,1.19287491,6999.0,0.67143745,0.97624378,1.334e-05,3.50079251,-6.43989513,6.73,188118.43347414
2023-10-09,17,BTC-231027-21000-C,BTCUSDT,C,231027-21000,6400.0,6400.0,6400.0,6400.0,0.0,0.0,6370.0,7025.0,2.7,2.91,,1.15434647,6626.0,0.65217323,0.9760457,1.428e-05,3.41446076,-6.33218516,6.73,185637.25230327
2023-10-09,13,BTC-231027-21000-P,BTCUSDT,P,231027-21000,25.0,25.0,25.0,25.0,0.19,0.19,30.0,35.0,3.36,25.65,,0.63711226,32.0,0.62920839,-0.02181693,1.365e-05,3.16262526,-5.60549024,73.93,2034993.9222058
2023-10-09,22,BTC-231027-21000-P,BTCUSDT,P,231027-21000,25.0,25.0,25.0,25.0,0.0,0.0,30.0,35.0,0.01,13.0,,0.64874768,32.0,0.64071745,-0.02161959,1.341e-05,3.11282229,-5.73939057,73.93,2039796.35001245
2023-10-09,3,BTC-231027-21000-C,BTCUSDT,C,231027-21000,6400.0,6400.0,6400.0,6400.0,0.0,0.0,6755.0,7425.0,3.17,2.87,,1.22376442,6966.0,0.68688221,0.97353982,1.432e-05,3.8177729,-7.21750078,6.73,187901.9887565
2023-10-09,21,BTC-231027-21000-C,BTCUSDT,C,231027-21000,6400.0,6400.0,6400.0,6400.0,0.0,0.0,6425.0,8090.0,2.83,2.9,,1.8765831,6710.0,0.775,0.95573495,2e-05,5.64344353,-12.55597846,6.73,185880.2371044
2023-10-09,5,BTC-231027-21000-P,BTCUSDT,P,231027-21000,25.0,30.0,25.0,25.0,0.39,0.39,25.0,30.0,3.0,3.89,,0.63876092,27.0,0.62983513,-0.01842297,1.156e-05,2.80044017,-4.87690635,73.93,2059811.76710501
2023-10-09,9,BTC-231027-21000-P,BTCUSDT,P,231027-21000,25.0,30.0,25.0,25.0,0.39,0.39,30.0,35.0,4.81,15.27,,0.63586295,32.0,0.62798083,-0.02174463,1.356e-05,3.17140567,-5.55789956,73.93,2035746.75708249
2023-10-09,14,BTC-231027-21000-P,BTCUSDT,P,231027-21000,25.0,25.0,25.0,25.0,0.19,0.19,30.0,35.0,0.01,26.65,,0.6365037,32.0,0.62860221,-0.02187385,1.372e-05,3.16362896,-5.61504803,73.93,2033224.79355413
2023-10-09,23,BTC-231027-21000-P,BTCUSDT,P,231027-21000,25.0,25.0,25.0,25.0,0.0,0.0,30.0,35.0,0.01,14.33,,0.64968169,32.0,0.64164013,-0.02161327,1.34e-05,3.10856794,-5.75359786,73.93,2039019.18322836
2023-10-09,11,BTC-231027-21000-C,BTCUSDT,C,231027-21000,6400.0,6400.0,6400.0,6400.0,0.0,0.0,6335.0,7165.0,3.25,2.81,,1.33609772,6553.0,0.74304886,0.95702828,2.024e-05,5.54515864,-11.55230221,6.73,184980.56109013
2023-10-09,14,BTC-231027-21000-C,BTCUSDT,C,231027-21000,6400.0,6400.0,6400.0,6400.0,0.0,0.0,6350.0,7025.0,2.92,2.91,,1.21585846,6551.0,0.68292923,0.96908951,1.686e-05,4.22463259,-8.14623021,6.73,185088.63601541
2023-10-09,16,BTC-231027-21000-P,BTCUSDT,P,231027-21000,25.0,25.0,25.0,25.0,0.0,0.0,30.0,35.0,0.01,11.71,,0.63106239,32.0,0.62320292,-0.0221678,1.408e-05,3.18044842,-5.62287502,73.93,2025661.77892663
2023-10-09,8,BTC-231027-21000-P,BTCUSDT,P,231027-21000,25.0,30.0,25.0,25.0,0.39,0.39,25.0,30.0,6.53,3.13,,0.63306034,27.0,0.62418252,-0.01870854,1.191e-05,2.81551892,-4.89298348,73.93,2051519.04015166
2023-10-09,0,BTC-231027-21000-P,BTCUSDT,P,231027-21000,25.0,30.0,25.0,25.0,0.39,0.39,25.0,30.0,7.29,5.31,,0.63237727,27.0,0.62353015,-0.01852173,1.168e-05,2.82517962,-4.81526257,73.93,2057285.21370357
2023-10-09,22,BTC-231027-21000-C,BTCUSDT,C,231027-21000,6400.0,6400.0,6400.0,6400.0,0.0,0.0,6425.0,8090.0,2.83,2.9,,1.89517021,6677.0,0.775,0.95523752,2.023e-05,5.68080884,-12.66942136,6.73,185686.85831981
2023-10-09,16,BTC-231027-21000-C,BTCUSDT,C,231027-21000,6400.0,6400.0,6400.0,6400.0,0.0,0.0,6230.0,7025.0,3.12,2.91,,1.28489494,6470.0,0.71744747,0.96131035,1.942e-05,5.04973394,-10.27777721,6.73,184400.15923409
2023-10-09,6,BTC-231027-21000-P,BTCUSDT,P,231027-21000,25.0,30.0,25.0,25.0,0.39,0.39,25.0,30.0,7.55,17.48,,0.64212263,27.0,0.63316077,-0.01832963,1.145e-05,2.78908405,-4.89405303,73.93,2062874.13905285
2023-10-10,4,BTC-231027-21000-P,BTCUSDT,P,231027-21000,25.0,30.0,25.0,30.0,3.12,3.12,25.0,30.0,5.41,13.55,,0.6382525,27.0,0.62926143,-0.01907103,1.236e-05,2.78003352,-5.10764,73.94,2040731.63610885
2023-10-10,12,BTC-231027-21000-C,BTCUSDT,C,231027-21000,6400.0,6400.0,6400.0,6400.0,0.0,0.0,6300.0,7185.0,2.81,2.99,,1.41819954,6517.0,0.775,0.95442278,2.101e-05,5.63348085,-13.00033146,6.73,184556.26860987
2023-10-10,10,BTC-231027-21000-C,BTCUSDT,C,231027-21000,6400.0,6400.0,6400.0,6400.0,0.0,0.0,6465.0,7340.0,3.02,2.73,,1.41281128,6696.0,0.775,0.95782158,1.955e-05,5.34102037,-12.26455688,6.73,185839.10127365
2023-10-10,7,BTC-231027-21000-C,BTCUSDT,C,231027-21000,6400.0,6400.0,6400.0,6400.0,0.0,0.0,6215.0,7480.0,2.91,2.98,,1.48428917,6735.0,0.775,0.95806699,1.936e-05,5.34307472,-12.17905908,6.73,186093.23346925
2023-10-10,3,BTC-231027-21000-P,BTCUSDT,P,231027-21000,25.0,30.0,25.0,30.0,3.12,3.12,25.0,30.0,6.25,12.3,,0.63971639,27.0,0.630714,-0.01898909,1.226e-05,2.77649442,-5.10050307,73.94,2043141.37043273
2023-10-10,1,BTC-231027-21000-P,BTCUSDT,P,231027-21000,25.0,30.0,25.0,30.0,3.12,3.12,25.0,30.0,6.52,24.95,,0.63577235,27.0,0.62681556,-0.01907699,1.237e-05,2.79066373,-5.07023266,73.94,2041076.25060853
2023-10-10,19,BTC-231027-21000-C,BTCUSDT,C,231027-21000,6400.0,6400.0,6400.0,6400.0,0.0,0.0,6195.0,6975.0,3.04,2.82,,1.29034042,6458.0,0.72017021,0.96510456,1.837e-05,4.49003227,-9.79874309,6.73,184417.61581868
2023-10-10,15,BTC-231027-21000-C,BTCUSDT,C,231027-21000,6400.0,6400.0,6400.0,6400.0,0.0,0.0,6095.0,6975.0,4.65,2.82,,1.27671242,6467.0,0.71335621,0.96586523,1.812e-05,4.43336972,-9.48770885,6.73,184438.47955824
2023-10-10,5,BTC-231027-21000-C,BTCUSDT,C,231027-21000,6400.0,6400.0,6400.0,6400.0,0.0,0.0,6215.0,7705.0,4.41,2.82,,1.65763855,6694.0,0.775,0.95687105,1.979e-05,5.47073095,-12.40921057,6.73,185799.22713296
2023-10-10,7,BTC-231027-21000-P,BTCUSDT,P,231027-21000,25.0,30.0,25.0,30.0,3.12,3.12,25.0,30.0,5.44,22.71,,0.644117,27.0,0.63505769,-0.01894286,1.22e-05,2.75909162,-5.15347398,73.94,2044536.9513694
2023-10-10,4,BTC-231027-21000-C,BTCUSDT,C,231027-21000,6400.0,6400.0,6400.0,6400.0,0.0,0.0,6215.0,7705.0,4.41,2.82,,1.65950775,6688.0,0.775,0.95655493,1.989e-05,5.5083551,-12.46415274,6.73,185746.87464177
2023-10-10,21,BTC-231027-21000-P,BTCUSDT,P,231027-21000,30.0,30.0,30.0,30.0,4.97,4.97,30.0,35.0,4.66,7.01,,0.65581977,32.0,0.64765871,-0.02208773,1.398e-05,3.06311405,-6.04218604,73.94,2027914.13997181
2023-10-10,18,BTC-231027-21000-C,BTCUSDT,C,231027-21000,6400.0,6400.0,6400.0,6400.0,0.0,0.0,6125.0,6975.0,3.26,2.82,,1.32070541,6420.0,0.73535271,0.96129483,1.96e-05,4.88480328,-10.85758429,6.73,183716.12129453
2023-10-10,18,BTC-231027-21000-P,BTCUSDT,P,231027-21000,30.0,30.0,30.0,30.0,4.97,4.97,30.0,35.0,3.0,5.43,,0.64778745,32.0,0.63970596,-0.02231824,1.426e-05,3.093167,-5.98100544,73.94,2018420.5064662
2023-10-10,11,BTC-231027-21000-P,BTCUSDT,P,231027-21000,25.0,30.0,25.0,30.0,3.12,3.12,25.0,30.0,18.9,4.05,,0.63762128,27.0,0.62861413,-0.01929621,1.265e-05,2.77506384,-5.18151427,73.94,2033529.14605693
2023-10-10,17,BTC-231027-21000-P,BTCUSDT,P,231027-21000,30.0,30.0,30.0,30.0,4.97,4.97,30.0,35.0,3.96,6.55,,0.64815342,32.0,0.64007163,-0.02226886,1.42e-05,3.09311378,-5.96928543,73.94,2022852.60007047
2023-10-10,19,BTC-231027-21000-P,BTCUSDT,P,231027-21000,30.0,30.0,30.0,30.0,4.97,4.97,30.0,35.0,4.83,5.81,,0.65205514,32.0,0.64393342,-0.02217466,1.409e-05,3.0778178,-6.00578283,73.94,2026127.5651758
2023-10-10,9,BTC-231027-21000-C,BTCUSDT,C,231027-21000,6400.0,6400.0,6400.0,6400.0,0.0,0.0,6465.0,7340.0,3.02,2.73,,1.37821198,6740.0,0.76410599,0.96059254,1.871e-05,5.0702005,-11.45074259,6.73,186178.14166371
2023-10-10,20,BTC-231027-21000-P,BTCUSDT,P,231027-21000,30.0,30.0,30.0,30.0,4.97,4.97,30.0,35.0,6.09,5.39,,0.65312445,32.0,0.6449905,-0.02216451,1.407e-05,3.0731193,-6.02166492,73.94,2025823.24725447
2023-10-10,13,BTC-231027-21000-C,BTCUSDT,C,231027-21000,6400.0,6400.0,6400.0,6400.0,0.0,0.0,6175.0,6975.0,3.21,2.82,,1.28336906,6455.0,0.71668453,0.96468925,1.851e-05,4.56739255,-9.77127561,6.73,184326.70757031
2023-10-10,6,BTC-231027-21000-C,BTCUSDT,C,231027-21000,6400.0,6400.0,6400.0,6400.0,0.0,0.0,6215.0,7480.0,4.41,2.98,,1.48071289,6738.0,0.775,0.95795292,1.938e-05,5.36196842,-12.19224265,6.73,186118.96573516
2023-10-10,15,BTC-231027-21000-P,BTCUSDT,P,231027-21000,30.0,30.0,30.0,30.0,4.97,4.97,30.0,35.0,5.86,10.94,,0.64954162,32.0,0.64145416,-0.02214332,1.405e-05,3.09081066,-5.94783594,73.94,2026356.78730107
2023-10-10,2,BTC-231027-21000-C,BTCUSDT,C,231027-21000,6400.0,6400.0,6400.0,6400.0,0.0,0.0,6215.0,7705.0,4.41,2.82,,1.61178589,6765.0,0.775,0.95778419,1.933e-05,5.4107977,-12.18411254,6.73,186364.19214396
2023-10-10,2,BTC-231027-21000-P,BTCUSDT,P,231027-21000,25.0,30.0,25.0,30.0,3.12,3.12,25.0,30.0,7.08,11.95,,0.64223528,27.0,0.63321084,-0.01886933,1.211e-05,2.76972538,-5.09584199,73.94,2047513.8732726
2023-10-10,20,BTC-231027-21000-C,BTCUSDT,C,231027-21000,6400.0,6400.0,6400.0,6400.0,0.0,0.0,6205.0,6975.0,2.95,2.82,,1.28965378,6461.0,0.71982689,0.96538854,1.828e-05,4.45491854,-9.7420797,6.73,184389.91687886
2023-10-10,10,BTC-231027-21000-P,BTCUSDT,P,231027-21000,25.0,30.0,25.0,30.0,3.12,3.12,20.0,25.0,17.43,2.54,,0.62563837,22.0,0.61533093,-0.0163797,1.118e-05,2.42471029,-4.42073547,73.94,2041744.89571674
2023-10-10,0,BTC-231027-21000-C,BTCUSDT,C,231027-21000,6400.0,6400.0,6400.0,6400.0,0.0,0.0,6425.0,8090.0,2.83,2.9,,1.91425323,6648.0,0.775,0.95498146,2.04e-05,5.68712406,-12.74463093,6.73,185504.78297692
2023-10-10,12,BTC-231027-21000-P,BTCUSDT,P,231027-21000,25.0,30.0,25.0,30.0,3.12,3.12,30.0,35.0,3.0,11.6,,0.6484884,32.0,0.64041913,-0.02208639,1.398e-05,3.09779522,-5.90735267,73.94,2027650.89168113
2023-10-10,8,BTC-231027-21000-C,BTCUSDT,C,231027-21000,6400.0,6400.0,6400.0,6400.0,0.0,0.0,6465.0,7340.0,3.02,2.73,,1.36839867,6750.0,0.75919933,0.96152788,1.843e-05,4.98036059,-11.1481588,6.73,186262.25483075
2023-10-10,23,BTC-231027-21000-C,BTCUSDT,C,231027-21000,6400.0,6400.0,6400.0,6400.0,0.0,0.0,6245.0,6975.0,3.13,2.82,,1.30235672,6452.0,0.72617836,0.9645432,1.856e-05,4.52486624,-10.0587478,6.73,184321.82511414
2023-10-10,1,BTC-231027-21000-C,BTCUSDT,C,231027-21000,6400.0,6400.0,6400.0,6400.0,0.0,0.0,6055.0,7895.0,4.77,2.9,,1.77589417,6687.0,0.775,0.95598884,2.002e-05,5.58599162,-12.54823362,6.73,185778.24136591
2023-10-10,17,BTC-231027-21000-C,BTCUSDT,C,231027-21000,6400.0,6400.0,6400.0,6400.0,0.0,0.0,6285.0,6975.0,2.71,2.82,,1.30822182,6433.0,0.72911091,0.96258255,1.919e-05,4.76062874,-10.46539877,6.73,184119.52932749
2023-10-10,13,BTC-231027-21000-P,BTCUSDT,P,231027-21000,25.0,30.0,25.0,30.0,3.12,3.12,30.0,35.0,8.11,9.04,,0.64688504,32.0,0.63882679,-0.02218654,1.41e-05,3.10200046,-5.91534216,73.94,2025128.79015587
2023-10-10,22,BTC-231027-21000-P,BTCUSDT,P,231027-21000,30.0,30.0,30.0,30.0,4.97,4.97,30.0,35.0,3.79,7.13,,0.65814912,32.0,0.64996481,-0.02202658,1.39e-05,3.05436049,-6.06175705,75.79,2080237.94765498
2023-10-10,3,BTC-231027-21000-C,BTCUSDT,C,231027-21000,6400.0,6400.0,6400.0,6400.0,0.0,0.0,6215.0,7705.0,4.41,2.82,,1.63996696,6719.0,0.775,0.9570229,1.967e-05,5.47343876,-12.35508402,6.73,185966.20804723
2023-10-10,21,BTC-231027-21000-C,BTCUSDT,C,231027-21000,6400.0,6400.0,6400.0,6400.0,0.0,0.0,6245.0,6975.0,3.13,2.82,,1.2734127,6482.0,0.71170635,0.96742974,1.759e-05,4.23610846,-9.18232438,6.73,184580.22940236
2023-10-10,5,BTC-231027-21000-P,BTCUSDT,P,231027-21000,25.0,30.0,25.0,30.0,3.12,3.12,25.0,30.0,7.04,21.55,,0.63953102,27.0,0.63052386,-0.01905271,1.234e-05,2.77510714,-5.12127829,73.94,2041306.81340427
2023-10-10,9,BTC-231027-21000-P,BTCUSDT,P,231027-21000,25.0,30.0,25.0,30.0,3.12,3.12,25.0,30.0,6.46,6.02,,0.64656913,27.0,0.63747883,-0.01891175,1.216e-05,2.74971468,-5.18093702,73.94,2045469.80603486
2023-10-10,14,BTC-231027-21000-P,BTCUSDT,P,231027-21000,25.0,30.0,25.0,30.0,3.12,3.12,30.0,35.0,6.73,9.8,,0.65106034,32.0,0.64296246,-0.02204681,1.393e-05,3.08691668,-5.9394618,73.94,2028191.4987096
2023-10-10,23,BTC-231027-21000-P,BTCUSDT,P,231027-21000,30.0,30.0,30.0,30.0,4.97,4.97,30.0,35.0,4.58,9.41,,0.65479577,32.0,0.64663768,-0.02219847,1.412e-05,3.06412371,-6.06543808,73.94,2025075.14843085
2023-10-10,11,BTC-231027-21000-C,BTCUSDT,C,231027-21000,6400.0,6400.0,6400.0,6400.0,0.0,0.0,6135.0,7185.0,3.29,2.99,,1.36238098,6590.0,0.75619049,0.95947411,1.949e-05,5.14584219,-11.55812155,6.73,185091.30582855
2023-10-10,14,BTC-231027-21000-C,BTCUSDT,C,231027-21000,6400.0,6400.0,6400.0,6400.0,0.0,0.0,6095.0,6975.0,4.65,2.82,,1.25261307,6493.0,0.70130653,0.96839264,1.726e-05,4.17107695,-8.75372018,6.73,184605.47452415
2023-10-10,16,BTC-231027-21000-P,BTCUSDT,P,231027-21000,30.0,30.0,30.0,30.0,4.97,4.97,25.0,30.0,17.2,3.6,,0.63575923,27.0,0.62675476,-0.01951315,1.292e-05,2.77580898,-5.23233167,73.94,2026554.45898433
2023-10-10,8,BTC-231027-21000-P,BTCUSDT,P,231027-21000,25.0,30.0,25.0,30.0,3.12,3.12,25.0,30.0,3.46,16.45,,0.64664304,27.0,0.63755512,-0.01888042,1.212e-05,2.75046414,-5.1702348,73.94,2046393.9260306
2023-10-10,0,BTC-231027-21000-P,BTCUSDT,P,231027-21000,25.0,25.0,25.0,25.0,0.0,0.0,30.0,35.0,0.01,13.48,,0.64822137,32.0,0.64018965,-0.02170493,1.351e-05,3.11234781,-5.76142125,73.93,2037796.22666917
2023-10-10,22,BTC-231027-21000-C,BTCUSDT,C,231027-21000,6400.0,6400.0,6400.0,6400.0,0.0,0.0,6245.0,6975.0,3.13,2.82,,1.26042366,6498.0,0.70521183,0.96905489,1.703e-05,4.05858412,-8.73941835,6.73,184720.95774796
2023-10-10,16,BTC-231027-21000-C,BTCUSDT,C,231027-21000,6400.0,6400.0,6400.0,6400.0,0.0,0.0,6285.0,6975.0,2.71,2.82,,1.26263618,6485.0,0.70631809,0.96765856,1.751e-05,4.238791,-9.00430884,6.73,184456.47158459
2023-10-10,6,BTC-231027-21000-P,BTCUSDT,P,231027-21000,25.0,30.0,25.0,30.0,3.12,3.12,20.0,25.0,25.2,7.68,,0.62543333,22.0,0.61514258,-0.01628748,1.106e-05,2.42860058,-4.38318226,73.94,2044819.66217793
2023-10-11,4,BTC-231027-21000-P,BTCUSDT,P,231027-21000,30.0,30.0,30.0,30.0,1.85,1.85,30.0,35.0,5.32,6.11,,0.63923657,32.0,0.63119918,-0.02303261,1.516e-05,3.11009013,-6.08708508,75.79,2056021.70038604
2023-10-11,12,BTC-231027-21000-C,BTCUSDT,C,231027-21000,6400.0,6400.0,6400.0,6400.0,0.0,0.0,5955.0,6670.0,2.92,2.89,,1.23133659,6218.0,0.6906683,0.96886953,1.798e-05,3.96471751,-8.67008766,6.73,182842.50295277
2023-10-11,10,BTC-231027-21000-C,BTCUSDT,C,231027-21000,6400.0,6400.0,6400.0,6400.0,0.0,0.0,6095.0,6805.0,3.02,2.97,,1.26194,6330.0,0.70597,0.96783133,1.795e-05,4.10072322,-9.11806447,6.73,183586.79362088
2023-10-11,7,BTC-231027-21000-C,BTCUSDT,C,231027-21000,6400.0,6400.0,6400.0,6400.0,0.0,0.0,5910.0,7065.0,2.88,2.6,,1.6069603,6120.0,0.775,0.94894875,2.392e-05,5.93229516,-14.36726694,6.73,181830.75394943
2023-10-11,3,BTC-231027-21000-P,BTCUSDT,P,231027-21000,30.0,30.0,30.0,30.0,1.85,1.85,30.0,35.0,3.45,5.44,,0.63036978,32.0,0.62241316,-0.02338633,1.562e-05,3.14182085,-6.04796671,75.79,2047885.19414287
2023-10-11,1,BTC-231027-21000-P,BTCUSDT,P,231027-21000,30.0,30.0,30.0,30.0,1.85,1.85,30.0,35.0,0.45,16.19,,0.65998137,32.0,0.65177172,-0.02205484,1.394e-05,3.04491972,-6.10643436,73.94,2028356.72617153
2023-10-11,19,BTC-231027-21000-C,BTCUSDT,C,231027-21000,6400.0,6400.0,6400.0,6400.0,0.0,0.0,5565.0,6330.0,2.8,2.88,,1.25161171,5828.0,0.70080585,0.96005284,2.227e-05,4.74743796,-10.7323543,6.73,180127.75562236
2023-10-11,15,BTC-231027-21000-C,BTCUSDT,C,231027-21000,6400.0,6400.0,6400.0,6400.0,0.0,0.0,5270.0,6370.0,4.34,2.55,,1.26065254,5855.0,0.70532627,0.95894298,2.249e-05,4.88458971,-10.995405,6.73,180294.45025717
2023-10-11,5,BTC-231027-21000-C,BTCUSDT,C,231027-21000,6400.0,6400.0,6400.0,6400.0,0.0,0.0,5910.0,7355.0,2.88,2.98,,1.74510956,6208.0,0.775,0.95069959,2.312e-05,5.80410175,-13.98396566,6.73,182441.62125824
2023-10-11,7,BTC-231027-21000-P,BTCUSDT,P,231027-21000,30.0,30.0,30.0,30.0,1.85,1.85,30.0,35.0,9.48,5.36,,0.63408077,32.0,0.62607944,-0.02336703,1.559e-05,3.12408223,-6.11225699,73.94,1997706.6786064
2023-10-11,4,BTC-231027-21000-C,BTCUSDT,C,231027-21000,6400.0,6400.0,6400.0,6400.0,0.0,0.0,5910.0,7425.0,3.28,2.89,,1.78263664,6219.0,0.775,0.95074108,2.307e-05,5.8099152,-13.9618017,6.73,182570.60355717
2023-10-11,21,BTC-231027-21000-P,BTCUSDT,P,231027-21000,35.0,35.0,35.0,35.0,0.45,0.45,35.0,40.0,5.78,6.5,,0.63784778,37.0,0.63055754,-0.02704871,1.802e-05,3.42912053,-7.01272272,74.37,1987745.50606593
2023-10-11,18,BTC-231027-21000-C,BTCUSDT,C,231027-21000,6400.0,6400.0,6400.0,6400.0,0.0,0.0,5485.0,6330.0,3.22,2.88,,1.29881859,5771.0,0.72440929,0.95339726,2.444e-05,5.36925232,-12.51324413,6.73,179688.9825835
2023-10-11,18,BTC-231027-21000-P,BTCUSDT,P,231027-21000,35.0,35.0,35.0,35.0,0.45,0.45,30.0,40.0,3.0,3.0,,0.6322366,34.0,0.61710775,-0.02579412,1.765e-05,3.30426704,-6.5600663,76.22,2035051.1519338
2023-10-11,11,BTC-231027-21000-P,BTCUSDT,P,231027-21000,30.0,35.0,30.0,35.0,2.27,2.27,30.0,35.0,5.82,8.13,,0.65058887,32.0,0.64242929,-0.02279836,1.486e-05,3.06363145,-6.21525836,74.36,2021936.09577148
2023-10-11,17,BTC-231027-21000-P,BTCUSDT,P,231027-21000,35.0,35.0,35.0,35.0,0.45,0.45,30.0,40.0,3.0,3.0,,0.62679589,34.0,0.61176419,-0.02601876,1.795e-05,3.32555963,-6.52766885,74.37,1981138.81649259
2023-10-11,19,BTC-231027-21000-P,BTCUSDT,P,231027-21000,35.0,35.0,35.0,35.0,0.45,0.45,35.0,40.0,5.59,9.17,,0.63885689,37.0,0.63156515,-0.02691199,1.785e-05,3.42827241,-6.98443798,74.37,1990505.37676593
2023-10-11,9,BTC-231027-21000-C,BTCUSDT,C,231027-21000,6400.0,6400.0,6400.0,6400.0,0.0,0.0,6055.0,6805.0,2.7,2.97,,1.25979424,6330.0,0.70489712,0.96786931,1.794e-05,4.10220139,-9.08364765,6.73,183432.47546044
2023-10-11,20,BTC-231027-21000-P,BTCUSDT,P,231027-21000,35.0,35.0,35.0,35.0,0.45,0.45,35.0,40.0,7.68,3.01,,0.63683987,37.0,0.62956065,-0.02705615,1.803e-05,3.43430073,-6.99331207,74.37,1987095.66975556
2023-10-11,13,BTC-231027-21000-C,BTCUSDT,C,231027-21000,6400.0,6400.0,6400.0,6400.0,0.0,0.0,5955.0,6670.0,2.92,2.89,,1.25121117,6197.0,0.70060558,0.96681664,1.872e-05,4.16997495,-9.2746209,6.73,182677.33470107
2023-10-11,6,BTC-231027-21000-C,BTCUSDT,C,231027-21000,6400.0,6400.0,6400.0,6400.0,0.0,0.0,5910.0,7065.0,2.88,2.6,,1.57852173,6166.0,0.775,0.94986904,2.35e-05,5.86479992,-14.16690906,6.73,182128.73098572
2023-10-11,15,BTC-231027-21000-P,BTCUSDT,P,231027-21000,35.0,35.0,35.0,35.0,0.45,0.45,40.0,45.0,5.17,19.98,,0.65080106,42.0,0.6440568,-0.0293361,1.869e-05,3.70654613,-7.61880147,74.37,1992347.43917175
2023-10-11,2,BTC-231027-21000-C,BTCUSDT,C,231027-21000,6400.0,6400.0,6400.0,6400.0,0.0,0.0,5910.0,7425.0,3.1,2.89,,1.78129196,6214.0,0.775,0.95020372,2.321e-05,5.87420817,-14.04372673,6.73,182507.75349233
2023-10-11,2,BTC-231027-21000-P,BTCUSDT,P,231027-21000,30.0,30.0,30.0,30.0,1.85,1.85,30.0,35.0,6.2,5.47,,0.63712358,32.0,0.62911063,-0.02305296,1.519e-05,3.11971424,-6.05442879,73.94,2005144.62009254
2023-10-11,20,BTC-231027-21000-C,BTCUSDT,C,231027-21000,6400.0,6400.0,6400.0,6400.0,0.0,0.0,5565.0,6330.0,2.8,2.88,,1.27803802,5799.0,0.71401901,0.95677951,2.336e-05,5.04657717,-11.65503833,6.73,179819.19937414
2023-10-11,10,BTC-231027-21000-P,BTCUSDT,P,231027-21000,30.0,35.0,30.0,35.0,2.27,2.27,30.0,35.0,6.5,20.11,,0.65580189,32.0,0.64760029,-0.02254341,1.454e-05,3.04778301,-6.21651569,74.36,2028456.75685716
2023-10-11,0,BTC-231027-21000-C,BTCUSDT,C,231027-21000,6400.0,6400.0,6400.0,6400.0,0.0,0.0,6255.0,6975.0,2.83,2.82,,1.2518692,6512.0,0.7009346,0.97035128,1.657e-05,3.90949663,-8.41012638,6.73,184820.35898679
2023-10-11,12,BTC-231027-21000-P,BTCUSDT,P,231027-21000,30.0,35.0,30.0,35.0,2.3,2.3,30.0,35.0,4.95,8.94,,0.64938366,32.0,0.64123183,-0.02288575,1.497e-05,3.06638261,-6.22562757,74.37,2020504.74659694
2023-10-11,8,BTC-231027-21000-C,BTCUSDT,C,231027-21000,6400.0,6400.0,6400.0,6400.0,0.0,0.0,5885.0,6600.0,2.75,2.54,,1.21154785,6155.0,0.68077393,0.96885558,1.819e-05,3.97794884,-8.48485185,6.73,182405.25263409
2023-10-11,23,BTC-231027-21000-C,BTCUSDT,C,231027-21000,6400.0,6400.0,6400.0,6400.0,0.0,0.0,5655.0,6330.0,3.04,2.88,,1.17399216,5922.0,0.66199608,0.97041023,1.845e-05,3.70592331,-7.99990712,6.73,180912.24401057
2023-10-11,1,BTC-231027-21000-C,BTCUSDT,C,231027-21000,6400.0,6400.0,6400.0,6400.0,0.0,0.0,6255.0,6975.0,2.83,2.82,,1.27207756,6491.0,0.71103878,0.96836134,1.727e-05,4.11643164,-9.00597061,6.73,184620.51348572
2023-10-11,17,BTC-231027-21000-C,BTCUSDT,C,231027-21000,6400.0,6400.0,6400.0,6400.0,0.0,0.0,5415.0,6330.0,3.17,2.88,,1.33426666,5726.0,0.74213333,0.94803602,2.604e-05,5.85217452,-13.93504988,6.73,179280.14300114
2023-10-11,13,BTC-231027-21000-P,BTCUSDT,P,231027-21000,30.0,35.0,30.0,35.0,2.3,2.3,30.0,35.0,10.15,6.83,,0.64835131,32.0,0.64020514,-0.02296626,1.508e-05,3.06857389,-6.23655666,76.22,2068895.46076008
2023-10-11,22,BTC-231027-21000-P,BTCUSDT,P,231027-21000,35.0,35.0,35.0,35.0,0.45,0.45,30.0,35.0,7.76,6.69,,0.62847078,32.0,0.62047064,-0.02418468,1.667e-05,3.12466238,-6.30490997,74.37,1991915.47571259
2023-10-11,3,BTC-231027-21000-C,BTCUSDT,C,231027-21000,6400.0,6400.0,6400.0,6400.0,0.0,0.0,5930.0,7425.0,2.88,2.89,,1.83526993,6117.0,0.775,0.9480065,2.415e-05,6.04917269,-14.49929531,6.73,181848.09812088
2023-10-11,21,BTC-231027-21000-C,BTCUSDT,C,231027-21000,6400.0,6400.0,6400.0,6400.0,0.0,0.0,5565.0,6330.0,2.8,2.88,,1.27851486,5801.0,0.71425743,0.95696885,2.33e-05,5.02228004,-11.63415615,6.73,179878.00532236
2023-10-11,5,BTC-231027-21000-P,BTCUSDT,P,231027-21000,30.0,30.0,30.0,30.0,1.85,1.85,30.0,35.0,8.48,6.24,,0.63929379,32.0,0.63125253,-0.0230661,1.52e-05,3.10869188,-6.10062652,75.79,2054569.16421425
2023-10-11,9,BTC-231027-21000-P,BTCUSDT,P,231027-21000,30.0,35.0,30.0,35.0,2.27,2.27,20.0,35.0,15.96,14.68,,0.65499365,26.0,0.6273818,-0.01961366,1.333e-05,2.71270613,-5.34628657,76.21,2077175.17902528
2023-10-11,14,BTC-231027-21000-P,BTCUSDT,P,231027-21000,30.0,35.0,30.0,35.0,2.3,2.3,30.0,35.0,19.0,8.36,,0.64521134,32.0,0.63708931,-0.0231379,1.53e-05,3.07778611,-6.24134702,74.37,2014391.86767023
2023-10-11,23,BTC-231027-21000-P,BTCUSDT,P,231027-21000,35.0,35.0,35.0,35.0,0.45,0.45,30.0,35.0,4.12,6.89,,0.63670039,32.0,0.62862426,-0.02385156,1.622e-05,3.09516398,-6.34465336,74.37,1999174.3814363
2023-10-11,11,BTC-231027-21000-C,BTCUSDT,C,231027-21000,6400.0,6400.0,6400.0,6400.0,0.0,0.0,6095.0,6805.0,3.02,2.97,,1.32041931,6264.0,0.73520966,0.96121246,2.018e-05,4.76034993,-11.05216634,6.73,182996.63696264
2023-10-11,14,BTC-231027-21000-C,BTCUSDT,C,231027-21000,6400.0,6400.0,6400.0,6400.0,0.0,0.0,5955.0,6670.0,2.92,2.89,,1.2901783,6154.0,0.72008915,0.96241208,2.024e-05,4.60368938,-10.55192889,6.73,182289.32727472
2023-10-11,16,BTC-231027-21000-P,BTCUSDT,P,231027-21000,35.0,35.0,35.0,35.0,0.45,0.45,35.0,40.0,20.4,4.33,,0.62973797,37.0,0.622527,-0.02724419,1.828e-05,3.46670379,-6.90596838,74.37,1985111.68814148
2023-10-11,8,BTC-231027-21000-P,BTCUSDT,P,231027-21000,30.0,30.0,30.0,30.0,1.85,1.85,30.0,35.0,6.95,7.6,,0.64132512,32.0,0.63325644,-0.0230863,1.523e-05,3.09816069,-6.14703532,73.94,2004018.48139147
2023-10-11,0,BTC-231027-21000-P,BTCUSDT,P,231027-21000,30.0,30.0,30.0,30.0,4.97,4.97,30.0,35.0,3.27,15.32,,0.66101491,32.0,0.65279961,-0.02197839,1.385e-05,3.04275137,-6.09607822,73.94,2030552.354158
2023-10-11,22,BTC-231027-21000-C,BTCUSDT,C,231027-21000,6400.0,6400.0,6400.0,6400.0,0.0,0.0,5565.0,6330.0,2.8,2.88,,1.2417984,5845.0,0.6958992,0.96203261,2.159e-05,4.54015856,-10.27476532,6.73,180255.36038114
2023-10-11,16,BTC-231027-21000-C,BTCUSDT,C,231027-21000,6400.0,6400.0,6400.0,6400.0,0.0,0.0,5540.0,6330.0,3.13,2.88,,1.3020134,5763.0,0.7260067,0.95241517,2.474e-05,5.47229989,-12.71335499,6.73,179639.6619765
2023-10-11,6,BTC-231027-21000-P,BTCUSDT,P,231027-21000,30.0,30.0,30.0,30.0,1.85,1.85,30.0,35.0,9.99,5.31,,0.63681304,32.0,0.62879026,-0.02321043,1.539e-05,3.11593236,-6.10680469,75.79,2051045.54552868
2023-10-12,4,BTC-231027-21000-P,BTCUSDT,P,231027-21000,35.0,35.0,35.0,35.0,0.45,0.45,35.0,40.0,3.66,11.13,,0.65139234,37.0,0.64397395,-0.02668322,1.755e-05,3.36982236,-7.17380543,76.22,2044471.44177891
2023-10-12,12,BTC-231027-21000-C,BTCUSDT,C,231027-21000,6400.0,6400.0,6400.0,6400.0,0.0,0.0,5625.0,6360.0,3.09,2.91,,1.25886917,5886.0,0.70443459,0.96393202,2.082e-05,4.27737681,-10.18522749,6.73,180531.23902088
2023-10-12,10,BTC-231027-21000-C,BTCUSDT,C,231027-21000,6400.0,6400.0,6400.0,6400.0,0.0,0.0,5585.0,6360.0,3.14,2.91,,1.30740166,5827.0,0.72870083,0.95728222,2.309e-05,4.9091069,-12.02442851,6.73,180095.15350987
2023-10-12,7,BTC-231027-21000-C,BTCUSDT,C,231027-21000,6400.0,6400.0,6400.0,6400.0,0.0,0.0,5720.0,6575.0,2.74,2.95,,1.43275261,5905.0,0.775,0.94877542,2.496e-05,5.71434482,-14.76204605,6.73,180416.86969673
2023-10-12,3,BTC-231027-21000-P,BTCUSDT,P,231027-21000,35.0,35.0,35.0,35.0,0.45,0.45,30.0,35.0,3.42,10.36,,0.63771129,32.0,0.62961251,-0.02396203,1.637e-05,3.08663444,-6.40675437,74.37,1996605.37915407
2023-10-12,1,BTC-231027-21000-P,BTCUSDT,P,231027-21000,35.0,35.0,35.0,35.0,0.45,0.45,30.0,35.0,6.44,3.0,,0.63067615,32.0,0.62264621,-0.0242014,1.669e-05,3.11319953,-6.35547681,74.37,1991633.87589556
2023-10-12,19,BTC-231027-21000-C,BTCUSDT,C,231027-21000,6400.0,6400.0,6400.0,6400.0,0.0,0.0,5510.0,6225.0,3.02,2.9,,1.24103546,5768.0,0.69551773,0.96448509,2.112e-05,4.16375678,-9.98608398,6.73,179805.26208793
2023-10-12,15,BTC-231027-21000-C,BTCUSDT,C,231027-21000,6400.0,6400.0,6400.0,6400.0,0.0,0.0,5490.0,6225.0,2.95,2.9,,1.26416206,5735.0,0.70708103,0.96060185,2.252e-05,4.55089226,-10.96993314,6.73,179533.4543978
2023-10-12,5,BTC-231027-21000-C,BTCUSDT,C,231027-21000,6400.0,6400.0,6400.0,6400.0,0.0,0.0,5720.0,6575.0,2.74,2.95,,1.38685226,5965.0,0.76842613,0.95126925,2.407e-05,5.52011092,-14.06119634,6.73,180838.11888572
2023-10-12,7,BTC-231027-21000-P,BTCUSDT,P,231027-21000,35.0,35.0,35.0,35.0,0.45,0.45,30.0,35.0,18.2,9.02,,0.63828409,32.0,0.63016683,-0.0240944,1.654e-05,3.07955722,-6.46877769,74.37,1993700.23764427
2023-10-12,4,BTC-231027-21000-C,BTCUSDT,C,231027-21000,6400.0,6400.0,6400.0,6400.0,0.0,0.0,5720.0,6615.0,2.74,3.01,,1.44931793,5918.0,0.775,0.94842122,2.499e-05,5.77214536,-14.7881297,6.73,180520.76624471
2023-10-12,21,BTC-231027-21000-P,BTCUSDT,P,231027-21000,35.0,35.0,25.0,25.0,5.0,5.0,25.0,30.0,10.95,3.04,,0.6304723,27.0,0.62133253,-0.02147591,1.556e-05,2.73490376,-5.89346809,79.37,2123771.31331212
2023-10-12,18,BTC-231027-21000-C,BTCUSDT,C,231027-21000,6400.0,6400.0,6400.0,6400.0,0.0,0.0,5500.0,6225.0,3.11,2.9,,1.27953529,5723.0,0.71476765,0.95937863,2.294e-05,4.64302364,-11.41093561,6.73,179410.9010978
2023-10-12,18,BTC-231027-21000-P,BTCUSDT,P,231027-21000,35.0,35.0,25.0,25.0,5.0,5.0,25.0,30.0,13.77,0.04,,0.61979473,27.0,0.61077625,-0.02180339,1.603e-05,2.77163636,-5.82068184,81.22,2165193.66822633
2023-10-12,11,BTC-231027-21000-P,BTCUSDT,P,231027-21000,35.0,35.0,35.0,35.0,0.03,0.03,30.0,35.0,4.62,20.6,,0.64404309,32.0,0.63586056,-0.02399726,1.642e-05,3.0551561,-6.54826436,74.37,1995870.98352825
2023-10-12,17,BTC-231027-21000-P,BTCUSDT,P,231027-21000,35.0,35.0,25.0,25.0,5.0,5.0,25.0,30.0,14.33,0.04,,0.61763465,27.0,0.6086421,-0.02185658,1.61e-05,2.77964875,-5.80049114,79.37,2114995.37241212
2023-10-12,19,BTC-231027-21000-P,BTCUSDT,P,231027-21000,35.0,35.0,25.0,25.0,5.0,5.0,25.0,30.0,14.59,0.04,,0.6251055,27.0,0.61602831,-0.02162086,1.577e-05,2.75381128,-5.84973913,79.37,2120526.54560455
2023-10-12,9,BTC-231027-21000-C,BTCUSDT,C,231027-21000,6400.0,6400.0,6400.0,6400.0,0.0,0.0,5585.0,6360.0,3.14,2.91,,1.31930351,5811.0,0.73465176,0.95543397,2.369e-05,5.08308192,-12.51718043,6.73,179800.91125384
2023-10-12,20,BTC-231027-21000-P,BTCUSDT,P,231027-21000,35.0,35.0,25.0,25.0,5.0,5.0,25.0,30.0,13.81,3.04,,0.62839329,27.0,0.61927855,-0.02152337,1.563e-05,2.74245516,-5.87322984,79.37,2122178.91561895
2023-10-12,13,BTC-231027-21000-C,BTCUSDT,C,231027-21000,6400.0,6400.0,6400.0,6400.0,0.0,0.0,5625.0,6360.0,3.09,2.91,,1.3073349,5833.0,0.72866745,0.9580748,2.284e-05,4.81638478,-11.89674598,6.73,180018.76727031
2023-10-12,6,BTC-231027-21000-C,BTCUSDT,C,231027-21000,6400.0,6400.0,6400.0,6400.0,0.0,0.0,5720.0,6575.0,2.74,2.95,,1.39229774,5961.0,0.77114887,0.95081073,2.42e-05,5.55275957,-14.23379829,6.73,180868.81508132
2023-10-12,15,BTC-231027-21000-P,BTCUSDT,P,231027-21000,35.0,35.0,25.0,25.0,5.0,5.0,30.0,35.0,5.03,14.6,,0.63447535,32.0,0.62636435,-0.02459162,1.721e-05,3.08193921,-6.58096134,79.37,2117320.99190985
2023-10-12,2,BTC-231027-21000-C,BTCUSDT,C,231027-21000,6400.0,6400.0,6400.0,6400.0,0.0,0.0,5720.0,6665.0,2.74,2.74,,1.42990112,5999.0,0.775,0.95007409,2.42e-05,5.65759458,-14.41523001,6.73,181087.29685293
2023-10-12,2,BTC-231027-21000-P,BTCUSDT,P,231027-21000,35.0,35.0,35.0,35.0,0.45,0.45,30.0,35.0,4.62,6.31,,0.64140916,32.0,0.63328117,-0.0237585,1.61e-05,3.07548189,-6.40321082,74.37,2001108.80638222
2023-10-12,20,BTC-231027-21000-C,BTCUSDT,C,231027-21000,6400.0,6400.0,6400.0,6400.0,0.0,0.0,5530.0,6225.0,3.25,2.9,,1.2201786,5792.0,0.6850893,0.96721615,2.008e-05,3.89743132,-9.23372807,6.73,179945.37107365
2023-10-12,10,BTC-231027-21000-P,BTCUSDT,P,231027-21000,35.0,35.0,35.0,35.0,0.03,0.03,30.0,35.0,3.0,23.74,,0.6366396,32.0,0.62852651,-0.02428884,1.68e-05,3.08120511,-6.50963894,74.37,1990145.10646794
2023-10-12,0,BTC-231027-21000-C,BTCUSDT,C,231027-21000,6400.0,6400.0,6400.0,6400.0,0.0,0.0,5655.0,6330.0,3.04,2.88,,1.23220444,5859.0,0.69110222,0.9637045,2.1e-05,4.3671998,-9.8687058,6.73,180397.75451293
2023-10-12,12,BTC-231027-21000-P,BTCUSDT,P,231027-21000,35.0,35.0,30.0,30.0,0.04,0.04,25.0,30.0,0.01,11.11,,0.6279254,27.0,0.61884612,-0.02125239,1.525e-05,2.75306423,-5.75905953,74.41,1996037.07214617
2023-10-12,8,BTC-231027-21000-C,BTCUSDT,C,231027-21000,6400.0,6400.0,6400.0,6400.0,0.0,0.0,5585.0,6360.0,3.14,2.91,,1.27088547,5865.0,0.71044273,0.96148584,2.168e-05,4.53380582,-10.7665969,6.73,180402.03115604
2023-10-12,23,BTC-231027-21000-C,BTCUSDT,C,231027-21000,6400.0,6400.0,6400.0,6400.0,0.0,0.0,5550.0,6225.0,2.72,2.9,,1.21238708,5806.0,0.68119354,0.9687887,1.946e-05,3.72854262,-8.85996665,6.73,180111.44898459
2023-10-12,1,BTC-231027-21000-C,BTCUSDT,C,231027-21000,6400.0,6400.0,6400.0,6400.0,0.0,0.0,5655.0,6330.0,3.04,2.88,,1.25017166,5841.0,0.70008583,0.96167267,2.172e-05,4.55580131,-10.45721155,6.73,180229.87743414
2023-10-12,17,BTC-231027-21000-C,BTCUSDT,C,231027-21000,6400.0,6400.0,6400.0,6400.0,0.0,0.0,5420.0,6225.0,3.22,2.9,,1.28898621,5711.0,0.7194931,0.95787587,2.345e-05,4.78571884,-11.80556217,6.73,179336.25874176
2023-10-12,13,BTC-231027-21000-P,BTCUSDT,P,231027-21000,35.0,35.0,30.0,30.0,0.04,0.04,20.0,25.0,6.08,2.8,,0.60559213,22.0,0.59533149,-0.01848225,1.414e-05,2.43591914,-4.91585842,76.26,2039856.04636465
2023-10-12,22,BTC-231027-21000-P,BTCUSDT,P,231027-21000,35.0,35.0,25.0,25.0,5.0,5.0,25.0,30.0,13.07,0.04,,0.63108504,27.0,0.62193513,-0.02148803,1.558e-05,2.73186583,-5.90971117,79.37,2123207.64676061
2023-10-12,3,BTC-231027-21000-C,BTCUSDT,C,231027-21000,6400.0,6400.0,6400.0,6400.0,0.0,0.0,5720.0,6615.0,2.74,3.01,,1.43122673,5943.0,0.775,0.94885196,2.476e-05,5.74720783,-14.68378901,6.73,180679.76605764
2023-10-12,21,BTC-231027-21000-C,BTCUSDT,C,231027-21000,6400.0,6400.0,6400.0,6400.0,0.0,0.0,5530.0,6225.0,3.25,2.9,,1.21058464,5805.0,0.68029232,0.9685541,1.956e-05,3.76228457,-8.87670953,6.73,180080.39484176
2023-10-12,5,BTC-231027-21000-P,BTCUSDT,P,231027-21000,35.0,35.0,35.0,35.0,0.45,0.45,30.0,35.0,6.8,7.67,,0.64168394,32.0,0.63354313,-0.02386355,1.624e-05,3.07072972,-6.44896654,76.22,2048065.59011439
2023-10-12,9,BTC-231027-21000-P,BTCUSDT,P,231027-21000,35.0,35.0,35.0,35.0,0.03,0.03,25.0,30.0,7.19,4.17,,0.61797321,27.0,0.60900688,-0.02155192,1.567e-05,2.78778481,-5.69087871,74.37,1986893.57651527
2023-10-12,14,BTC-231027-21000-P,BTCUSDT,P,231027-21000,35.0,35.0,25.0,25.0,5.0,5.0,25.0,30.0,7.83,2.73,,0.61944723,27.0,0.61044723,-0.02167112,1.584e-05,2.77736657,-5.76351633,79.37,2118558.45742954
2023-10-12,23,BTC-231027-21000-P,BTCUSDT,P,231027-21000,35.0,35.0,25.0,25.0,5.0,5.0,25.0,30.0,12.94,0.04,,0.63247681,27.0,0.62330872,-0.0214688,1.555e-05,2.72644855,-5.92820156,81.22,2173648.1257843
2023-10-12,11,BTC-231027-21000-C,BTCUSDT,C,231027-21000,6400.0,6400.0,6400.0,6400.0,0.0,0.0,5625.0,6360.0,3.09,2.91,,1.25114441,5892.0,0.7005722,0.96463492,2.056e-05,4.21614719,-9.95633673,6.73,180613.30804283
2023-10-12,14,BTC-231027-21000-C,BTCUSDT,C,231027-21000,6400.0,6400.0,6400.0,6400.0,0.0,0.0,5480.0,6225.0,2.81,2.9,,1.24349594,5756.0,0.69674797,0.96298247,2.166e-05,4.3357595,-10.26944788,6.73,179638.3824934
2023-10-12,16,BTC-231027-21000-P,BTCUSDT,P,231027-21000,35.0,35.0,25.0,25.0,5.0,5.0,25.0,30.0,11.25,2.66,,0.61923683,27.0,0.61023176,-0.02175297,1.596e-05,2.77572709,-5.79089053,79.37,2117439.49742499
2023-10-12,8,BTC-231027-21000-P,BTCUSDT,P,231027-21000,35.0,35.0,35.0,35.0,0.45,0.45,30.0,35.0,6.08,11.12,,0.63860118,32.0,0.63047767,-0.02412015,1.658e-05,3.07720746,-6.48504428,74.37,1993536.26405267
2023-10-12,0,BTC-231027-21000-P,BTCUSDT,P,231027-21000,35.0,35.0,35.0,35.0,0.45,0.45,30.0,35.0,6.56,7.76,,0.63160837,32.0,0.62357366,-0.02411977,1.658e-05,3.11127331,-6.34367287,76.22,2043078.28365163
2023-10-12,22,BTC-231027-21000-C,BTCUSDT,C,231027-21000,6400.0,6400.0,6400.0,6400.0,0.0,0.0,5550.0,6225.0,2.72,2.9,,1.21526718,5801.0,0.68263359,0.96823667,1.968e-05,3.78762341,-8.99324135,6.73,180032.60000881
2023-10-12,16,BTC-231027-21000-C,BTCUSDT,C,231027-21000,6400.0,6400.0,6400.0,6400.0,0.0,0.0,5540.0,6225.0,3.16,2.9,,1.26502991,5736.0,0.70751495,0.96074235,2.247e-05,4.53145395,-10.96091929,6.73,179543.50280547
2023-10-12,6,BTC-231027-21000-P,BTCUSDT,P,231027-21000,35.0,35.0,35.0,35.0,0.45,0.45,30.0,35.0,19.51,4.68,,0.64214528,32.0,0.63399732,-0.0238825,1.626e-05,3.0679118,-6.46552809,74.37,1998694.46918244
2023-10-13,4,BTC-231027-21000-P,BTCUSDT,P,231027-21000,35.0,35.0,25.0,25.0,5.04,5.04,25.0,30.0,12.73,1.84,,0.64069569,27.0,0.63142359,-0.02132654,1.535e-05,2.6958791,-6.02562927,79.37,2127383.01463483
2023-10-13,12,BTC-231027-21000-C,BTCUSDT,C,231027-21000,6400.0,6400.0,6400.0,6400.0,0.0,0.0,5725.0,6335.0,3.23,2.84,,1.20056152,5964.0,0.67528076,0.97501731,1.652e-05,3.0576363,-7.48553922,6.73,181192.27589119
2023-10-13,10,BTC-231027-21000-C,BTCUSDT,C,231027-21000,6400.0,6400.0,6400.0,6400.0,0.0,0.0,5645.0,6410.0,2.71,2.9,,1.37863159,5854.0,0.7643158,0.95596427,2.334e-05,4.86322216,-13.39471861,6.73,180215.13166044
2023-10-13,7,BTC-231027-21000-C,BTCUSDT,C,231027-21000,6400.0,6400.0,6400.0,6400.0,0.0,0.0,5350.0,6465.0,2.8,3.01,,1.34983063,5941.0,0.74991531,0.96019348,2.175e-05,4.51779901,-12.09987092,6.73,180818.62998899
2023-10-13,3,BTC-231027-21000-P,BTCUSDT,P,231027-21000,35.0,35.0,25.0,25.0,5.04,5.04,25.0,30.0,13.56,1.84,,0.63788891,27.0,0.62864989,-0.02140075,1.546e-05,2.70543614,-6.00272028,79.37,2125476.08519111
2023-10-13,1,BTC-231027-21000-P,BTCUSDT,P,231027-21000,35.0,35.0,25.0,25.0,5.0,5.0,25.0,30.0,7.79,4.88,,0.63698947,27.0,0.62776744,-0.02136206,1.54e-05,2.71046393,-5.97031449,79.37,2126659.02068332
2023-10-13,19,BTC-231027-21000-C,BTCUSDT,C,231027-21000,6400.0,6400.0,6400.0,6400.0,0.0,0.0,5585.0,6305.0,3.06,2.85,,1.30654335,5835.0,0.72827168,0.96453126,2.083e-05,4.02326131,-10.85194348,6.73,180234.32251428
2023-10-13,15,BTC-231027-21000-C,BTCUSDT,C,231027-21000,6400.0,6400.0,6400.0,6400.0,0.0,0.0,5555.0,6305.0,3.01,2.85,,1.35099411,5778.0,0.75049706,0.95804644,2.309e-05,4.62923967,-12.71058949,6.73,179736.92374503
2023-10-13,5,BTC-231027-21000-C,BTCUSDT,C,231027-21000,6400.0,6400.0,6400.0,6400.0,0.0,0.0,5605.0,6565.0,2.95,2.9,,1.46288872,5904.0,0.775,0.95385588,2.369e-05,5.09574528,-14.02082609,6.73,180512.86833956
2023-10-13,7,BTC-231027-21000-P,BTCUSDT,P,231027-21000,35.0,35.0,25.0,35.0,13.52,13.52,25.0,30.0,2.9,13.0,,0.64911664,27.0,0.63974619,-0.02110868,1.505e-05,2.66761363,-6.09497944,85.89,2307654.1054613
2023-10-13,4,BTC-231027-21000-C,BTCUSDT,C,231027-21000,6400.0,6400.0,6400.0,6400.0,0.0,0.0,5605.0,6565.0,2.95,2.9,,1.4714241,5889.0,0.775,0.95324634,2.392e-05,5.1541674,-14.1397397,6.73,180386.64090327
2023-10-13,21,BTC-231027-21000-P,BTCUSDT,P,231027-21000,25.0,35.0,25.0,25.0,97.04,97.04,20.0,30.0,12.01,2.67,,0.67485034,24.0,0.65415204,-0.01911732,1.375e-05,2.41388014,-5.88463322,176.26,4763475.95648318
2023-10-13,18,BTC-231027-21000-C,BTCUSDT,C,231027-21000,6400.0,6400.0,6400.0,6400.0,0.0,0.0,5585.0,6305.0,3.06,2.85,,1.32793427,5810.0,0.73896713,0.96172758,2.183e-05,4.28310773,-11.68642388,6.73,179995.45336704
2023-10-13,18,BTC-231027-21000-P,BTCUSDT,P,231027-21000,25.0,35.0,25.0,25.0,97.04,97.04,20.0,25.0,12.01,3.0,,0.63087165,22.0,0.62017739,-0.01852274,1.42e-05,2.33709877,-5.35168457,174.41,4664637.00174536
2023-10-13,11,BTC-231027-21000-P,BTCUSDT,P,231027-21000,35.0,35.0,25.0,35.0,13.52,13.52,20.0,25.0,6.14,2.82,,0.62985957,22.0,0.61920971,-0.01832411,1.39e-05,2.34681105,-5.25241073,85.89,2303611.09326916
2023-10-13,17,BTC-231027-21000-P,BTCUSDT,P,231027-21000,25.0,35.0,25.0,25.0,97.04,97.04,20.0,25.0,17.27,3.0,,0.63142836,22.0,0.62073171,-0.01846946,1.412e-05,2.33662,-5.33894317,174.41,4669141.49456566
2023-10-13,19,BTC-231027-21000-P,BTCUSDT,P,231027-21000,25.0,35.0,25.0,25.0,97.04,97.04,20.0,25.0,17.27,13.0,,0.63434064,22.0,0.62359929,-0.01843601,1.407e-05,2.32689462,-5.37425404,176.26,4720371.72159975
2023-10-13,9,BTC-231027-21000-C,BTCUSDT,C,231027-21000,6400.0,6400.0,6400.0,6400.0,0.0,0.0,5645.0,6410.0,2.71,2.9,,1.40289307,5824.0,0.775,0.95278767,2.434e-05,5.14371701,-14.32231389,6.73,180051.49947585
2023-10-13,20,BTC-231027-21000-P,BTCUSDT,P,231027-21000,25.0,35.0,25.0,25.0,97.04,97.04,20.0,25.0,12.01,3.0,,0.65105498,22.0,0.6401065,-0.01790466,1.329e-05,2.282782,-5.4286898,174.41,4701736.36728307
2023-10-13,13,BTC-231027-21000-C,BTCUSDT,C,231027-21000,6400.0,6400.0,6400.0,6400.0,0.0,0.0,5725.0,6335.0,3.23,2.84,,1.2625885,5902.0,0.70629425,0.96875173,1.912e-05,3.66845746,-9.42184812,6.73,180799.25202635
2023-10-13,6,BTC-231027-21000-C,BTCUSDT,C,231027-21000,6400.0,6400.0,6400.0,6400.0,0.0,0.0,5625.0,6390.0,2.98,2.77,,1.33290291,5874.0,0.74145145,0.96009152,2.206e-05,4.5226638,-11.94065123,6.73,180417.22098793
2023-10-13,15,BTC-231027-21000-P,BTCUSDT,P,231027-21000,25.0,35.0,25.0,25.0,97.04,97.04,20.0,25.0,17.27,3.0,,0.62478364,22.0,0.61417758,-0.01863537,1.436e-05,2.35648372,-5.29499362,176.26,4707344.75175319
2023-10-13,2,BTC-231027-21000-C,BTCUSDT,C,231027-21000,6400.0,6400.0,6400.0,6400.0,0.0,0.0,5595.0,6565.0,3.21,2.9,,1.46469116,5893.0,0.775,0.95289635,2.399e-05,5.2010814,-14.18475589,6.73,180423.46213849
2023-10-13,2,BTC-231027-21000-P,BTCUSDT,P,231027-21000,35.0,35.0,25.0,25.0,5.04,5.04,25.0,30.0,7.84,10.27,,0.63911021,27.0,0.62986255,-0.02131477,1.534e-05,2.7029338,-5.9911157,79.37,2127817.26447729
2023-10-13,20,BTC-231027-21000-C,BTCUSDT,C,231027-21000,6400.0,6400.0,6400.0,6400.0,0.0,0.0,5645.0,6305.0,4.7,2.85,,1.14225388,6000.0,0.64612694,0.98126831,1.368e-05,2.37231315,-5.69466543,6.73,181427.0153765
2023-10-13,10,BTC-231027-21000-P,BTCUSDT,P,231027-21000,35.0,35.0,25.0,35.0,13.52,13.52,20.0,25.0,9.89,15.57,,0.62560439,22.0,0.61501056,-0.01843966,1.407e-05,2.35927182,-5.22874188,85.89,2299952.10376155
2023-10-13,0,BTC-231027-21000-C,BTCUSDT,C,231027-21000,6400.0,6400.0,6400.0,6400.0,0.0,0.0,5640.0,6225.0,3.09,2.9,,1.15854263,5864.0,0.65427132,0.9748256,1.692e-05,3.12095836,-7.14385497,6.73,180521.28231868
2023-10-13,12,BTC-231027-21000-P,BTCUSDT,P,231027-21000,25.0,35.0,25.0,35.0,13.48,13.48,20.0,25.0,5.89,9.22,,0.63942134,22.0,0.62865078,-0.01802949,1.347e-05,2.3205315,-5.28871078,87.74,2362230.35463497
2023-10-13,8,BTC-231027-21000-C,BTCUSDT,C,231027-21000,6400.0,6400.0,6400.0,6400.0,0.0,0.0,5645.0,6410.0,2.71,2.9,,1.36089325,5869.0,0.75544662,0.95765749,2.28e-05,4.72917042,-12.79749088,6.73,180349.08010767
2023-10-13,23,BTC-231027-21000-C,BTCUSDT,C,231027-21000,6400.0,6400.0,6400.0,6400.0,0.0,0.0,5645.0,6690.0,3.17,2.9,,1.57543182,5932.0,0.775,0.95873638,2.221e-05,4.53738516,-13.18676417,6.73,180778.60600471
2023-10-13,1,BTC-231027-21000-C,BTCUSDT,C,231027-21000,6400.0,6400.0,6400.0,6400.0,0.0,0.0,5595.0,6575.0,3.21,2.75,,1.47982597,5880.0,0.775,0.95231775,2.42e-05,5.25698398,-14.2952957,6.73,180325.25147031
2023-10-13,17,BTC-231027-21000-C,BTCUSDT,C,231027-21000,6400.0,6400.0,6400.0,6400.0,0.0,0.0,5585.0,6305.0,3.06,2.85,,1.31164551,5825.0,0.73082275,0.96341552,2.123e-05,4.13748109,-11.13041503,6.73,180169.26929893
2023-10-13,13,BTC-231027-21000-P,BTCUSDT,P,231027-21000,25.0,35.0,25.0,35.0,13.48,13.48,20.0,25.0,7.39,11.11,,0.63458025,22.0,0.62386394,-0.01822711,1.376e-05,2.33226195,-5.29095599,85.89,2307406.79889202
2023-10-13,22,BTC-231027-21000-P,BTCUSDT,P,231027-21000,25.0,35.0,25.0,25.0,97.04,97.04,20.0,30.0,12.01,2.67,,0.66051185,24.0,0.6401211,-0.01965453,1.451e-05,2.45031765,-5.86354645,176.26,4728379.66664
2023-10-13,3,BTC-231027-21000-C,BTCUSDT,C,231027-21000,6400.0,6400.0,6400.0,6400.0,0.0,0.0,5605.0,6565.0,2.95,2.9,,1.48429871,5867.0,0.775,0.95246422,2.422e-05,5.22631774,-14.2955045,6.73,180224.94712531
2023-10-13,21,BTC-231027-21000-C,BTCUSDT,C,231027-21000,6400.0,6400.0,6400.0,6400.0,0.0,0.0,5835.0,6700.0,2.95,2.78,,1.47265434,6084.0,0.775,0.96168209,2.073e-05,4.3106532,-12.45001249,6.73,181880.13835886
2023-10-13,5,BTC-231027-21000-P,BTCUSDT,P,231027-21000,35.0,35.0,25.0,35.0,13.52,13.52,30.0,35.0,7.93,5.87,,0.65972626,32.0,0.65133989,-0.0240511,1.649e-05,2.98083026,-6.89301321,85.89,2303751.89623845
2023-10-13,9,BTC-231027-21000-P,BTCUSDT,P,231027-21000,35.0,35.0,25.0,35.0,13.52,13.52,25.0,30.0,2.93,19.61,,0.64022779,27.0,0.6309405,-0.02153448,1.565e-05,2.69142046,-6.101047,85.89,2297863.78751572
2023-10-13,14,BTC-231027-21000-P,BTCUSDT,P,231027-21000,25.0,35.0,25.0,35.0,8.52,8.52,20.0,25.0,4.06,17.98,,0.62759936,22.0,0.61696351,-0.01850254,1.417e-05,2.34988701,-5.28799989,87.74,2346675.79779322
2023-10-13,23,BTC-231027-21000-P,BTCUSDT,P,231027-21000,25.0,35.0,25.0,25.0,97.04,97.04,20.0,25.0,12.01,5.92,,0.64494431,22.0,0.63405514,-0.01820947,1.373e-05,2.29531617,-5.45758404,174.41,4684932.64090374
2023-10-13,11,BTC-231027-21000-C,BTCUSDT,C,231027-21000,6400.0,6400.0,6400.0,6400.0,0.0,0.0,5645.0,6335.0,2.89,2.84,,1.28629684,5873.0,0.71814842,0.96559799,2.032e-05,3.97782889,-10.32531017,6.73,180501.83557692
2023-10-13,14,BTC-231027-21000-C,BTCUSDT,C,231027-21000,6400.0,6400.0,6400.0,6400.0,0.0,0.0,5465.0,6305.0,4.64,2.85,,1.31449699,5816.0,0.7322485,0.96229127,2.163e-05,4.25868069,-11.37413946,6.73,179999.18075163
2023-10-13,16,BTC-231027-21000-P,BTCUSDT,P,231027-21000,25.0,35.0,25.0,25.0,97.04,97.04,20.0,25.0,12.01,13.0,,0.63254297,22.0,0.62183768,-0.01839714,1.401e-05,2.33466621,-5.32764102,174.41,4673469.31580451
2023-10-13,8,BTC-231027-21000-P,BTCUSDT,P,231027-21000,35.0,35.0,25.0,35.0,13.52,13.52,25.0,30.0,4.7,18.14,,0.64390302,27.0,0.63458204,-0.02135047,1.539e-05,2.68171487,-6.09588067,87.74,2351237.48716896
2023-10-13,0,BTC-231027-21000-P,BTCUSDT,P,231027-21000,35.0,35.0,25.0,25.0,5.0,5.0,25.0,30.0,8.88,4.88,,0.63887298,27.0,0.62963545,-0.02125003,1.525e-05,2.70595297,-5.96068529,81.22,2178594.1381758
2023-10-13,22,BTC-231027-21000-C,BTCUSDT,C,231027-21000,6400.0,6400.0,6400.0,6400.0,0.0,0.0,5275.0,6690.0,1.5,2.9,,1.59326553,5903.0,0.775,0.95781089,2.26e-05,4.62142608,-13.38916678,6.73,180540.08372
2023-10-13,16,BTC-231027-21000-C,BTCUSDT,C,231027-21000,6400.0,6400.0,6400.0,6400.0,0.0,0.0,5585.0,6305.0,3.06,2.85,,1.2898159,5846.0,0.71990795,0.96571561,2.039e-05,3.9327726,-10.38984169,6.73,180336.26796264
2023-10-13,6,BTC-231027-21000-P,BTCUSDT,P,231027-21000,35.0,35.0,25.0,35.0,13.52,13.52,30.0,35.0,5.18,3.0,,0.65958619,32.0,0.65119773,-0.02409965,1.655e-05,2.97994105,-6.90989644,87.74,2352125.84984853
2023-10-14,4,BTC-231027-21000-P,BTCUSDT,P,231027-21000,30.0,35.0,25.0,30.0,104.98,104.98,20.0,30.0,0.01,3.16,,0.67323625,24.0,0.65250933,-0.01942819,1.419e-05,2.4105588,-5.99204085,182.38,4906939.04955219
2023-10-14,12,BTC-231027-21000-C,BTCUSDT,C,231027-21000,6400.0,6400.0,6400.0,6400.0,0.0,0.0,5685.0,6860.0,2.93,2.65,,1.7210865,5955.0,0.775,0.96225489,2.107e-05,4.13823429,-12.53600785,6.73,180992.37930822
2023-10-14,10,BTC-231027-21000-C,BTCUSDT,C,231027-21000,6400.0,6400.0,6400.0,6400.0,0.0,0.0,5685.0,6860.0,2.93,2.65,,1.72485352,5942.0,0.775,0.96150095,2.135e-05,4.21686857,-12.69153477,6.73,180911.3223965
2023-10-14,7,BTC-231027-21000-C,BTCUSDT,C,231027-21000,6400.0,6400.0,6400.0,6400.0,0.0,0.0,5765.0,6640.0,2.92,2.88,,1.55343056,5931.0,0.775,0.9605662,2.168e-05,4.31881431,-12.87337736,6.73,180777.1159035
2023-10-14,3,BTC-231027-21000-P,BTCUSDT,P,231027-21000,30.0,35.0,25.0,30.0,104.98,104.98,20.0,30.0,12.01,3.16,,0.67395866,24.0,0.65322459,-0.01936613,1.41e-05,2.40977484,-5.97768149,182.38,4911805.52727679
2023-10-14,1,BTC-231027-21000-P,BTCUSDT,P,231027-21000,25.0,35.0,25.0,30.0,105.02,105.02,20.0,30.0,12.01,0.69,,0.67073047,24.0,0.6500864,-0.01940454,1.415e-05,2.42024881,-5.93724328,182.38,4908597.93512
2023-10-14,19,BTC-231027-21000-C,BTCUSDT,C,231027-21000,6400.0,6400.0,6400.0,6400.0,0.0,0.0,5725.0,6640.0,3.14,2.56,,1.58486366,5924.0,0.775,0.96319059,2.09e-05,4.00346691,-12.41073593,6.73,180801.9060565
2023-10-14,15,BTC-231027-21000-C,BTCUSDT,C,231027-21000,6400.0,6400.0,6400.0,6400.0,0.0,0.0,5725.0,6640.0,3.14,2.56,,1.51929855,6002.0,0.775,0.96394781,2.035e-05,3.97374795,-12.15652046,6.73,181302.33222943
2023-10-14,5,BTC-231027-21000-C,BTCUSDT,C,231027-21000,6400.0,6400.0,6400.0,6400.0,0.0,0.0,5765.0,6640.0,2.92,2.88,,1.53384209,5953.0,0.775,0.96059624,2.158e-05,4.33343908,-12.83469674,6.73,180963.44030822
2023-10-14,7,BTC-231027-21000-P,BTCUSDT,P,231027-21000,25.0,35.0,25.0,30.0,96.5,96.5,20.0,25.0,12.01,5.54,,0.65342963,22.0,0.64239889,-0.01820045,1.372e-05,2.26576652,-5.59817159,184.23,4948672.81766748
2023-10-14,4,BTC-231027-21000-C,BTCUSDT,C,231027-21000,6400.0,6400.0,6400.0,6400.0,0.0,0.0,5765.0,6640.0,2.92,2.88,,1.51651382,5974.0,0.775,0.96084747,2.141e-05,4.32130325,-12.75812214,6.73,181070.8400235
2023-10-14,21,BTC-231027-21000-P,BTCUSDT,P,231027-21000,25.0,35.0,25.0,30.0,7.98,7.98,20.0,25.0,10.93,6.17,,0.66487849,22.0,0.65363705,-0.01832225,1.39e-05,2.22326322,-5.85183569,184.23,4941244.21188047
2023-10-14,18,BTC-231027-21000-C,BTCUSDT,C,231027-21000,6400.0,6400.0,6400.0,6400.0,0.0,0.0,5725.0,6640.0,3.14,2.56,,1.57752037,5931.0,0.775,0.96311319,2.09e-05,4.01805163,-12.41456667,6.73,180841.43570114
2023-10-14,18,BTC-231027-21000-P,BTCUSDT,P,231027-21000,25.0,35.0,25.0,30.0,7.98,7.98,20.0,25.0,9.95,6.17,,0.66574872,22.0,0.65451235,-0.01818454,1.37e-05,2.22429489,-5.80396196,182.38,4900722.29467679
2023-10-14,11,BTC-231027-21000-P,BTCUSDT,P,231027-21000,25.0,35.0,25.0,30.0,96.5,96.5,20.0,25.0,10.81,3.7,,0.65820754,22.0,0.64709902,-0.01818234,1.369e-05,2.24984787,-5.67223261,184.23,4950682.81952093
2023-10-14,17,BTC-231027-21000-P,BTCUSDT,P,231027-21000,25.0,35.0,25.0,30.0,7.98,7.98,20.0,25.0,0.01,6.17,,0.66616356,22.0,0.65492749,-0.01813508,1.362e-05,2.22434164,-5.78853439,182.38,4904421.45457701
2023-10-14,19,BTC-231027-21000-P,BTCUSDT,P,231027-21000,25.0,35.0,25.0,30.0,7.98,7.98,20.0,25.0,10.37,6.17,,0.66628993,22.0,0.65504134,-0.0182031,1.372e-05,2.22196198,-5.82190239,182.38,4899651.05892781
2023-10-14,9,BTC-231027-21000-C,BTCUSDT,C,231027-21000,6400.0,6400.0,6400.0,6400.0,0.0,0.0,5665.0,7015.0,3.28,3.01,,1.8372345,5943.0,0.775,0.961301,2.141e-05,4.24169578,-12.72507594,6.73,180872.88756712
2023-10-14,20,BTC-231027-21000-P,BTCUSDT,P,231027-21000,25.0,35.0,25.0,30.0,7.98,7.98,20.0,25.0,9.45,6.17,,0.66584051,22.0,0.65459251,-0.01825414,1.38e-05,2.22199824,-5.83746647,182.38,4896138.25317898
2023-10-14,13,BTC-231027-21000-C,BTCUSDT,C,231027-21000,6400.0,6400.0,6400.0,6400.0,0.0,0.0,5685.0,6650.0,2.93,2.68,,1.54899597,5967.0,0.775,0.96273984,2.087e-05,4.09002437,-12.43045494,6.73,181069.25332707
2023-10-14,6,BTC-231027-21000-C,BTCUSDT,C,231027-21000,6400.0,6400.0,6400.0,6400.0,0.0,0.0,5765.0,6640.0,2.92,2.88,,1.55213356,5930.0,0.775,0.96030791,2.176e-05,4.34847339,-12.92037272,6.73,180795.67249293
2023-10-14,15,BTC-231027-21000-P,BTCUSDT,P,231027-21000,25.0,35.0,25.0,30.0,7.98,7.98,20.0,25.0,0.01,6.17,,0.66838562,22.0,0.65713286,-0.01799172,1.342e-05,2.22107914,-5.761353,182.38,4913212.38514161
2023-10-14,2,BTC-231027-21000-C,BTCUSDT,C,231027-21000,6400.0,6400.0,6400.0,6400.0,0.0,0.0,5715.0,6640.0,3.11,2.88,,1.51314735,5973.0,0.775,0.96036898,2.156e-05,4.37771544,-12.84312869,6.73,181091.13057764
2023-10-14,2,BTC-231027-21000-P,BTCUSDT,P,231027-21000,30.0,35.0,25.0,30.0,104.98,104.98,20.0,30.0,12.01,0.69,,0.6709379,24.0,0.65028012,-0.01943408,1.42e-05,2.41863539,-5.95377589,184.23,4957268.79440107
2023-10-14,20,BTC-231027-21000-C,BTCUSDT,C,231027-21000,6400.0,6400.0,6400.0,6400.0,0.0,0.0,5725.0,6610.0,3.14,3.04,,1.57579422,5905.0,0.775,0.963018,2.103e-05,4.00929704,-12.4703772,6.73,180672.28009592
2023-10-14,10,BTC-231027-21000-P,BTCUSDT,P,231027-21000,25.0,35.0,25.0,30.0,96.5,96.5,20.0,25.0,11.59,6.7,,0.65764129,22.0,0.6465441,-0.01816581,1.367e-05,2.25226336,-5.65509232,184.23,4952346.64563252
2023-10-14,0,BTC-231027-21000-C,BTCUSDT,C,231027-21000,6400.0,6400.0,6400.0,6400.0,0.0,0.0,5685.0,6640.0,2.87,2.88,,1.51753426,5962.0,0.775,0.9596426,2.182e-05,4.45457221,-12.98667256,6.73,180984.67860471
2023-10-14,12,BTC-231027-21000-P,BTCUSDT,P,231027-21000,25.0,35.0,25.0,30.0,96.5,96.5,20.0,25.0,10.28,9.17,,0.66100001,22.0,0.64985216,-0.01812576,1.361e-05,2.24198505,-5.69494788,182.38,4904812.79914299
2023-10-14,8,BTC-231027-21000-C,BTCUSDT,C,231027-21000,6400.0,6400.0,6400.0,6400.0,0.0,0.0,5645.0,6985.0,2.94,2.9,,1.81994438,5931.0,0.775,0.96080413,2.161e-05,4.29083784,-12.83111133,6.73,180807.38981886
2023-10-14,23,BTC-231027-21000-C,BTCUSDT,C,231027-21000,6400.0,6400.0,6400.0,6400.0,0.0,0.0,5725.0,6570.0,3.14,3.06,,1.5446949,5911.0,0.775,0.96385088,2.074e-05,3.91664448,-12.30566199,6.73,180737.27034471
2023-10-14,1,BTC-231027-21000-C,BTCUSDT,C,231027-21000,6400.0,6400.0,6400.0,6400.0,0.0,0.0,5705.0,6640.0,3.17,2.88,,1.5036869,5984.0,0.775,0.96037529,2.152e-05,4.38573272,-12.82618826,6.73,181132.05452
2023-10-14,17,BTC-231027-21000-C,BTCUSDT,C,231027-21000,6400.0,6400.0,6400.0,6400.0,0.0,0.0,5725.0,6640.0,3.14,2.56,,1.5622139,5949.0,0.775,0.96327642,2.077e-05,4.01289387,-12.35757572,6.73,180977.93831178
2023-10-14,13,BTC-231027-21000-P,BTCUSDT,P,231027-21000,25.0,35.0,25.0,30.0,96.5,96.5,20.0,25.0,10.82,6.17,,0.66312134,22.0,0.65194309,-0.01809166,1.356e-05,2.23579839,-5.71612542,184.23,4956669.9168568
2023-10-14,22,BTC-231027-21000-P,BTCUSDT,P,231027-21000,25.0,35.0,25.0,30.0,7.98,7.98,20.0,25.0,7.48,6.17,,0.66845953,22.0,0.65716922,-0.01824166,1.378e-05,2.21364154,-5.87772011,182.38,4896991.14318161
2023-10-14,3,BTC-231027-21000-C,BTCUSDT,C,231027-21000,6400.0,6400.0,6400.0,6400.0,0.0,0.0,5765.0,6640.0,2.92,2.88,,1.49910927,5996.0,0.775,0.96109536,2.125e-05,4.30931421,-12.68246422,6.73,181250.41780114
2023-10-14,21,BTC-231027-21000-C,BTCUSDT,C,231027-21000,6400.0,6400.0,6400.0,6400.0,0.0,0.0,5725.0,6570.0,3.14,3.06,,1.56264305,5881.0,0.775,0.96271433,2.123e-05,4.0256837,-12.56336361,6.73,180505.74578492
2023-10-14,5,BTC-231027-21000-P,BTCUSDT,P,231027-21000,25.0,35.0,25.0,30.0,96.5,96.5,20.0,30.0,12.01,3.16,,0.67250669,24.0,0.65178633,-0.0194908,1.428e-05,2.41135984,-6.00645853,182.38,4904028.56514299
2023-10-14,9,BTC-231027-21000-P,BTCUSDT,P,231027-21000,25.0,35.0,25.0,30.0,96.5,96.5,20.0,25.0,12.01,6.7,,0.65665305,22.0,0.64557314,-0.01816336,1.367e-05,2.25572129,-5.63702619,182.38,4901574.62622456
2023-10-14,14,BTC-231027-21000-P,BTCUSDT,P,231027-21000,25.0,35.0,25.0,30.0,96.5,96.5,20.0,25.0,9.95,6.17,,0.66253483,22.0,0.65135777,-0.01814632,1.364e-05,2.23619421,-5.73073239,184.23,4953154.09321146
2023-10-14,23,BTC-231027-21000-P,BTCUSDT,P,231027-21000,25.0,35.0,25.0,30.0,7.98,7.98,20.0,25.0,9.15,9.17,,0.66987395,22.0,0.65856069,-0.01823237,1.377e-05,2.20923371,-5.89829643,184.23,4947582.06769786
2023-10-14,11,BTC-231027-21000-C,BTCUSDT,C,231027-21000,6400.0,6400.0,6400.0,6400.0,0.0,0.0,5685.0,6860.0,2.93,2.65,,1.73148155,5935.0,0.775,0.96158998,2.135e-05,4.20114619,-12.68526765,6.73,180850.5421233
2023-10-14,14,BTC-231027-21000-C,BTCUSDT,C,231027-21000,6400.0,6400.0,6400.0,6400.0,0.0,0.0,5685.0,6640.0,2.93,2.56,,1.55740738,5947.0,0.775,0.9625314,2.101e-05,4.09887762,-12.49820561,6.73,180940.81879886
2023-10-14,16,BTC-231027-21000-P,BTCUSDT,P,231027-21000,25.0,35.0,25.0,30.0,7.98,7.98,20.0,25.0,0.01,6.29,,0.66823244,22.0,0.6569764,-0.01803215,1.347e-05,2.22041235,-5.77725615,184.23,4961013.86518855
2023-10-14,8,BTC-231027-21000-P,BTCUSDT,P,231027-21000,25.0,35.0,25.0,30.0,96.5,96.5,20.0,25.0,12.01,16.7,,0.65454721,22.0,0.643498,-0.01819823,1.372e-05,2.26196754,-5.6163484,182.38,4899799.66644321
2023-10-14,0,BTC-231027-21000-P,BTCUSDT,P,231027-21000,25.0,35.0,25.0,25.0,98.02,98.02,20.0,25.0,12.01,1.94,,0.64846456,22.0,0.637528,-0.01812523,1.361e-05,2.28534332,-5.48076147,175.39,4716627.45623785
2023-10-14,22,BTC-231027-21000-C,BTCUSDT,C,231027-21000,6400.0,6400.0,6400.0,6400.0,0.0,0.0,5725.0,6570.0,3.14,3.06,,1.54452324,5909.0,0.775,0.96355787,2.085e-05,3.94876366,-12.36480393,6.73,180703.75256943
2023-10-14,16,BTC-231027-21000-C,BTCUSDT,C,231027-21000,6400.0,6400.0,6400.0,6400.0,0.0,0.0,5725.0,6640.0,3.14,2.56,,1.53266907,5987.0,0.775,0.96385223,2.044e-05,3.97356459,-12.19607815,6.73,181227.93960114
2023-10-14,6,BTC-231027-21000-P,BTCUSDT,P,231027-21000,25.0,35.0,25.0,30.0,96.5,96.5,20.0,25.0,0.01,3.0,,0.65224171,22.0,0.64123005,-0.0182052,1.373e-05,2.26975029,-5.57992636,184.23,4949180.7939632
2023-10-15,4,BTC-231027-21000-P,BTCUSDT,P,231027-21000,30.0,30.0,30.0,30.0,0.0,0.0,20.0,25.0,9.25,6.7,,0.67813933,22.0,0.66669881,-0.01815095,1.365e-05,2.18460347,-6.00606659,182.38,4903103.7698046
2023-10-15,12,BTC-231027-21000-C,BTCUSDT,C,231027-21000,6400.0,6400.0,6400.0,6400.0,0.0,0.0,5690.0,6590.0,2.81,2.73,,1.60815239,5890.0,0.775,0.96642623,1.997e-05,3.60211928,-11.8373415,6.73,180634.24795717
2023-10-15,10,BTC-231027-21000-C,BTCUSDT,C,231027-21000,6400.0,6400.0,6400.0,6400.0,0.0,0.0,5690.0,6660.0,2.81,2.95,,1.62024498,5947.0,0.775,0.96713743,1.951e-05,3.55936227,-11.61474976,6.73,181036.70935277
2023-10-15,7,BTC-231027-21000-C,BTCUSDT,C,231027-21000,6400.0,6400.0,6400.0,6400.0,0.0,0.0,5725.0,6570.0,3.14,3.06,,1.54468536,5936.0,0.775,0.96621294,1.987e-05,3.65889659,-11.81517551,6.73,180909.3841565
2023-10-15,3,BTC-231027-21000-P,BTCUSDT,P,231027-21000,30.0,30.0,30.0,30.0,0.0,0.0,20.0,25.0,9.61,6.7,,0.67669511,22.0,0.66527754,-0.01816004,1.366e-05,2.18901402,-5.98479649,182.38,4902476.3182354
2023-10-15,1,BTC-231027-21000-P,BTCUSDT,P,231027-21000,30.0,30.0,30.0,30.0,0.0,0.0,20.0,25.0,0.01,3.7,,0.67527115,22.0,0.6638819,-0.01813165,1.362e-05,2.19443071,-5.94629162,182.38,4904838.97603679
2023-10-15,19,BTC-231027-21000-C,BTCUSDT,C,231027-21000,6400.0,6400.0,6400.0,6400.0,0.0,0.0,5850.0,6570.0,2.74,2.89,,1.45090103,6086.0,0.775,0.97176899,1.739e-05,3.10540283,-10.46384682,6.73,181946.22891648
2023-10-15,15,BTC-231027-21000-C,BTCUSDT,C,231027-21000,6400.0,6400.0,6400.0,6400.0,0.0,0.0,5720.0,6570.0,3.17,2.89,,1.55456543,5947.0,0.775,0.96828047,1.912e-05,3.42674401,-11.38167416,6.73,181029.37513189
2023-10-15,5,BTC-231027-21000-C,BTCUSDT,C,231027-21000,6400.0,6400.0,6400.0,6400.0,0.0,0.0,5725.0,6570.0,3.14,3.06,,1.53990746,5936.0,0.775,0.96575783,2.002e-05,3.71209521,-11.90429394,6.73,180918.94658084
2023-10-15,7,BTC-231027-21000-P,BTCUSDT,P,231027-21000,30.0,30.0,30.0,30.0,0.0,0.0,20.0,25.0,10.53,3.7,,0.68159401,22.0,0.67009449,-0.01815315,1.365e-05,2.17347236,-6.06846021,184.23,4952293.58739252
2023-10-15,4,BTC-231027-21000-C,BTCUSDT,C,231027-21000,6400.0,6400.0,6400.0,6400.0,0.0,0.0,5725.0,6570.0,3.14,3.06,,1.53611183,5938.0,0.775,0.9655696,2.008e-05,3.73549917,-11.93818184,6.73,180929.31445764
2023-10-15,21,BTC-231027-21000-P,BTCUSDT,P,231027-21000,30.0,30.0,15.0,15.0,0.58,0.58,15.0,20.0,17.17,1.57,,0.70013285,17.0,0.68588167,-0.01435865,1.106e-05,1.75329229,-5.2666416,181.81,4941680.99097169
2023-10-15,18,BTC-231027-21000-C,BTCUSDT,C,231027-21000,6400.0,6400.0,6400.0,6400.0,0.0,0.0,5830.0,6570.0,3.21,2.89,,1.43763542,6098.0,0.775,0.9717816,1.734e-05,3.11132024,-10.44593833,6.73,182089.8522934
2023-10-15,18,BTC-231027-21000-P,BTCUSDT,P,231027-21000,30.0,30.0,15.0,15.0,0.46,0.46,15.0,20.0,12.0,1.57,,0.68604171,17.0,0.6720221,-0.01461936,1.146e-05,1.78221397,-5.18853133,183.78,4972432.84613376
2023-10-15,11,BTC-231027-21000-P,BTCUSDT,P,231027-21000,30.0,30.0,30.0,30.0,0.0,0.0,20.0,25.0,9.9,3.7,,0.68390906,22.0,0.67235947,-0.01823144,1.377e-05,2.16392315,-6.14760334,182.38,4897799.98893219
2023-10-15,17,BTC-231027-21000-P,BTCUSDT,P,231027-21000,30.0,30.0,15.0,15.0,0.46,0.46,15.0,20.0,12.0,1.57,,0.67865968,17.0,0.66475719,-0.014779,1.17e-05,1.79727126,-5.15718476,181.93,4908279.05400719
2023-10-15,19,BTC-231027-21000-P,BTCUSDT,P,231027-21000,30.0,30.0,15.0,15.0,0.46,0.46,15.0,20.0,12.0,1.57,,0.68622887,17.0,0.67219913,-0.0146465,1.15e-05,1.78100245,-5.20516128,183.78,4968510.83956467
2023-10-15,9,BTC-231027-21000-C,BTCUSDT,C,231027-21000,6400.0,6400.0,6400.0,6400.0,0.0,0.0,5690.0,6670.0,2.81,2.93,,1.62234306,5952.0,0.775,0.96701524,1.954e-05,3.57718231,-11.63208503,6.73,181048.24501648
2023-10-15,20,BTC-231027-21000-P,BTCUSDT,P,231027-21000,30.0,30.0,15.0,15.0,0.46,0.46,15.0,20.0,17.29,1.57,,0.70097029,17.0,0.68671346,-0.01430626,1.098e-05,1.75260875,-5.25180565,181.93,4948497.9792383
2023-10-15,13,BTC-231027-21000-C,BTCUSDT,C,231027-21000,6400.0,6400.0,6400.0,6400.0,0.0,0.0,5720.0,6570.0,3.17,2.89,,1.57762527,5911.0,0.775,0.96709168,1.967e-05,3.53989007,-11.67409405,6.73,180776.04757805
2023-10-15,6,BTC-231027-21000-C,BTCUSDT,C,231027-21000,6400.0,6400.0,6400.0,6400.0,0.0,0.0,5725.0,6570.0,3.14,3.06,,1.54459953,5933.0,0.775,0.96592247,1.998e-05,3.69065498,-11.87649077,6.73,180900.14109529
2023-10-15,15,BTC-231027-21000-P,BTCUSDT,P,231027-21000,30.0,30.0,30.0,30.0,0.0,0.0,20.0,25.0,0.01,6.16,,0.69264054,22.0,0.68096131,-0.01810993,1.359e-05,2.14000207,-6.24538787,182.38,4905815.36947307
2023-10-15,2,BTC-231027-21000-C,BTCUSDT,C,231027-21000,6400.0,6400.0,6400.0,6400.0,0.0,0.0,5725.0,6570.0,3.14,3.06,,1.53153419,5938.0,0.775,0.96511112,2.023e-05,3.78912703,-12.02691056,6.73,180923.06426707
2023-10-15,2,BTC-231027-21000-P,BTCUSDT,P,231027-21000,30.0,30.0,30.0,30.0,0.0,0.0,20.0,25.0,10.62,6.7,,0.67574322,22.0,0.66434264,-0.01815353,1.365e-05,2.19228746,-5.96489555,184.23,4952668.0727968
2023-10-15,20,BTC-231027-21000-C,BTCUSDT,C,231027-21000,6400.0,6400.0,6400.0,6400.0,0.0,0.0,5995.0,6570.0,3.1,2.89,,1.30617142,6231.0,0.72808571,0.98084547,1.33e-05,2.24986509,-7.14804202,6.73,183056.07321648
2023-10-15,10,BTC-231027-21000-P,BTCUSDT,P,231027-21000,30.0,30.0,30.0,30.0,0.0,0.0,20.0,25.0,12.01,3.7,,0.68632066,22.0,0.67474723,-0.01811683,1.36e-05,2.15952063,-6.1352806,182.38,4906014.12358959
2023-10-15,0,BTC-231027-21000-C,BTCUSDT,C,231027-21000,6400.0,6400.0,6400.0,6400.0,0.0,0.0,5725.0,6570.0,3.14,3.06,,1.55173302,5905.0,0.775,0.96394413,2.074e-05,3.90085854,-12.29761027,6.73,180586.99894586
2023-10-15,12,BTC-231027-21000-P,BTCUSDT,P,231027-21000,30.0,30.0,30.0,30.0,0.0,0.0,20.0,25.0,9.72,3.7,,0.68375528,22.0,0.67220151,-0.01827483,1.383e-05,2.16320518,-6.16583054,182.38,4895107.59917221
2023-10-15,8,BTC-231027-21000-C,BTCUSDT,C,231027-21000,6400.0,6400.0,6400.0,6400.0,0.0,0.0,5680.0,6670.0,2.8,2.93,,1.61645889,5957.0,0.775,0.9668814,1.956e-05,3.59598519,-11.65248428,6.73,181080.06883293
2023-10-15,23,BTC-231027-21000-C,BTCUSDT,C,231027-21000,6400.0,6400.0,6400.0,6400.0,0.0,0.0,5920.0,6570.0,3.15,2.89,,1.36205673,6188.0,0.75602837,0.97704417,1.504e-05,2.60320187,-8.68276078,6.73,182730.47137912
2023-10-15,1,BTC-231027-21000-C,BTCUSDT,C,231027-21000,6400.0,6400.0,6400.0,6400.0,0.0,0.0,5725.0,6570.0,3.14,3.06,,1.52301788,5946.0,0.775,0.96505563,2.021e-05,3.80168931,-12.02574054,6.73,180993.34526114
2023-10-15,17,BTC-231027-21000-C,BTCUSDT,C,231027-21000,6400.0,6400.0,6400.0,6400.0,0.0,0.0,5780.0,6570.0,3.29,2.89,,1.49557114,6027.0,0.775,0.97026329,1.813e-05,3.24680855,-10.86161487,6.73,181568.28468899
2023-10-15,13,BTC-231027-21000-P,BTCUSDT,P,231027-21000,30.0,30.0,30.0,30.0,0.0,0.0,20.0,25.0,0.01,3.7,,0.68688095,22.0,0.67528307,-0.01821402,1.374e-05,2.15505017,-6.19262754,184.23,4948643.57285358
2023-10-15,22,BTC-231027-21000-P,BTCUSDT,P,231027-21000,30.0,30.0,15.0,15.0,0.58,0.58,15.0,20.0,17.17,1.57,,0.69498718,17.0,0.68080604,-0.01451947,1.13e-05,1.76194589,-5.2727129,181.81,4929749.49994022
2023-10-15,3,BTC-231027-21000-C,BTCUSDT,C,231027-21000,6400.0,6400.0,6400.0,6400.0,0.0,0.0,5725.0,6570.0,3.14,3.06,,1.5359211,5935.0,0.775,0.96528199,2.018e-05,3.76709773,-11.99793682,6.73,180906.16088236
2023-10-15,21,BTC-231027-21000-C,BTCUSDT,C,231027-21000,6400.0,6400.0,6400.0,6400.0,0.0,0.0,5995.0,6570.0,3.1,2.89,,1.33348465,6209.0,0.74174232,0.97892945,1.419e-05,2.43262668,-7.90239564,6.73,182924.55348572
2023-10-15,5,BTC-231027-21000-P,BTCUSDT,P,231027-21000,30.0,30.0,30.0,30.0,0.0,0.0,20.0,25.0,10.08,3.7,,0.67917526,22.0,0.66771626,-0.01815524,1.365e-05,2.18115821,-6.02645553,184.23,4952555.35343069
2023-10-15,9,BTC-231027-21000-P,BTCUSDT,P,231027-21000,30.0,30.0,30.0,30.0,0.0,0.0,20.0,25.0,12.01,3.7,,0.68553865,22.0,0.67398012,-0.01810354,1.358e-05,2.16235034,-6.11487995,184.23,4956094.82606028
2023-10-15,14,BTC-231027-21000-P,BTCUSDT,P,231027-21000,30.0,30.0,30.0,30.0,0.0,0.0,20.0,25.0,0.01,9.45,,0.68934143,22.0,0.67770839,-0.01817487,1.368e-05,2.14844123,-6.21785852,182.38,4901494.82735655
2023-10-15,23,BTC-231027-21000-P,BTCUSDT,P,231027-21000,30.0,30.0,15.0,15.0,0.58,0.58,15.0,20.0,17.17,1.57,,0.70062935,17.0,0.68635702,-0.0144101,1.114e-05,1.75066972,-5.30110248,181.81,4936437.8902582
2023-10-15,11,BTC-231027-21000-C,BTCUSDT,C,231027-21000,6400.0,6400.0,6400.0,6400.0,0.0,0.0,5690.0,6610.0,2.81,2.89,,1.61094666,5906.0,0.775,0.96652111,1.988e-05,3.60221832,-11.79598508,6.73,180733.59976704
2023-10-15,14,BTC-231027-21000-C,BTCUSDT,C,231027-21000,6400.0,6400.0,6400.0,6400.0,0.0,0.0,5720.0,6570.0,3.17,2.89,,1.56977654,5924.0,0.775,0.96759563,1.944e-05,3.49080392,-11.55318303,6.73,180869.94291101
2023-10-15,16,BTC-231027-21000-P,BTCUSDT,P,231027-21000,30.0,30.0,30.0,30.0,0.0,0.0,20.0,25.0,0.01,6.16,,0.69647968,22.0,0.68474829,-0.01802906,1.347e-05,2.1304415,-6.27447194,182.38,4911440.89059303
2023-10-15,8,BTC-231027-21000-P,BTCUSDT,P,231027-21000,30.0,30.0,30.0,30.0,0.0,0.0,20.0,25.0,12.01,3.7,,0.68470895,22.0,0.67316651,-0.01809199,1.356e-05,2.16529776,-6.09451372,182.38,4907189.1461738
2023-10-15,0,BTC-231027-21000-P,BTCUSDT,P,231027-21000,25.0,35.0,25.0,30.0,7.0,7.0,20.0,25.0,9.2,3.7,,0.67048848,22.0,0.6591627,-0.01824926,1.379e-05,2.20672898,-5.91698466,184.23,4943468.47188641
2023-10-15,22,BTC-231027-21000-C,BTCUSDT,C,231027-21000,6400.0,6400.0,6400.0,6400.0,0.0,0.0,5890.0,6570.0,2.99,2.89,,1.40721321,6142.0,0.775,0.97339776,1.66e-05,2.94564438,-10.03460251,6.73,182482.88947031
2023-10-15,16,BTC-231027-21000-C,BTCUSDT,C,231027-21000,6400.0,6400.0,6400.0,6400.0,0.0,0.0,5720.0,6570.0,3.17,2.89,,1.53430939,5976.0,0.775,0.96907162,1.874e-05,3.3536887,-11.1789512,6.73,181236.96235163
2023-10-15,6,BTC-231027-21000-P,BTCUSDT,P,231027-21000,30.0,30.0,30.0,30.0,0.0,0.0,20.0,25.0,10.31,3.7,,0.68011463,22.0,0.66863894,-0.01816263,1.366e-05,2.17792466,-6.04668724,184.23,4952040.56374214
2023-10-16,4,BTC-231027-21000-P,BTCUSDT,P,231027-21000,20.0,20.0,15.0,15.0,0.58,0.58,15.0,20.0,17.29,7.05,,0.71531355,17.0,0.70078611,-0.01421116,1.084e-05,1.71998077,-5.41724669,181.81,4954211.37612989
2023-10-16,12,BTC-231027-21000-C,BTCUSDT,C,231027-21000,6400.0,6400.0,6400.0,6400.0,0.0,0.0,6000.0,7305.0,1.56,2.75,,1.49679184,6900.0,0.775,0.98586347,9.69e-06,1.72523722,-6.1948606,6.73,187481.53780547
2023-10-16,10,BTC-231027-21000-C,BTCUSDT,C,231027-21000,6400.0,6400.0,6400.0,6400.0,0.0,0.0,6540.0,7305.0,3.12,2.75,,1.59424782,6792.0,0.775,0.98445621,1.051e-05,1.87172144,-6.66934517,6.73,186961.23610236
2023-10-16,7,BTC-231027-21000-C,BTCUSDT,C,231027-21000,6400.0,6400.0,6400.0,6400.0,0.0,0.0,6710.0,7525.0,3.14,2.73,,1.73631668,6865.0,0.775,0.98477631,1.024e-05,1.85404334,-6.53128216,6.73,187382.73548899
2023-10-16,3,BTC-231027-21000-P,BTCUSDT,P,231027-21000,20.0,20.0,15.0,15.0,0.58,0.58,15.0,20.0,17.29,4.57,,0.71264327,17.0,0.69816321,-0.01424343,1.089e-05,1.72556029,-5.3942752,181.81,4951875.65706561
2023-10-16,1,BTC-231027-21000-P,BTCUSDT,P,231027-21000,20.0,20.0,15.0,15.0,0.58,0.58,15.0,20.0,17.17,4.57,,0.70656836,17.0,0.69219321,-0.01432738,1.102e-05,1.73815201,-5.34727015,181.81,4943841.01364629
2023-10-16,19,BTC-231027-21000-C,BTCUSDT,C,231027-21000,6400.0,6400.0,6400.0,6400.0,0.0,0.0,7245.0,8325.0,2.82,2.53,,2.03632355,7463.0,0.775,0.99125575,6.34e-06,1.14372096,-4.22087032,6.73,191443.30683886
2023-10-16,15,BTC-231027-21000-C,BTCUSDT,C,231027-21000,6400.0,6400.0,6400.0,6400.0,0.0,0.0,6910.0,7785.0,3.18,2.63,,1.83227539,7078.0,0.775,0.98791205,8.45e-06,1.50785908,-5.47776337,6.73,188835.31228236
2023-10-16,5,BTC-231027-21000-C,BTCUSDT,C,231027-21000,6400.0,6400.0,6400.0,6400.0,0.0,0.0,6150.0,7835.0,3.27,2.87,,1.95177078,6936.0,0.775,0.98520388,9.93e-06,1.82068509,-6.36554647,6.73,187692.49224396
2023-10-16,7,BTC-231027-21000-P,BTCUSDT,P,231027-21000,20.0,20.0,15.0,20.0,9.19,9.19,15.0,20.0,11.4,15.45,,0.76849639,17.0,0.75316131,-0.01310356,9.26e-06,1.62929069,-5.57780645,181.81,5062118.14847752
2023-10-16,4,BTC-231027-21000-C,BTCUSDT,C,231027-21000,6400.0,6400.0,6400.0,6400.0,0.0,0.0,6050.0,6570.0,2.99,2.89,,1.27702713,6272.0,0.71351357,0.98440029,1.154e-05,1.86352198,-5.97594081,6.73,183388.38656484
2023-10-16,21,BTC-231027-21000-P,BTCUSDT,P,231027-21000,20.0,20.0,10.0,10.0,46.3,46.3,0.0,10.0,0.0,3.51,,0.76320112,10.0,0.76910056,-0.00831584,6.14e-06,1.08894992,-4.02005308,210.84,5988779.00791146
2023-10-16,18,BTC-231027-21000-C,BTCUSDT,C,231027-21000,6400.0,6400.0,6400.0,6400.0,0.0,0.0,7310.0,7785.0,2.87,2.63,,1.33411407,7569.0,0.74205704,0.99382325,4.84e-06,0.8468241,-2.9805111,6.73,192184.29488236
2023-10-16,18,BTC-231027-21000-P,BTCUSDT,P,231027-21000,15.0,20.0,10.0,10.0,46.42,46.42,0.0,10.0,0.0,3.25,,0.76906621,10.0,0.77203311,-0.00798202,5.84e-06,1.06187005,-3.88836967,210.84,6020822.69435307
2023-10-16,11,BTC-231027-21000-P,BTCUSDT,P,231027-21000,20.0,20.0,15.0,20.0,9.19,9.19,15.0,20.0,7.39,15.39,,0.76654375,17.0,0.75120628,-0.01326994,9.49e-06,1.62904129,-5.64805263,181.81,5045676.37819594
2023-10-16,17,BTC-231027-21000-P,BTCUSDT,P,231027-21000,15.0,20.0,10.0,15.0,36.74,36.74,10.0,15.0,6.94,2.45,,0.78339875,12.0,0.76313794,-0.00956183,6.99e-06,1.23221748,-4.44260257,207.86,5867559.16111368
2023-10-16,19,BTC-231027-21000-P,BTCUSDT,P,231027-21000,15.0,20.0,10.0,10.0,46.42,46.42,5.0,10.0,2.11,4.37,,0.76233923,7.0,0.73240817,-0.0060876,4.87e-06,0.83113104,-2.89869756,210.84,5997608.73906452
2023-10-16,9,BTC-231027-21000-C,BTCUSDT,C,231027-21000,6400.0,6400.0,6400.0,6400.0,0.0,0.0,6530.0,7305.0,2.79,2.75,,1.59582138,6787.0,0.775,0.98424952,1.061e-05,1.89632293,-6.73121547,6.73,186826.68835886
2023-10-16,20,BTC-231027-21000-P,BTCUSDT,P,231027-21000,15.0,20.0,10.0,10.0,46.42,46.42,5.0,10.0,2.84,3.37,,0.7590133,7.0,0.72917044,-0.00613719,4.95e-06,0.83358857,-2.90594807,210.84,5977512.06557548
2023-10-16,13,BTC-231027-21000-C,BTCUSDT,C,231027-21000,6400.0,6400.0,6400.0,6400.0,0.0,0.0,6365.0,7680.0,4.39,2.53,,1.78048134,7012.0,0.775,0.98706533,8.95e-06,1.60130341,-5.772134,6.73,188278.18942236
2023-10-16,6,BTC-231027-21000-C,BTCUSDT,C,231027-21000,6400.0,6400.0,6400.0,6400.0,0.0,0.0,6710.0,7525.0,3.14,2.73,,1.75779343,6835.0,0.775,0.98430558,1.05e-05,1.90462475,-6.68414777,6.73,187263.68844503
2023-10-16,15,BTC-231027-21000-P,BTCUSDT,P,231027-21000,20.0,20.0,10.0,10.0,10.2,10.2,0.0,15.0,0.0,15.93,,0.76662958,15.0,0.77081479,-0.01173044,8.28e-06,1.46909812,-5.30813123,180.86,5074703.50362364
2023-10-16,2,BTC-231027-21000-C,BTCUSDT,C,231027-21000,6400.0,6400.0,6400.0,6400.0,0.0,0.0,6050.0,6570.0,2.99,2.89,,1.33670807,6217.0,0.74335403,0.97972903,1.383e-05,2.33343311,-7.73783699,6.73,182964.45425057
2023-10-16,2,BTC-231027-21000-P,BTCUSDT,P,231027-21000,20.0,20.0,15.0,15.0,0.58,0.58,15.0,20.0,17.29,4.57,,0.7073909,17.0,0.69299638,-0.01433941,1.103e-05,1.73581133,-5.36614007,181.81,4942758.90450158
2023-10-16,20,BTC-231027-21000-C,BTCUSDT,C,231027-21000,6400.0,6400.0,6400.0,6400.0,0.0,0.0,6795.0,8305.0,1.5,2.66,,2.07128525,7400.0,0.775,0.9909509,6.56e-06,1.17360274,-4.34840374,6.73,190801.82224114
2023-10-16,10,BTC-231027-21000-P,BTCUSDT,P,231027-21000,20.0,20.0,15.0,20.0,9.19,9.19,15.0,20.0,8.95,15.39,,0.76681077,17.0,0.75147688,-0.01323274,9.44e-06,1.62945308,-5.62986215,183.66,5102124.90676952
2023-10-16,0,BTC-231027-21000-C,BTCUSDT,C,231027-21000,6400.0,6400.0,6400.0,6400.0,0.0,0.0,5960.0,6570.0,3.19,2.89,,1.37813568,6175.0,0.76406784,0.97592413,1.552e-05,2.70321391,-9.14584516,6.73,182609.48668679
2023-10-16,12,BTC-231027-21000-P,BTCUSDT,P,231027-21000,20.0,20.0,15.0,20.0,9.19,9.19,10.0,230.0,0.03,0.01,,1.25484109,78.0,0.98180622,-0.03892831,1.791e-05,4.04098718,-18.38206371,181.81,5064787.27911033
2023-10-16,8,BTC-231027-21000-C,BTCUSDT,C,231027-21000,6400.0,6400.0,6400.0,6400.0,0.0,0.0,6310.0,7465.0,4.34,3.06,,1.71047211,6832.0,0.775,0.98457674,1.039e-05,1.86907461,-6.60926826,6.73,187193.34034236
2023-10-16,23,BTC-231027-21000-C,BTCUSDT,C,231027-21000,6400.0,6400.0,6400.0,6400.0,0.0,0.0,7290.0,8255.0,2.95,3.02,,1.94778442,7512.0,0.775,0.99197339,5.91e-06,1.05427419,-3.9535238,6.73,191833.92554
2023-10-16,1,BTC-231027-21000-C,BTCUSDT,C,231027-21000,6400.0,6400.0,6400.0,6400.0,0.0,0.0,6050.0,6570.0,2.99,2.89,,1.32846832,6222.0,0.73923416,0.98015467,1.363e-05,2.29655538,-7.54529088,6.73,183004.51032308
2023-10-16,17,BTC-231027-21000-C,BTCUSDT,C,231027-21000,6400.0,6400.0,6400.0,6400.0,0.0,0.0,6990.0,7785.0,3.2,2.63,,1.69115067,7248.0,0.775,0.98953522,7.44e-06,1.33319388,-4.88137384,6.73,189977.25947414
2023-10-16,13,BTC-231027-21000-P,BTCUSDT,P,231027-21000,20.0,20.0,15.0,15.0,10.17,10.17,10.0,25.0,0.03,4.1,,0.81633508,16.0,0.76761007,-0.01227712,8.64e-06,1.53059641,-5.46465095,180.83,5058892.27239893
2023-10-16,22,BTC-231027-21000-P,BTCUSDT,P,231027-21000,20.0,20.0,10.0,10.0,46.3,46.3,0.0,15.0,0.0,2.49,,0.81306398,12.0,0.79403199,-0.00936725,6.6e-06,1.209971,-4.63014269,210.84,6010857.67661548
2023-10-16,3,BTC-231027-21000-C,BTCUSDT,C,231027-21000,6400.0,6400.0,6400.0,6400.0,0.0,0.0,6050.0,6570.0,2.99,2.89,,1.29154205,6258.0,0.72077103,0.98323588,1.213e-05,1.9846269,-6.40504516,6.73,183301.92603296
2023-10-16,21,BTC-231027-21000-C,BTCUSDT,C,231027-21000,6400.0,6400.0,6400.0,6400.0,0.0,0.0,7200.0,8255.0,2.9,3.02,,2.00298309,7435.0,0.775,0.99128511,6.35e-06,1.13467049,-4.22096953,6.73,191161.4623565
2023-10-16,5,BTC-231027-21000-P,BTCUSDT,P,231027-21000,20.0,20.0,15.0,15.0,0.58,0.58,15.0,20.0,12.0,5.48,,0.77138603,17.0,0.75602353,-0.01298155,9.09e-06,1.62643067,-5.54715141,181.81,5070486.18348809
2023-10-16,9,BTC-231027-21000-P,BTCUSDT,P,231027-21000,20.0,20.0,15.0,20.0,9.19,9.19,15.0,20.0,5.81,15.39,,0.76491714,17.0,0.74961901,-0.01324195,9.45e-06,1.63324659,-5.60753309,183.66,5098453.13283616
2023-10-16,14,BTC-231027-21000-P,BTCUSDT,P,231027-21000,20.0,20.0,15.0,15.0,10.17,10.17,10.0,15.0,0.03,12.0,,0.77531397,12.0,0.75523973,-0.00961625,7.06e-06,1.24367682,-4.3857111,182.68,5151248.70191508
2023-10-16,23,BTC-231027-21000-P,BTCUSDT,P,231027-21000,20.0,20.0,10.0,10.0,46.3,46.3,5.0,15.0,2.0,2.49,,0.81407607,9.0,0.76287389,-0.00726437,5.5e-06,0.96560802,-3.56436929,210.84,6009846.19032
2023-10-16,11,BTC-231027-21000-C,BTCUSDT,C,231027-21000,6400.0,6400.0,6400.0,6400.0,0.0,0.0,6540.0,7305.0,3.12,2.75,,1.61593437,6771.0,0.775,0.98438591,1.058e-05,1.87395833,-6.70299763,6.73,186774.11597414
2023-10-16,14,BTC-231027-21000-C,BTCUSDT,C,231027-21000,6400.0,6400.0,6400.0,6400.0,0.0,0.0,7070.0,8055.0,3.1,3.04,,1.97469711,7205.0,0.775,0.98883322,7.84e-06,1.41678881,-5.1268956,6.73,189773.94221529
2023-10-16,16,BTC-231027-21000-P,BTCUSDT,P,231027-21000,20.0,20.0,10.0,10.0,10.2,10.2,10.0,15.0,7.44,15.93,,0.7702589,12.0,0.75026363,-0.00974341,7.25e-06,1.24859917,-4.40836485,180.86,5080019.46840909
2023-10-16,8,BTC-231027-21000-P,BTCUSDT,P,231027-21000,20.0,20.0,15.0,20.0,9.19,9.19,15.0,20.0,11.82,18.42,,0.76719463,17.0,0.75187087,-0.01316213,9.34e-06,1.6305032,-5.59358129,183.66,5108458.97284952
2023-10-16,0,BTC-231027-21000-P,BTCUSDT,P,231027-21000,30.0,30.0,15.0,15.0,0.58,0.58,15.0,20.0,17.17,1.57,,0.70070565,17.0,0.68642497,-0.01444038,1.119e-05,1.74967368,-5.31816298,181.81,4933169.50587303
2023-10-16,22,BTC-231027-21000-C,BTCUSDT,C,231027-21000,6400.0,6400.0,6400.0,6400.0,0.0,0.0,7280.0,8255.0,3.2,3.02,,1.93735123,7520.0,0.775,0.99191935,5.94e-06,1.06294206,-3.97002012,6.73,191866.21212114
2023-10-16,16,BTC-231027-21000-C,BTCUSDT,C,231027-21000,6400.0,6400.0,6400.0,6400.0,0.0,0.0,6930.0,7785.0,2.83,2.63,,1.81408882,7104.0,0.775,0.98826437,8.25e-06,1.46818479,-5.35455045,6.73,189033.12519293
2023-10-16,6,BTC-231027-21000-P,BTCUSDT,P,231027-21000,20.0,20.0,15.0,20.0,9.19,9.19,15.0,20.0,6.65,15.39,,0.76451302,17.0,0.7492438,-0.01315745,9.33e-06,1.63634624,-5.55179314,183.66,5110378.75480151
2023-10-17,4,BTC-231027-21000-P,BTCUSDT,P,231027-21000,20.0,20.0,10.0,10.0,46.3,46.3,5.0,10.0,2.0,4.68,,0.755862,7.0,0.72600633,-0.00629798,5.21e-06,0.83327413,-2.9874647,210.84,5943207.96553902
2023-10-17,12,BTC-231027-21000-C,BTCUSDT,C,231027-21000,6400.0,6400.0,6400.0,6400.0,0.0,0.0,6700.0,7985.0,4.29,2.53,,1.97328568,7232.0,0.775,0.99162097,6.37e-06,1.05526333,-4.17614355,6.73,190147.71013629
2023-10-17,10,BTC-231027-21000-C,BTCUSDT,C,231027-21000,6400.0,6400.0,6400.0,6400.0,0.0,0.0,6905.0,8200.0,1.5,2.54,,1.93429947,7515.0,0.775,0.9930769,5.31e-06,0.90485461,-3.55069115,6.73,191733.19977472
2023-10-17,7,BTC-231027-21000-C,BTCUSDT,C,231027-21000,6400.0,6400.0,6400.0,6400.0,0.0,0.0,6545.0,7920.0,2.89,3.01,,1.70171738,7436.0,0.775,0.9923419,5.78e-06,0.99250334,-3.845946,6.73,191257.08555497
2023-10-17,3,BTC-231027-21000-P,BTCUSDT,P,231027-21000,20.0,20.0,10.0,10.0,46.3,46.3,5.0,10.0,9.79,4.65,,0.76049387,7.0,0.73051035,-0.00623317,5.1e-06,0.82971135,-2.98087891,210.84,5958433.60236891
2023-10-17,1,BTC-231027-21000-P,BTCUSDT,P,231027-21000,20.0,20.0,10.0,10.0,46.3,46.3,5.0,10.0,2.0,5.69,,0.76376975,7.0,0.7337141,-0.00616711,5e-06,0.82769692,-2.96240105,210.84,5976512.46073387
2023-10-17,19,BTC-231027-21000-C,BTCUSDT,C,231027-21000,6400.0,6400.0,6400.0,6400.0,0.0,0.0,7250.0,8235.0,3.1,2.6,,1.99922562,7523.0,0.775,0.99395559,4.8e-06,0.78735191,-3.21156311,6.73,191783.99204616
2023-10-17,15,BTC-231027-21000-C,BTCUSDT,C,231027-21000,6400.0,6400.0,6400.0,6400.0,0.0,0.0,7320.0,7815.0,2.7,2.96,,1.56587601,7470.0,0.775,0.99331815,5.21e-06,0.86629486,-3.47264336,6.73,191563.43515497
2023-10-17,5,BTC-231027-21000-C,BTCUSDT,C,231027-21000,6400.0,6400.0,6400.0,6400.0,0.0,0.0,6990.0,8020.0,3.03,2.94,,1.97834015,7232.0,0.775,0.99083211,6.8e-06,1.1587207,-4.45292982,6.73,189939.36190881
2023-10-17,7,BTC-231027-21000-P,BTCUSDT,P,231027-21000,15.0,15.0,10.0,10.0,37.69,37.69,5.0,10.0,7.15,6.63,,0.77920616,7.0,0.74859619,-0.00610714,4.9e-06,0.81268485,-3.0418604,212.69,6044349.11243486
2023-10-17,4,BTC-231027-21000-C,BTCUSDT,C,231027-21000,6400.0,6400.0,6400.0,6400.0,0.0,0.0,6990.0,8020.0,3.03,2.94,,2.0003891,7200.0,0.775,0.99049077,7.01e-06,1.19745359,-4.58284185,6.73,189706.83745057
2023-10-17,21,BTC-231027-21000-P,BTCUSDT,P,231027-21000,10.0,10.0,10.0,10.0,6.88,6.88,5.0,10.0,13.09,5.28,,0.80774546,7.0,0.77605635,-0.00606112,4.83e-06,0.78500519,-3.23473014,216.71,6173541.81861376
2023-10-17,18,BTC-231027-21000-C,BTCUSDT,C,231027-21000,6400.0,6400.0,6400.0,6400.0,0.0,0.0,7230.0,8235.0,2.83,2.6,,2.13161469,7360.0,0.775,0.99302167,5.47e-06,0.8908686,-3.61793358,6.73,190810.28085497
2023-10-17,18,BTC-231027-21000-P,BTCUSDT,P,231027-21000,10.0,10.0,10.0,10.0,6.88,6.88,5.0,10.0,11.34,4.94,,0.79176962,7.0,0.76061368,-0.00616552,5e-06,0.79846018,-3.18245763,214.86,6091752.88922718
2023-10-17,11,BTC-231027-21000-P,BTCUSDT,P,231027-21000,15.0,15.0,10.0,10.0,37.69,37.69,5.0,10.0,2.0,2.99,,0.78553855,7.0,0.75467765,-0.00610956,4.91e-06,0.80607825,-3.09319591,212.69,6045030.39823748
2023-10-17,17,BTC-231027-21000-P,BTCUSDT,P,231027-21000,10.0,10.0,10.0,10.0,16.56,16.56,5.0,10.0,11.36,14.59,,0.79591691,7.0,0.76465011,-0.00610761,4.9e-06,0.79561108,-3.1740697,216.71,6161551.84967248
2023-10-17,19,BTC-231027-21000-P,BTCUSDT,P,231027-21000,10.0,10.0,10.0,10.0,6.88,6.88,5.0,10.0,8.88,5.05,,0.80651462,7.0,0.77489436,-0.00603885,4.8e-06,0.7867098,-3.20850652,216.71,6175558.53140033
2023-10-17,9,BTC-231027-21000-C,BTCUSDT,C,231027-21000,6400.0,6400.0,6400.0,6400.0,0.0,0.0,7220.0,8085.0,3.25,2.75,,1.86735153,7455.0,0.775,0.99264936,5.6e-06,0.95395436,-3.72763243,6.73,191407.61864503
2023-10-17,20,BTC-231027-21000-P,BTCUSDT,P,231027-21000,10.0,10.0,10.0,10.0,6.88,6.88,5.0,10.0,8.7,5.19,,0.80261409,7.0,0.77109665,-0.00609348,4.88e-06,0.78929186,-3.21737214,214.86,6114985.25241669
2023-10-17,13,BTC-231027-21000-C,BTCUSDT,C,231027-21000,6400.0,6400.0,6400.0,6400.0,0.0,0.0,7090.0,7815.0,2.8,2.96,,1.73461914,7306.0,0.775,0.99219557,5.98e-06,0.99192926,-3.94227827,6.73,190546.87752969
2023-10-17,6,BTC-231027-21000-C,BTCUSDT,C,231027-21000,6400.0,6400.0,6400.0,6400.0,0.0,0.0,6990.0,8020.0,3.03,2.94,,1.97072029,7246.0,0.775,0.99104261,6.67e-06,1.13362015,-4.37454575,6.73,189963.60026264
2023-10-17,15,BTC-231027-21000-P,BTCUSDT,P,231027-21000,15.0,15.0,10.0,10.0,43.56,43.56,5.0,10.0,11.11,15.62,,0.79530478,7.0,0.76408654,-0.0060799,4.86e-06,0.79685387,-3.14929963,216.71,6168456.4684151
2023-10-17,2,BTC-231027-21000-C,BTCUSDT,C,231027-21000,6400.0,6400.0,6400.0,6400.0,0.0,0.0,7170.0,8160.0,2.72,2.86,,1.977005,7381.0,0.775,0.99148191,6.3e-06,1.09893215,-4.17145202,6.73,190935.31981761
2023-10-17,2,BTC-231027-21000-P,BTCUSDT,P,231027-21000,20.0,20.0,10.0,10.0,46.3,46.3,5.0,10.0,7.23,6.48,,0.76687813,7.0,0.73671371,-0.00615119,4.97e-06,0.82471065,-2.97587731,210.84,5981694.3284317
2023-10-17,20,BTC-231027-21000-C,BTCUSDT,C,231027-21000,6400.0,6400.0,6400.0,6400.0,0.0,0.0,7280.0,8235.0,2.72,2.6,,2.06495285,7452.0,0.775,0.99369656,5.01e-06,0.81333275,-3.3321521,6.73,191537.98170327
2023-10-17,10,BTC-231027-21000-P,BTCUSDT,P,231027-21000,15.0,15.0,10.0,10.0,37.69,37.69,5.0,10.0,4.98,2.21,,0.79031289,7.0,0.75932115,-0.00604608,4.81e-06,0.80266974,-3.0859919,212.69,6059395.87817005
2023-10-17,0,BTC-231027-21000-C,BTCUSDT,C,231027-21000,6400.0,6400.0,6400.0,6400.0,0.0,0.0,7160.0,8160.0,3.1,2.86,,2.04249382,7289.0,0.775,0.99064967,6.83e-06,1.19337254,-4.49325997,6.73,190251.06675293
2023-10-17,12,BTC-231027-21000-P,BTCUSDT,P,231027-21000,15.0,15.0,10.0,10.0,40.55,40.55,10.0,15.0,3.11,12.92,,0.81336558,12.0,0.79232275,-0.00957794,7.01e-06,1.18642502,-4.80015537,212.69,6009289.22271735
2023-10-17,8,BTC-231027-21000-C,BTCUSDT,C,231027-21000,6400.0,6400.0,6400.0,6400.0,0.0,0.0,7215.0,8105.0,3.08,2.67,,1.89068794,7447.0,0.775,0.99250559,5.68e-06,0.97214377,-3.78281444,6.73,191458.94635824
2023-10-17,23,BTC-231027-21000-C,BTCUSDT,C,231027-21000,6400.0,6400.0,6400.0,6400.0,0.0,0.0,7300.0,8235.0,2.89,2.6,,2.11894989,7404.0,0.775,0.99373545,5.02e-06,0.80217008,-3.33043415,6.73,191158.01477805
2023-10-17,1,BTC-231027-21000-C,BTCUSDT,C,231027-21000,6400.0,6400.0,6400.0,6400.0,0.0,0.0,7170.0,8160.0,2.72,2.86,,1.98917389,7361.0,0.775,0.99124597,6.44e-06,1.12707852,-4.26090178,6.73,190769.91491529
2023-10-17,17,BTC-231027-21000-C,BTCUSDT,C,231027-21000,6400.0,6400.0,6400.0,6400.0,0.0,0.0,7200.0,8295.0,2.8,2.7,,2.12402344,7434.0,0.775,0.99332075,5.24e-06,0.86116789,-3.48210946,6.73,191349.00995937
2023-10-17,13,BTC-231027-21000-P,BTCUSDT,P,231027-21000,10.0,15.0,10.0,10.0,43.59,43.59,5.0,10.0,2.0,1.6,,0.77891052,7.0,0.74822187,-0.00620941,5.07e-06,0.81063479,-3.11043056,216.71,6135722.70868624
2023-10-17,22,BTC-231027-21000-P,BTCUSDT,P,231027-21000,10.0,10.0,10.0,10.0,6.88,6.88,5.0,10.0,29.91,5.77,,0.80393732,7.0,0.77234864,-0.00611512,4.92e-06,0.7875049,-3.2438805,216.71,6157777.07105788
2023-10-17,3,BTC-231027-21000-C,BTCUSDT,C,231027-21000,6400.0,6400.0,6400.0,6400.0,0.0,0.0,7170.0,8160.0,2.72,2.86,,2.06243515,7279.0,0.775,0.99092238,6.7e-06,1.15537748,-4.40368783,6.73,190192.83885384
2023-10-17,21,BTC-231027-21000-C,BTCUSDT,C,231027-21000,6400.0,6400.0,6400.0,6400.0,0.0,0.0,7300.0,8235.0,2.89,2.6,,2.03354836,7494.0,0.775,0.9939944,4.8e-06,0.77862811,-3.2040852,6.73,191721.36237031
2023-10-17,5,BTC-231027-21000-P,BTCUSDT,P,231027-21000,20.0,20.0,10.0,10.0,46.3,46.3,5.0,10.0,2.0,6.5,,0.75998008,7.0,0.72998464,-0.00627113,5.16e-06,0.82938197,-3.00215903,210.84,5950492.58021585
2023-10-17,9,BTC-231027-21000-P,BTCUSDT,P,231027-21000,15.0,15.0,10.0,10.0,37.69,37.69,5.0,10.0,7.16,14.94,,0.78394532,7.0,0.75316221,-0.00609251,4.88e-06,0.80811126,-3.06876378,212.69,6049106.45016514
2023-10-17,14,BTC-231027-21000-P,BTCUSDT,P,231027-21000,10.0,15.0,10.0,10.0,43.59,43.59,5.0,10.0,10.32,4.54,,0.79387188,7.0,0.76271266,-0.00607723,4.86e-06,0.79835673,-3.13604836,214.86,6121205.59108248
2023-10-17,23,BTC-231027-21000-P,BTCUSDT,P,231027-21000,10.0,10.0,10.0,10.0,6.88,6.88,5.0,10.0,25.14,5.8,,0.8041209,7.0,0.77251047,-0.00613073,4.94e-06,0.78697436,-3.25684916,214.86,6102854.54015042
2023-10-17,11,BTC-231027-21000-C,BTCUSDT,C,231027-21000,6400.0,6400.0,6400.0,6400.0,0.0,0.0,7230.0,8150.0,3.15,2.53,,1.95991516,7433.0,0.775,0.99272395,5.58e-06,0.94070484,-3.70701046,6.73,191278.6430022
2023-10-17,14,BTC-231027-21000-C,BTCUSDT,C,231027-21000,6400.0,6400.0,6400.0,6400.0,0.0,0.0,7240.0,7815.0,2.79,2.96,,1.5583992,7474.0,0.775,0.99324169,5.25e-06,0.87704135,-3.50063296,6.73,191732.81964063
2023-10-17,16,BTC-231027-21000-P,BTCUSDT,P,231027-21000,15.0,15.0,10.0,10.0,43.56,43.56,5.0,10.0,10.87,6.22,,0.80673993,7.0,0.7751593,-0.0059863,4.72e-06,0.7876821,-3.17183571,214.86,6142363.4219478
2023-10-17,8,BTC-231027-21000-P,BTCUSDT,P,231027-21000,15.0,15.0,10.0,10.0,37.69,37.69,5.0,10.0,8.45,6.73,,0.78169167,7.0,0.7509917,-0.00609858,4.89e-06,0.81029768,-3.05536131,210.84,5998098.69987683
2023-10-17,0,BTC-231027-21000-P,BTCUSDT,P,231027-21000,20.0,20.0,10.0,10.0,46.3,46.3,5.0,10.0,6.1,4.66,,0.75659931,7.0,0.72677612,-0.00622541,5.09e-06,0.83415905,-2.94532568,210.84,5960257.7881408
2023-10-17,22,BTC-231027-21000-C,BTCUSDT,C,231027-21000,6400.0,6400.0,6400.0,6400.0,0.0,0.0,7300.0,8235.0,2.89,2.6,,2.09758759,7424.0,0.775,0.99374255,5e-06,0.80371807,-3.32203058,6.73,191231.78297365
2023-10-17,16,BTC-231027-21000-C,BTCUSDT,C,231027-21000,6400.0,6400.0,6400.0,6400.0,0.0,0.0,7340.0,7810.0,3.2,2.91,,1.40043259,7593.0,0.775,0.99402202,4.71e-06,0.78671139,-3.16727582,6.73,192395.54049013
2023-10-17,6,BTC-231027-21000-P,BTCUSDT,P,231027-21000,15.0,15.0,10.0,10.0,37.69,37.69,5.0,10.0,2.0,6.47,,0.76268494,7.0,0.73259294,-0.00625937,5.15e-06,0.82671486,-3.0156586,210.84,5951251.92858475
2023-10-18,4,BTC-231027-21000-P,BTCUSDT,P,231027-21000,10.0,10.0,5.0,5.0,34.61,34.61,0.0,230.0,0.0,0.01,,1.46459937,56.0,1.0875,-0.02818115,1.308e-05,2.9341173,-17.48410145,238.49,6851856.70012899
2023-10-18,12,BTC-231027-21000-C,BTCUSDT,C,231027-21000,6400.0,6400.0,6400.0,6400.0,0.0,0.0,7150.0,7875.0,3.02,2.96,,1.86174393,7337.0,0.775,0.99460792,4.54e-06,0.679961,-2.99698057,6.73,190571.22164063
2023-10-18,10,BTC-231027-21000-C,BTCUSDT,C,231027-21000,6400.0,6400.0,6400.0,6400.0,0.0,0.0,6845.0,7875.0,3.25,2.96,,1.81022644,7378.0,0.775,0.99462001,4.5e-06,0.68282174,-2.98133046,6.73,190938.63452749
2023-10-18,7,BTC-231027-21000-C,BTCUSDT,C,231027-21000,6400.0,6400.0,6400.0,6400.0,0.0,0.0,6845.0,8235.0,3.15,2.6,,2.07321167,7500.0,0.775,0.99489628,4.25e-06,0.65893,-2.83705608,6.73,191744.40263629
2023-10-18,3,BTC-231027-21000-P,BTCUSDT,P,231027-21000,10.0,10.0,10.0,10.0,6.88,6.88,5.0,10.0,27.57,7.7,,0.82092702,7.0,0.78874052,-0.00603995,4.8e-06,0.7728695,-3.3250512,214.86,6126718.61812903
2023-10-18,1,BTC-231027-21000-P,BTCUSDT,P,231027-21000,10.0,10.0,10.0,10.0,6.88,6.88,5.0,15.0,22.91,11.67,,0.84809959,9.0,0.79458117,-0.00740079,5.71e-06,0.92390349,-3.96819136,214.86,6093487.6122
2023-10-18,19,BTC-231027-21000-C,BTCUSDT,C,231027-21000,6400.0,6400.0,6400.0,6400.0,0.0,0.0,7170.0,7875.0,2.74,2.96,,1.97568893,7253.0,0.775,0.9948593,4.44e-06,0.63891577,-2.91270029,6.73,190345.67123736
2023-10-18,15,BTC-231027-21000-C,BTCUSDT,C,231027-21000,6400.0,6400.0,6400.0,6400.0,0.0,0.0,7025.0,7875.0,2.96,2.96,,1.95718765,7253.0,0.775,0.99449518,4.67e-06,0.68561716,-3.06549572,6.73,190140.37369673
2023-10-18,5,BTC-231027-21000-C,BTCUSDT,C,231027-21000,6400.0,6400.0,6400.0,6400.0,0.0,0.0,7460.0,8235.0,2.73,2.6,,1.87484741,7700.0,0.775,0.99553643,3.72e-06,0.59153919,-2.52353551,6.73,193004.88853293
2023-10-18,7,BTC-231027-21000-P,BTCUSDT,P,231027-21000,10.0,10.0,5.0,5.0,49.02,49.02,0.0,5.0,0.0,0.41,,0.76199651,5.0,0.76849825,-0.00480678,4.06e-06,0.62466309,-2.66695486,238.49,6794817.62031636
2023-10-18,4,BTC-231027-21000-C,BTCUSDT,C,231027-21000,6400.0,6400.0,6400.0,6400.0,0.0,0.0,7375.0,8235.0,1.5,2.6,,1.83759689,7732.0,0.775,0.99558144,3.68e-06,0.58821045,-2.49787683,6.73,193354.00055293
2023-10-18,21,BTC-231027-21000-P,BTCUSDT,P,231027-21000,5.0,10.0,5.0,5.0,46.56,46.56,5.0,10.0,26.7,5.63,,0.8360219,7.0,0.80306262,-0.00623127,5.1e-06,0.75479118,-3.60085397,234.86,6639529.89651666
2023-10-18,18,BTC-231027-21000-C,BTCUSDT,C,231027-21000,6400.0,6400.0,6400.0,6400.0,0.0,0.0,7170.0,7875.0,2.74,2.96,,1.92274094,7302.0,0.775,0.9949867,4.32e-06,0.62741824,-2.84633255,6.73,190413.67234063
2023-10-18,18,BTC-231027-21000-P,BTCUSDT,P,231027-21000,5.0,10.0,5.0,5.0,46.56,46.56,5.0,10.0,31.33,19.32,,0.83218038,7.0,0.79939306,-0.00620942,5.07e-06,0.75874287,-3.55043683,234.86,6644956.17918568
2023-10-18,11,BTC-231027-21000-P,BTCUSDT,P,231027-21000,10.0,10.0,5.0,5.0,49.44,49.44,5.0,15.0,3.96,12.0,,0.86702645,9.0,0.81230164,-0.00741006,5.72e-06,0.90353815,-4.15440316,236.86,6714119.84471327
2023-10-18,17,BTC-231027-21000-P,BTCUSDT,P,231027-21000,5.0,10.0,5.0,5.0,46.56,46.56,5.0,10.0,27.58,20.91,,0.8329922,7.0,0.80019802,-0.00618257,5.02e-06,0.75857964,-3.53599866,236.71,6706297.54892062
2023-10-18,19,BTC-231027-21000-P,BTCUSDT,P,231027-21000,5.0,10.0,5.0,5.0,46.56,46.56,5.0,10.0,31.43,19.57,,0.83005309,7.0,0.79731256,-0.00624901,5.13e-06,0.7598391,-3.56369663,234.86,6642583.11245259
2023-10-18,9,BTC-231027-21000-C,BTCUSDT,C,231027-21000,6400.0,6400.0,6400.0,6400.0,0.0,0.0,6575.0,11645.0,4.28,1.63,,5.00602722,7287.0,0.775,0.99409827,4.89e-06,0.74064791,-3.21869934,6.73,191366.71651541
2023-10-18,20,BTC-231027-21000-P,BTCUSDT,P,231027-21000,5.0,10.0,5.0,5.0,46.56,46.56,5.0,10.0,31.32,19.88,,0.83240449,7.0,0.79957396,-0.00624607,5.12e-06,0.75775656,-3.581566,234.86,6634503.20580716
2023-10-18,13,BTC-231027-21000-C,BTCUSDT,C,231027-21000,6400.0,6400.0,6400.0,6400.0,0.0,0.0,7150.0,7875.0,3.02,2.96,,1.86656952,7336.0,0.775,0.99469486,4.48e-06,0.66860525,-2.96096218,6.73,190706.16183849
2023-10-18,6,BTC-231027-21000-C,BTCUSDT,C,231027-21000,6400.0,6400.0,6400.0,6400.0,0.0,0.0,7480.0,8235.0,2.73,2.6,,1.90448761,7675.0,0.775,0.99551716,3.75e-06,0.5919354,-2.53686275,6.73,192978.81553849
2023-10-18,15,BTC-231027-21000-P,BTCUSDT,P,231027-21000,5.0,10.0,5.0,10.0,45.56,45.56,5.0,10.0,27.43,21.5,,0.82198203,7.0,0.78955948,-0.00624949,5.13e-06,0.76728849,-3.49511017,236.71,6687686.16014165
2023-10-18,2,BTC-231027-21000-C,BTCUSDT,C,231027-21000,6400.0,6400.0,6400.0,6400.0,0.0,0.0,7240.0,8235.0,3.26,2.6,,2.06907272,7479.0,0.775,0.99437009,4.58e-06,0.7267056,-3.05807853,6.73,191558.50894283
2023-10-18,2,BTC-231027-21000-P,BTCUSDT,P,231027-21000,10.0,10.0,10.0,10.0,6.88,6.88,5.0,10.0,27.56,6.85,,0.81566095,7.0,0.78365117,-0.00607226,4.85e-06,0.77713988,-3.30681891,214.86,6115640.59902765
2023-10-18,20,BTC-231027-21000-C,BTCUSDT,C,231027-21000,6400.0,6400.0,6400.0,6400.0,0.0,0.0,7055.0,7875.0,3.04,2.96,,1.97702408,7257.0,0.775,0.99496378,4.37e-06,0.62588261,-2.86734005,6.73,190114.13852969
2023-10-18,10,BTC-231027-21000-P,BTCUSDT,P,231027-21000,10.0,10.0,5.0,5.0,49.44,49.44,5.0,10.0,4.13,22.3,,0.82263768,7.0,0.79028189,-0.0061496,4.97e-06,0.76884749,-3.42312934,236.86,6720018.56971473
2023-10-18,0,BTC-231027-21000-C,BTCUSDT,C,231027-21000,6400.0,6400.0,6400.0,6400.0,0.0,0.0,7120.0,8235.0,2.85,2.6,,2.14128494,7382.0,0.775,0.99372216,5.04e-06,0.80127935,-3.34165409,6.73,190935.51062415
2023-10-18,12,BTC-231027-21000-P,BTCUSDT,P,231027-21000,10.0,10.0,5.0,5.0,48.58,48.58,5.0,15.0,1.96,12.0,,0.86783826,9.0,0.81304431,-0.00742367,5.74e-06,0.90240628,-4.17267485,236.71,6702840.10023072
2023-10-18,8,BTC-231027-21000-C,BTCUSDT,C,231027-21000,6400.0,6400.0,6400.0,6400.0,0.0,0.0,7305.0,8190.0,3.27,2.64,,1.96929932,7566.0,0.775,0.99525177,3.98e-06,0.61788372,-2.67270287,6.73,192182.74084837
2023-10-18,23,BTC-231027-21000-C,BTCUSDT,C,231027-21000,6400.0,6400.0,6400.0,6400.0,0.0,0.0,7120.0,7875.0,2.85,2.96,,1.9229126,7325.0,0.775,0.9955053,3.96e-06,0.56267522,-2.61643613,6.73,190597.46506457
2023-10-18,1,BTC-231027-21000-C,BTCUSDT,C,231027-21000,6400.0,6400.0,6400.0,6400.0,0.0,0.0,7160.0,8235.0,3.04,2.6,,2.16287613,7362.0,0.775,0.99371311,5.07e-06,0.79992321,-3.35102545,6.73,190864.6171
2023-10-18,17,BTC-231027-21000-C,BTCUSDT,C,231027-21000,6400.0,6400.0,6400.0,6400.0,0.0,0.0,7170.0,7875.0,2.74,2.96,,1.88411713,7336.0,0.775,0.99504502,4.26e-06,0.62316627,-2.81331966,6.73,190669.5217956
2023-10-18,13,BTC-231027-21000-P,BTCUSDT,P,231027-21000,5.0,5.0,5.0,5.0,44.56,44.56,5.0,15.0,1.96,12.0,,0.8698684,9.0,0.8149457,-0.00742405,5.74e-06,0.90029383,-4.19251209,236.71,6707586.2657934
2023-10-18,22,BTC-231027-21000-P,BTCUSDT,P,231027-21000,5.0,10.0,5.0,5.0,46.56,46.56,5.0,10.0,26.7,4.43,,0.84439218,7.0,0.81115872,-0.00617231,5.01e-06,0.74855763,-3.62506394,236.71,6708169.37876732
2023-10-18,3,BTC-231027-21000-C,BTCUSDT,C,231027-21000,6400.0,6400.0,6400.0,6400.0,0.0,0.0,7260.0,8235.0,3.01,2.6,,2.0365715,7521.0,0.775,0.99464624,4.39e-06,0.69439976,-2.93541346,6.73,191905.50265293
2023-10-18,21,BTC-231027-21000-C,BTCUSDT,C,231027-21000,6400.0,6400.0,6400.0,6400.0,0.0,0.0,7055.0,7875.0,3.04,2.96,,1.96401596,7275.0,0.775,0.99512977,4.25e-06,0.60636567,-2.79167968,6.73,190258.1802076
2023-10-18,5,BTC-231027-21000-P,BTCUSDT,P,231027-21000,10.0,10.0,5.0,5.0,49.02,49.02,0.0,5.0,0.0,0.41,,0.77367842,5.0,0.77433921,-0.00443585,3.71e-06,0.58825683,-2.50739311,238.49,6839485.26986899
2023-10-18,9,BTC-231027-21000-P,BTCUSDT,P,231027-21000,10.0,10.0,5.0,5.0,49.44,49.44,5.0,230.0,2.53,0.01,,1.42891526,62.0,1.07452281,-0.03169998,1.499e-05,3.14805859,-18.96816651,238.71,6787689.28668553
2023-10-18,14,BTC-231027-21000-P,BTCUSDT,P,231027-21000,5.0,5.0,5.0,5.0,44.56,44.56,5.0,10.0,5.41,22.07,,0.81537902,7.0,0.78317583,-0.00629456,5.2e-06,0.77252625,-3.47381671,236.71,6677621.95326732
2023-10-18,23,BTC-231027-21000-P,BTCUSDT,P,231027-21000,5.0,10.0,5.0,5.0,46.56,46.56,5.0,10.0,26.7,4.01,,0.84450662,7.0,0.8112514,-0.00619086,5.04e-06,0.74806301,-3.64119793,236.71,6703763.1434525
2023-10-18,11,BTC-231027-21000-C,BTCUSDT,C,231027-21000,6400.0,6400.0,6400.0,6400.0,0.0,0.0,7140.0,7875.0,2.8,2.96,,1.84280396,7351.0,0.775,0.99458419,4.54e-06,0.6845836,-3.00312224,6.73,190771.03164283
2023-10-18,14,BTC-231027-21000-C,BTCUSDT,C,231027-21000,6400.0,6400.0,6400.0,6400.0,0.0,0.0,6960.0,7875.0,3.22,2.96,,2.00414658,7198.0,0.775,0.99413624,4.94e-06,0.72548427,-3.22822715,6.73,189854.23406484
2023-10-18,16,BTC-231027-21000-P,BTCUSDT,P,231027-21000,5.0,10.0,5.0,5.0,46.56,46.56,5.0,10.0,28.58,21.04,,0.8326751,7.0,0.79990864,-0.00616653,5e-06,0.75921394,-3.52058535,234.86,6656391.84810198
2023-10-18,8,BTC-231027-21000-P,BTCUSDT,P,231027-21000,10.0,10.0,5.0,5.0,49.02,49.02,0.0,5.0,0.0,0.41,,0.76886415,5.0,0.77193208,-0.00461425,3.9e-06,0.60230601,-2.59500688,238.49,6810350.94575434
2023-10-18,0,BTC-231027-21000-P,BTCUSDT,P,231027-21000,10.0,10.0,10.0,10.0,6.88,6.88,5.0,15.0,22.91,11.67,,0.84791243,9.0,0.79443038,-0.0073815,5.68e-06,0.92452097,-3.95228676,216.71,6148236.92531343
2023-10-18,22,BTC-231027-21000-C,BTCUSDT,C,231027-21000,6400.0,6400.0,6400.0,6400.0,0.0,0.0,7090.0,7875.0,3.05,2.96,,1.89393997,7348.0,0.775,0.99551599,3.94e-06,0.56334687,-2.60652671,6.73,190722.74056484
2023-10-18,16,BTC-231027-21000-C,BTCUSDT,C,231027-21000,6400.0,6400.0,6400.0,6400.0,0.0,0.0,7140.0,7875.0,2.87,2.96,,1.85874939,7356.0,0.775,0.99504575,4.25e-06,0.62504101,-2.80815151,6.73,190741.36565497
2023-10-18,6,BTC-231027-21000-P,BTCUSDT,P,231027-21000,10.0,10.0,5.0,5.0,49.02,49.02,0.0,5.0,0.0,0.41,,0.77355206,5.0,0.77427603,-0.00445237,3.73e-06,0.58834104,-2.51910295,238.49,6838561.32507802
2023-10-19,4,BTC-231027-21000-P,BTCUSDT,P,231027-21000,5.0,10.0,5.0,5.0,18.83,18.83,5.0,15.0,25.88,12.0,,0.89862227,9.0,0.84182531,-0.00746739,5.81e-06,0.87060833,-4.51014819,236.71,6693915.71703773
2023-10-19,12,BTC-231027-21000-C,BTCUSDT,C,231027-21000,6400.0,6400.0,6400.0,6400.0,0.0,0.0,7305.0,8115.0,3.28,2.83,,2.10603714,7484.0,0.775,0.9969993,2.84e-06,0.3807966,-1.89379845,6.73,191707.71674063
2023-10-19,10,BTC-231027-21000-C,BTCUSDT,C,231027-21000,6400.0,6400.0,6400.0,6400.0,0.0,0.0,7230.0,8025.0,3.27,2.97,,1.99310303,7479.0,0.775,0.99685605,2.94e-06,0.39918684,-1.96424984,6.73,191651.66693409
2023-10-19,7,BTC-231027-21000-C,BTCUSDT,C,231027-21000,6400.0,6400.0,6400.0,6400.0,0.0,0.0,7085.0,8465.0,3.26,3.0,,2.57335663,7336.0,0.775,0.99617971,3.5e-06,0.47687287,-2.30984964,6.73,190659.8305956
2023-10-19,3,BTC-231027-21000-P,BTCUSDT,P,231027-21000,5.0,10.0,5.0,5.0,46.56,46.56,5.0,15.0,24.37,12.0,,0.89394689,9.0,0.83741099,-0.00749289,5.85e-06,0.8746441,-4.48429922,236.71,6684306.09082875
2023-10-19,1,BTC-231027-21000-P,BTCUSDT,P,231027-21000,5.0,10.0,5.0,5.0,46.56,46.56,5.0,20.0,26.7,3.57,,0.92418969,10.0,0.84977984,-0.00860179,6.48e-06,0.99181974,-5.10804388,234.86,6629160.37308605
2023-10-19,19,BTC-231027-21000-C,BTCUSDT,C,231027-21000,6400.0,6400.0,6400.0,6400.0,0.0,0.0,7495.0,8115.0,3.04,2.83,,1.82365417,7760.0,0.775,0.99804762,1.94e-06,0.25570449,-1.3211378,6.73,193320.41547764
2023-10-19,15,BTC-231027-21000-C,BTCUSDT,C,231027-21000,6400.0,6400.0,6400.0,6400.0,0.0,0.0,7480.0,8115.0,3.04,2.83,,1.90416336,7681.0,0.775,0.99767866,2.25e-06,0.30164021,-1.52459226,,
2023-10-19,5,BTC-231027-21000-C,BTCUSDT,C,231027-21000,6400.0,6400.0,6400.0,6400.0,0.0,0.0,7085.0,8510.0,3.26,2.59,,2.62123108,7313.0,0.775,0.99594265,3.68e-06,0.50549677,-2.42325426,6.73,190520.59207251
2023-10-19,7,BTC-231027-21000-P,BTCUSDT,P,231027-21000,5.0,10.0,5.0,5.0,4.42,4.42,5.0,10.0,27.99,23.46,,0.86294472,7.0,0.82897186,-0.0061815,5.02e-06,0.73227216,-3.79395088,234.86,6653546.48048765
2023-10-19,4,BTC-231027-21000-C,BTCUSDT,C,231027-21000,6400.0,6400.0,6400.0,6400.0,0.0,0.0,7025.0,8510.0,2.95,2.59,,2.6332283,7289.0,0.775,0.99577357,3.81e-06,0.52520819,-2.5048355,6.73,190317.48880767
2023-10-19,21,BTC-231027-21000-P,BTCUSDT,P,231027-21000,5.0,5.0,5.0,5.0,0.0,0.0,5.0,10.0,24.37,12.0,,0.92095673,7.0,0.88492215,-0.00597024,4.69e-06,0.69031664,-4.118262,234.86,6719080.64499128
2023-10-19,18,BTC-231027-21000-C,BTCUSDT,C,231027-21000,6400.0,6400.0,6400.0,6400.0,0.0,0.0,7425.0,8115.0,3.27,2.83,,1.95480347,7652.0,0.775,0.99777357,2.19e-06,0.28777675,-1.47862963,6.73,192887.33522707
2023-10-19,18,BTC-231027-21000-P,BTCUSDT,P,231027-21000,5.0,5.0,5.0,5.0,0.0,0.0,5.0,10.0,24.37,25.41,,0.91704428,7.0,0.88119537,-0.00593889,4.64e-06,0.69389612,-4.05385929,236.71,6784303.28701336
2023-10-19,11,BTC-231027-21000-P,BTCUSDT,P,231027-21000,5.0,10.0,5.0,5.0,4.0,4.0,5.0,15.0,25.99,12.0,,0.93017101,9.0,0.87159723,-0.0073131,5.58e-06,0.84411727,-4.69614376,234.86,6680714.72396494
2023-10-19,17,BTC-231027-21000-P,BTCUSDT,P,231027-21000,5.0,5.0,5.0,5.0,0.0,0.0,5.0,10.0,24.37,24.92,,0.90552747,7.0,0.87005019,-0.00601468,4.76e-06,0.70117371,-4.02234322,236.71,6757655.75623107
2023-10-19,19,BTC-231027-21000-P,BTCUSDT,P,231027-21000,5.0,5.0,5.0,5.0,0.0,0.0,5.0,10.0,24.37,11.41,,0.92915833,7.0,0.89292049,-0.00586019,4.52e-06,0.686427,-4.08615862,234.86,6746394.17222574
2023-10-19,9,BTC-231027-21000-C,BTCUSDT,C,231027-21000,6400.0,6400.0,6400.0,6400.0,0.0,0.0,7155.0,8025.0,2.97,2.97,,2.0674324,7403.0,0.775,0.99655177,3.2e-06,0.43373787,-2.12302962,6.73,191155.92921761
2023-10-19,20,BTC-231027-21000-P,BTCUSDT,P,231027-21000,5.0,5.0,5.0,5.0,0.0,0.0,5.0,10.0,24.37,12.0,,0.92796266,7.0,0.89173853,-0.00589106,4.57e-06,0.68669021,-4.10512071,234.86,6742169.37239405
2023-10-19,13,BTC-231027-21000-C,BTCUSDT,C,231027-21000,6400.0,6400.0,6400.0,6400.0,0.0,0.0,7305.0,8115.0,3.28,2.83,,2.10998535,7485.0,0.775,0.99706808,2.79e-06,0.37194495,-1.85972195,6.73,191638.82046471
2023-10-19,6,BTC-231027-21000-C,BTCUSDT,C,231027-21000,6400.0,6400.0,6400.0,6400.0,0.0,0.0,7085.0,8465.0,3.26,3.0,,2.6010704,7293.0,0.775,0.99594777,3.68e-06,0.50326816,-2.42507104,6.73,190319.70822855
2023-10-19,15,BTC-231027-21000-P,BTCUSDT,P,231027-21000,5.0,5.0,5.0,5.0,1.0,1.0,5.0,15.0,24.39,4.23,,0.96127093,9.0,0.90104401,-0.00710648,5.27e-06,0.82083472,-4.8235245,,
2023-10-19,2,BTC-231027-21000-C,BTCUSDT,C,231027-21000,6400.0,6400.0,6400.0,6400.0,0.0,0.0,7015.0,7875.0,2.73,2.96,,2.04818726,7214.0,0.775,0.99530455,4.17e-06,0.57836596,-2.73035323,6.73,189819.75575717
2023-10-19,2,BTC-231027-21000-P,BTCUSDT,P,231027-21000,5.0,10.0,5.0,5.0,46.56,46.56,5.0,15.0,26.7,12.0,,0.88723183,9.0,0.83105654,-0.00754098,5.92e-06,0.88028458,-4.45623486,234.86,6624229.99065815
2023-10-19,20,BTC-231027-21000-C,BTCUSDT,C,231027-21000,6400.0,6400.0,6400.0,6400.0,0.0,0.0,7545.0,8115.0,3.1,2.83,,1.88495636,7717.0,0.775,0.9980118,1.98e-06,0.25885199,-1.34487136,6.73,193199.35227886
2023-10-19,10,BTC-231027-21000-P,BTCUSDT,P,231027-21000,5.0,10.0,5.0,5.0,4.0,4.0,5.0,15.0,25.99,12.0,,0.93021274,9.0,0.87167293,-0.00728771,5.54e-06,0.84458797,-4.67430722,234.86,6688159.06331951
2023-10-19,0,BTC-231027-21000-C,BTCUSDT,C,231027-21000,6400.0,6400.0,6400.0,6400.0,0.0,0.0,7140.0,7875.0,3.0,2.96,,1.85537338,7393.0,0.775,0.99584645,3.7e-06,0.52429105,-2.45020099,6.73,191089.19276264
2023-10-19,12,BTC-231027-21000-P,BTCUSDT,P,231027-21000,10.0,10.0,5.0,5.0,2.0,2.0,5.0,15.0,28.65,12.0,,0.93557298,9.0,0.87670147,-0.00728366,5.53e-06,0.83982529,-4.72475921,236.71,6742813.31793072
2023-10-19,8,BTC-231027-21000-C,BTCUSDT,C,231027-21000,6400.0,6400.0,6400.0,6400.0,0.0,0.0,7100.0,8015.0,3.17,2.9,,2.12341309,7329.0,0.775,0.99623262,3.46e-06,0.46961237,-2.28659092,6.73,190658.09262855
2023-10-19,23,BTC-231027-21000-C,BTCUSDT,C,231027-21000,6400.0,6400.0,6400.0,6400.0,0.0,0.0,7550.0,8115.0,3.04,2.83,,1.90128326,7717.0,0.775,0.99815462,1.87e-06,0.23986199,-1.26745054,6.73,193209.23191886
2023-10-19,1,BTC-231027-21000-C,BTCUSDT,C,231027-21000,6400.0,6400.0,6400.0,6400.0,0.0,0.0,6985.0,7875.0,2.88,2.96,,2.01385498,7244.0,0.775,0.99534439,4.12e-06,0.57605794,-2.70572289,6.73,189961.03768572
2023-10-19,17,BTC-231027-21000-C,BTCUSDT,C,231027-21000,6400.0,6400.0,6400.0,6400.0,0.0,0.0,7290.0,8115.0,3.12,2.83,,2.06417084,7550.0,0.775,0.99748208,2.45e-06,0.32141871,-1.64241179,6.73,192129.70824822
2023-10-19,13,BTC-231027-21000-P,BTCUSDT,P,231027-21000,10.0,10.0,5.0,5.0,2.0,2.0,5.0,15.0,28.65,4.23,,0.9382385,9.0,0.87920129,-0.00728214,5.53e-06,0.83747241,-4.7503595,234.86,6687710.75398851
2023-10-19,22,BTC-231027-21000-P,BTCUSDT,P,231027-21000,5.0,5.0,5.0,5.0,0.0,0.0,5.0,10.0,24.37,12.0,,0.92741609,7.0,0.89116246,-0.00593832,4.64e-06,0.68614595,-4.14553595,234.86,6731952.29925979
2023-10-19,3,BTC-231027-21000-C,BTCUSDT,C,231027-21000,6400.0,6400.0,6400.0,6400.0,0.0,0.0,6995.0,8510.0,2.87,2.59,,2.64696121,7263.0,0.775,0.99558952,3.95e-06,0.54649116,-2.59304111,6.73,190044.27354686
2023-10-19,21,BTC-231027-21000-C,BTCUSDT,C,231027-21000,6400.0,6400.0,6400.0,6400.0,0.0,0.0,7545.0,8115.0,3.1,2.83,,2.0208168,7609.0,0.775,0.99783912,2.15e-06,0.27734326,-1.44903834,6.73,192537.73627178
2023-10-19,5,BTC-231027-21000-P,BTCUSDT,P,231027-21000,5.0,10.0,5.0,5.0,4.42,4.42,5.0,15.0,24.37,12.0,,0.90310156,9.0,0.84605277,-0.00744442,5.77e-06,0.86675408,-4.53599154,236.71,6701059.33870505
2023-10-19,9,BTC-231027-21000-P,BTCUSDT,P,231027-21000,5.0,10.0,5.0,5.0,4.0,4.0,5.0,10.0,30.07,20.97,,0.87337017,7.0,0.83903968,-0.0061284,4.94e-06,0.72462394,-3.83992011,234.86,6670859.06924938
2023-10-19,14,BTC-231027-21000-P,BTCUSDT,P,231027-21000,10.0,10.0,5.0,5.0,2.0,2.0,5.0,15.0,26.17,18.23,,0.95945776,9.0,0.89935601,-0.00709888,5.26e-06,0.82253461,-4.79838055,234.86,6725223.42210574
2023-10-19,23,BTC-231027-21000-P,BTCUSDT,P,231027-21000,5.0,5.0,5.0,5.0,0.0,0.0,5.0,10.0,24.37,12.0,,0.93581498,7.0,0.89928389,-0.00589126,4.57e-06,0.68092515,-4.17507309,234.86,6742514.14687405
2023-10-19,11,BTC-231027-21000-C,BTCUSDT,C,231027-21000,6400.0,6400.0,6400.0,6400.0,0.0,0.0,7190.0,8115.0,3.1,2.83,,2.13243484,7452.0,0.775,0.99684076,2.97e-06,0.39948313,-1.97616361,6.73,191438.34664176
2023-10-19,14,BTC-231027-21000-C,BTCUSDT,C,231027-21000,6400.0,6400.0,6400.0,6400.0,0.0,0.0,6940.0,8115.0,3.27,2.83,,1.88846588,7690.0,0.775,0.99764461,2.28e-06,0.30656644,-1.54111548,6.73,192713.75981764
2023-10-19,16,BTC-231027-21000-P,BTCUSDT,P,231027-21000,5.0,5.0,5.0,5.0,0.0,0.0,5.0,10.0,24.47,26.0,,0.90955377,7.0,0.87397605,-0.00595956,4.67e-06,0.69918669,-4.00702618,234.86,6726631.47688277
2023-10-19,8,BTC-231027-21000-P,BTCUSDT,P,231027-21000,5.0,10.0,5.0,5.0,4.42,4.42,5.0,10.0,25.99,23.93,,0.8646369,7.0,0.83059281,-0.00618663,5.03e-06,0.73073232,-3.8132364,234.86,6653485.8298279
2023-10-19,0,BTC-231027-21000-P,BTCUSDT,P,231027-21000,5.0,10.0,5.0,5.0,46.56,46.56,5.0,15.0,26.7,11.7,,0.89876592,9.0,0.84209383,-0.00736907,5.66e-06,0.87246715,-4.43034072,234.86,6668530.13554741
2023-10-19,22,BTC-231027-21000-C,BTCUSDT,C,231027-21000,6400.0,6400.0,6400.0,6400.0,0.0,0.0,7550.0,8115.0,3.04,2.83,,1.9758606,7652.0,0.775,0.99798059,2.03e-06,0.26047814,-1.36861178,6.73,192906.5782765
2023-10-19,16,BTC-231027-21000-C,BTCUSDT,C,231027-21000,6400.0,6400.0,6400.0,6400.0,0.0,0.0,7480.0,8115.0,3.09,2.83,,1.97664261,7624.0,0.775,0.99760208,2.33e-06,0.30917114,-1.57119523,6.73,192754.10814707
2023-10-19,6,BTC-231027-21000-P,BTCUSDT,P,231027-21000,5.0,10.0,5.0,5.0,4.42,4.42,5.0,10.0,27.35,24.32,,0.85695684,7.0,0.82318723,-0.00621592,5.08e-06,0.73667251,-3.77047793,236.71,6693993.77931361
2023-10-20,4,BTC-231027-21000-P,BTCUSDT,P,231027-21000,5.0,5.0,5.0,5.0,0.0,0.0,5.0,10.0,24.37,12.0,,1.00324094,7.0,0.96456051,-0.00548332,3.97e-06,0.643002,-4.35237423,236.71,6940888.62290664
2023-10-20,12,BTC-231027-21000-C,BTCUSDT,C,231027-21000,6400.0,6400.0,6400.0,6400.0,0.0,0.0,7700.0,9325.0,2.69,3.94,,2.63120651,8512.0,0.775,0.99946533,6.1e-07,0.07611558,-0.43427832,6.73,198578.04167805
2023-10-20,10,BTC-231027-21000-C,BTCUSDT,C,231027-21000,6400.0,6400.0,6400.0,6400.0,0.0,0.0,8660.0,9690.0,3.06,2.54,,2.69321442,8854.0,0.775,0.9996114,4.4e-07,0.05763616,-0.32485781,6.73,201013.47337031
2023-10-20,7,BTC-231027-21000-C,BTCUSDT,C,231027-21000,6400.0,6400.0,6400.0,6400.0,0.0,0.0,8025.0,8970.0,2.79,2.85,,2.45193481,8242.0,0.775,0.99915049,9.2e-07,0.11736754,-0.64971211,6.73,196759.92552195
2023-10-20,3,BTC-231027-21000-P,BTCUSDT,P,231027-21000,5.0,5.0,5.0,5.0,0.0,0.0,5.0,10.0,24.37,12.0,,0.99302709,7.0,0.95467746,-0.00553622,4.05e-06,0.64856109,-4.31976036,234.86,6867548.02949426
2023-10-20,1,BTC-231027-21000-P,BTCUSDT,P,231027-21000,5.0,5.0,5.0,5.0,0.0,0.0,5.0,10.0,24.37,12.0,,0.93597591,7.0,0.89939296,-0.00593344,4.63e-06,0.67996845,-4.21764045,236.71,6781716.77076664
2023-10-20,19,BTC-231027-21000-C,BTCUSDT,C,231027-21000,6400.0,6400.0,6400.0,6400.0,0.0,0.0,8270.0,9300.0,2.85,2.91,,2.60978699,8558.0,0.775,0.99960609,4.7e-07,0.0561901,-0.33497884,6.73,198927.61045057
2023-10-20,15,BTC-231027-21000-C,BTCUSDT,C,231027-21000,6400.0,6400.0,6400.0,6400.0,0.0,0.0,7725.0,9300.0,1.5,2.91,,2.58544922,8550.0,0.775,0.99953942,5.3e-07,0.06576966,-0.38228551,6.73,198867.12993736
2023-10-20,5,BTC-231027-21000-C,BTCUSDT,C,231027-21000,6400.0,6400.0,6400.0,6400.0,0.0,0.0,8050.0,8915.0,2.88,2.74,,2.3915863,8223.0,0.775,0.9990786,9.9e-07,0.1271362,-0.69550866,6.73,196627.02441414
2023-10-20,7,BTC-231027-21000-P,BTCUSDT,P,231027-21000,5.0,5.0,5.0,5.0,0.0,0.0,5.0,10.0,24.37,25.67,,1.00524426,7.0,0.96642673,-0.00553286,4.04e-06,0.64074493,-4.42308571,234.86,6866424.38455938
2023-10-20,4,BTC-231027-21000-C,BTCUSDT,C,231027-21000,6400.0,6400.0,6400.0,6400.0,0.0,0.0,8050.0,8915.0,2.88,2.74,,2.27937698,8320.0,0.775,0.99914425,9.2e-07,0.11952773,-0.65006206,6.73,197339.27773293
2023-10-20,21,BTC-231027-21000-P,BTCUSDT,P,231027-21000,10.0,10.0,10.0,10.0,3.24,3.24,5.0,25.0,25.93,2.7,,1.22516215,12.0,1.1131525,-0.00813623,5.09e-06,0.87355034,-7.57708825,238.1,7050605.71363694
2023-10-20,18,BTC-231027-21000-C,BTCUSDT,C,231027-21000,6400.0,6400.0,6400.0,6400.0,0.0,0.0,8260.0,9300.0,3.01,2.91,,2.67728806,8487.0,0.775,0.99955528,5.2e-07,0.06293296,-0.37278692,6.73,198449.56597805
2023-10-20,18,BTC-231027-21000-P,BTCUSDT,P,231027-21000,10.0,10.0,10.0,10.0,3.24,3.24,5.0,25.0,24.37,2.7,,1.20076716,12.0,1.0907203,-0.0082527,5.23e-06,0.88926289,-7.41351874,238.1,7020927.43824283
2023-10-20,11,BTC-231027-21000-P,BTCUSDT,P,231027-21000,5.0,10.0,5.0,10.0,3.24,3.24,5.0,10.0,24.37,14.84,,1.07060254,7.0,1.02973163,-0.00517246,3.54e-06,0.60847804,-4.58464409,238.1,7107609.18230733
2023-10-20,17,BTC-231027-21000-P,BTCUSDT,P,231027-21000,10.0,10.0,10.0,10.0,3.24,3.24,5.0,15.0,24.37,9.8,,1.11776412,9.0,1.04891479,-0.00644107,4.35e-06,0.71770248,-5.71752473,239.95,7082387.82584652
2023-10-20,19,BTC-231027-21000-P,BTCUSDT,P,231027-21000,10.0,10.0,10.0,10.0,3.24,3.24,5.0,25.0,24.37,2.7,,1.21173143,12.0,1.10083193,-0.00818695,5.15e-06,0.88235131,-7.47168275,239.95,7092523.05016547
2023-10-20,9,BTC-231027-21000-C,BTCUSDT,C,231027-21000,6400.0,6400.0,6400.0,6400.0,0.0,0.0,8515.0,9495.0,3.17,2.78,,2.5103569,8798.0,0.775,0.99957106,4.8e-07,0.06324025,-0.35429717,6.73,200525.54910987
2023-10-20,20,BTC-231027-21000-P,BTCUSDT,P,231027-21000,10.0,10.0,10.0,10.0,3.24,3.24,5.0,25.0,24.37,2.7,,1.21740997,12.0,1.10602856,-0.00817073,5.13e-06,0.87851638,-7.52254813,238.1,7042269.28317596
2023-10-20,13,BTC-231027-21000-C,BTCUSDT,C,231027-21000,6400.0,6400.0,6400.0,6400.0,0.0,0.0,8365.0,9320.0,2.9,2.68,,2.48241425,8653.0,0.775,0.9995605,5e-07,0.06358759,-0.36503927,6.73,199558.86596151
2023-10-20,6,BTC-231027-21000-C,BTCUSDT,C,231027-21000,6400.0,6400.0,6400.0,6400.0,0.0,0.0,8000.0,8970.0,3.08,2.85,,2.40123749,8283.0,0.775,0.99916239,9.1e-07,0.11636295,-0.64033945,6.73,196976.53168132
2023-10-20,15,BTC-231027-21000-P,BTCUSDT,P,231027-21000,5.0,10.0,5.0,10.0,3.24,3.24,10.0,15.0,0.05,12.59,,1.11394942,12.0,1.08599067,-0.00818173,5.15e-06,0.89285109,-7.27219699,239.95,7090366.69070863
2023-10-20,2,BTC-231027-21000-C,BTCUSDT,C,231027-21000,6400.0,6400.0,6400.0,6400.0,0.0,0.0,7430.0,11560.0,3.06,3.72,,5.02923965,7980.0,0.775,0.99870006,1.36e-06,0.17436115,-0.93731568,6.73,195161.00396943
2023-10-20,2,BTC-231027-21000-P,BTCUSDT,P,231027-21000,5.0,5.0,5.0,5.0,0.0,0.0,5.0,10.0,24.37,12.0,,0.96745312,7.0,0.92989564,-0.00570628,4.29e-06,0.66227939,-4.27179003,234.86,6810626.06125702
2023-10-20,20,BTC-231027-21000-C,BTCUSDT,C,231027-21000,6400.0,6400.0,6400.0,6400.0,0.0,0.0,8345.0,9300.0,3.13,2.91,,2.59872437,8576.0,0.775,0.99962871,4.4e-07,0.05304916,-0.31829437,6.73,199052.8025022
2023-10-20,10,BTC-231027-21000-P,BTCUSDT,P,231027-21000,5.0,10.0,5.0,10.0,3.24,3.24,5.0,10.0,24.37,14.55,,1.06858432,7.0,1.02780104,-0.00516451,3.53e-06,0.60978316,-4.55807064,238.1,7111635.6626258
2023-10-20,0,BTC-231027-21000-C,BTCUSDT,C,231027-21000,6400.0,6400.0,6400.0,6400.0,0.0,0.0,7550.0,8115.0,3.04,2.83,,1.99958801,7642.0,0.775,0.99805871,1.97e-06,0.24979632,-1.32748689,6.73,192771.61248114
2023-10-20,12,BTC-231027-21000-P,BTCUSDT,P,231027-21000,5.0,10.0,5.0,10.0,3.24,3.24,5.0,15.0,27.29,2.79,,1.10009968,9.0,1.03233278,-0.0064441,4.36e-06,0.72917061,-5.54168425,239.95,7080059.59890768
2023-10-20,8,BTC-231027-21000-C,BTCUSDT,C,231027-21000,6400.0,6400.0,6400.0,6400.0,0.0,0.0,7920.0,9505.0,1.5,2.89,,2.58182526,8736.0,0.775,0.99952335,5.3e-07,0.06979601,-0.3886837,6.73,200204.9149
2023-10-20,23,BTC-231027-21000-C,BTCUSDT,C,231027-21000,6400.0,6400.0,6400.0,6400.0,0.0,0.0,8475.0,9300.0,2.85,2.91,,2.51821518,8669.0,0.775,0.99970495,3.6e-07,0.04255642,-0.26037762,6.73,199670.98850107
2023-10-20,1,BTC-231027-21000-C,BTCUSDT,C,231027-21000,6400.0,6400.0,6400.0,6400.0,0.0,0.0,6900.0,10820.0,1.5,1.5,,4.59964752,7659.0,0.775,0.99814,1.9e-06,0.23972783,-1.28130189,6.73,192813.79691293
2023-10-20,17,BTC-231027-21000-C,BTCUSDT,C,231027-21000,6400.0,6400.0,6400.0,6400.0,0.0,0.0,8230.0,9300.0,2.91,2.91,,2.63811111,8516.0,0.775,0.99955424,5.2e-07,0.06333276,-0.3727808,6.73,198643.34264616
2023-10-20,13,BTC-231027-21000-P,BTCUSDT,P,231027-21000,5.0,10.0,5.0,10.0,3.24,3.24,5.0,15.0,27.29,2.79,,1.11656725,9.0,1.04797065,-0.00634339,4.23e-06,0.72029505,-5.59145766,239.95,7115029.70096043
2023-10-20,22,BTC-231027-21000-P,BTCUSDT,P,231027-21000,10.0,10.0,10.0,10.0,3.24,3.24,5.0,10.0,24.37,1.87,,1.09300196,7.0,1.0511443,-0.00526981,3.68e-06,0.59415656,-4.89837763,239.95,7114223.38985611
2023-10-20,3,BTC-231027-21000-C,BTCUSDT,C,231027-21000,6400.0,6400.0,6400.0,6400.0,0.0,0.0,7505.0,8915.0,2.83,2.74,,2.36316681,8237.0,0.775,0.99903651,1.02e-06,0.13330103,-0.72075441,6.73,196792.12398236
2023-10-20,21,BTC-231027-21000-C,BTCUSDT,C,231027-21000,6400.0,6400.0,6400.0,6400.0,0.0,0.0,8345.0,9300.0,3.13,2.91,,2.56465912,8614.0,0.775,0.99965869,4.1e-07,0.04896088,-0.2956723,6.73,199288.43533296
2023-10-20,5,BTC-231027-21000-P,BTCUSDT,P,231027-21000,5.0,5.0,5.0,5.0,0.0,0.0,5.0,10.0,24.37,12.0,,0.99763572,7.0,0.95909774,-0.00554505,4.06e-06,0.64538994,-4.36934838,234.86,6861786.47160554
2023-10-20,9,BTC-231027-21000-P,BTCUSDT,P,231027-21000,5.0,5.0,5.0,5.0,0.0,0.0,5.0,10.0,24.37,3.24,,1.06049359,7.0,1.01997733,-0.00519615,3.58e-06,0.61381031,-4.52581843,236.71,7052957.31497742
2023-10-20,14,BTC-231027-21000-P,BTCUSDT,P,231027-21000,5.0,10.0,5.0,10.0,3.24,3.24,10.0,15.0,0.05,2.79,,1.11361444,12.0,1.08568341,-0.00815144,5.12e-06,0.89373941,-7.23217169,239.95,7094189.72704317
2023-10-20,23,BTC-231027-21000-P,BTCUSDT,P,231027-21000,10.0,10.0,10.0,10.0,3.24,3.24,5.0,15.0,24.37,1.81,,1.15420341,9.0,1.08331531,-0.0063324,4.21e-06,0.69700815,-5.96114387,239.95,7119027.29432854
2023-10-20,11,BTC-231027-21000-C,BTCUSDT,C,231027-21000,6400.0,6400.0,6400.0,6400.0,0.0,0.0,8635.0,9695.0,3.07,2.92,,2.72157669,8840.0,0.775,0.999619,4.4e-07,0.05639066,-0.31977578,6.73,200899.66315384
2023-10-20,14,BTC-231027-21000-C,BTCUSDT,C,231027-21000,6400.0,6400.0,6400.0,6400.0,0.0,0.0,7835.0,9300.0,4.54,2.91,,2.54127502,8584.0,0.775,0.99954082,5.3e-07,0.06586416,-0.38045692,6.73,198974.35658679
2023-10-20,16,BTC-231027-21000-P,BTCUSDT,P,231027-21000,10.0,10.0,10.0,10.0,3.24,3.24,5.0,15.0,24.37,12.59,,1.11215413,9.0,1.04362071,-0.00645723,4.38e-06,0.72102454,-5.67905528,238.1,7022017.64842755
2023-10-20,8,BTC-231027-21000-P,BTCUSDT,P,231027-21000,5.0,5.0,5.0,5.0,0.0,0.0,5.0,10.0,24.37,3.04,,1.05182827,7.0,1.01159602,-0.00523226,3.63e-06,0.61815278,-4.49331631,236.71,7041679.8523
2023-10-20,0,BTC-231027-21000-P,BTCUSDT,P,231027-21000,5.0,5.0,5.0,5.0,0.0,0.0,5.0,10.0,24.37,12.0,,0.93176484,7.0,0.89533299,-0.00594598,4.65e-06,0.68279063,-4.19193603,234.86,6727242.33392595
2023-10-20,22,BTC-231027-21000-C,BTCUSDT,C,231027-21000,6400.0,6400.0,6400.0,6400.0,0.0,0.0,8365.0,9300.0,3.19,2.91,,2.50759125,8671.0,0.775,0.99969359,3.7e-07,0.04422733,-0.26883231,6.73,199536.25094283
2023-10-20,16,BTC-231027-21000-C,BTCUSDT,C,231027-21000,6400.0,6400.0,6400.0,6400.0,0.0,0.0,8300.0,9300.0,2.76,2.91,,2.65306473,8494.0,0.775,0.99952568,5.5e-07,0.06724536,-0.39332125,6.73,198480.38124283
2023-10-20,6,BTC-231027-21000-P,BTCUSDT,P,231027-21000,5.0,5.0,5.0,5.0,0.0,0.0,5.0,10.0,24.37,11.55,,1.00592673,7.0,0.96711457,-0.00550649,4.01e-06,0.64083061,-4.40063147,236.71,6928129.98726382
2023-10-21,4,BTC-231027-21000-P,BTCUSDT,P,231027-21000,10.0,10.0,10.0,10.0,3.24,3.24,5.0,15.0,24.37,1.81,,1.162588,9.0,1.09103024,-0.0064133,4.32e-06,0.69052716,-6.15007826,238.1,7037811.37089092
2023-10-21,12,BTC-231027-21000-C,BTCUSDT,C,231027-21000,6400.0,6400.0,6400.0,6400.0,0.0,0.0,8545.0,9780.0,2.98,2.91,,3.13846588,8767.0,0.775,0.9998541,1.9e-07,0.02115054,-0.14151055,6.73,200312.03801101
2023-10-21,10,BTC-231027-21000-C,BTCUSDT,C,231027-21000,6400.0,6400.0,6400.0,6400.0,0.0,0.0,8535.0,9780.0,3.07,2.91,,3.10756683,8775.0,0.775,0.99984104,2.1e-07,0.02308932,-0.15229099,6.73,200388.75705277
2023-10-21,7,BTC-231027-21000-C,BTCUSDT,C,231027-21000,6400.0,6400.0,6400.0,6400.0,0.0,0.0,8425.0,9300.0,3.26,2.91,,2.55187988,8697.0,0.775,0.99979789,2.6e-07,0.02913474,-0.18816152,6.73,199853.54233956
2023-10-21,3,BTC-231027-21000-P,BTCUSDT,P,231027-21000,10.0,10.0,10.0,10.0,3.24,3.24,5.0,15.0,24.37,1.81,,1.16339862,9.0,1.09185815,-0.00637836,4.27e-06,0.6906722,-6.11444315,238.1,7048688.45917596
2023-10-21,1,BTC-231027-21000-P,BTCUSDT,P,231027-21000,10.0,10.0,10.0,10.0,3.24,3.24,5.0,15.0,24.37,1.81,,1.1487329,9.0,1.07799768,-0.00642949,4.34e-06,0.69856425,-6.024394,238.1,7030145.0741871
2023-10-21,19,BTC-231027-21000-C,BTCUSDT,C,231027-21000,6400.0,6400.0,6400.0,6400.0,0.0,0.0,8915.0,11205.0,2.88,1.5,,4.45896149,9145.0,0.775,0.99994032,8e-08,0.00900787,-0.06346438,6.73,202980.53625937
2023-10-21,15,BTC-231027-21000-C,BTCUSDT,C,231027-21000,6400.0,6400.0,6400.0,6400.0,0.0,0.0,8685.0,9780.0,2.88,2.91,,2.98629761,8940.0,0.775,0.99990082,1.4e-07,0.01464951,-0.10017658,6.73,201490.20734176
2023-10-21,5,BTC-231027-21000-C,BTCUSDT,C,231027-21000,6400.0,6400.0,6400.0,6400.0,0.0,0.0,8310.0,9300.0,2.86,2.91,,2.67726898,8576.0,0.775,0.99974246,3.2e-07,0.03663218,-0.23334151,6.73,198948.01048572
2023-10-21,7,BTC-231027-21000-P,BTCUSDT,P,231027-21000,10.0,10.0,10.0,10.0,3.24,3.24,5.0,10.0,24.37,6.15,,1.12917006,7.0,1.08594894,-0.00525413,3.65e-06,0.57541159,-5.20722001,239.95,7125536.03036811
2023-10-21,4,BTC-231027-21000-C,BTCUSDT,C,231027-21000,6400.0,6400.0,6400.0,6400.0,0.0,0.0,8310.0,9300.0,2.86,2.91,,2.69248962,8555.0,0.775,0.99972383,3.5e-07,0.03920002,-0.24799964,6.73,198926.79767365
2023-10-21,21,BTC-231027-21000-P,BTCUSDT,P,231027-21000,10.0,10.0,5.0,5.0,2.97,2.97,5.0,10.0,23.37,2.06,,1.21700227,7.0,1.17066711,-0.0050901,3.44e-06,0.53671059,-5.79976703,241.92,7256673.47298459
2023-10-21,18,BTC-231027-21000-C,BTCUSDT,C,231027-21000,6400.0,6400.0,6400.0,6400.0,0.0,0.0,8895.0,11340.0,3.12,1.5,,4.53102112,9205.0,0.775,0.99994195,8e-08,0.00882717,-0.06172366,6.73,203281.71485277
2023-10-21,18,BTC-231027-21000-P,BTCUSDT,P,231027-21000,10.0,10.0,5.0,5.0,2.97,2.97,5.0,10.0,23.37,2.06,,1.22405469,7.0,1.17763042,-0.00497382,3.28e-06,0.53565857,-5.6914873,240.07,7251388.00664252
2023-10-21,11,BTC-231027-21000-P,BTCUSDT,P,231027-21000,10.0,10.0,5.0,5.0,2.97,2.97,5.0,10.0,23.37,2.51,,1.15545809,7.0,1.11131966,-0.00519207,3.57e-06,0.5634373,-5.3670661,240.07,7153487.93550579
2023-10-21,17,BTC-231027-21000-P,BTCUSDT,P,231027-21000,10.0,10.0,5.0,5.0,2.97,2.97,5.0,10.0,23.37,3.25,,1.21441901,7.0,1.1683172,-0.00500179,3.32e-06,0.53941158,-5.64360468,241.92,7288148.54104727
2023-10-21,19,BTC-231027-21000-P,BTCUSDT,P,231027-21000,10.0,10.0,5.0,5.0,2.97,2.97,5.0,10.0,23.37,2.06,,1.22289538,7.0,1.17646605,-0.00500558,3.32e-06,0.53560512,-5.72836286,241.92,7296441.50547809
2023-10-21,9,BTC-231027-21000-C,BTCUSDT,C,231027-21000,6400.0,6400.0,6400.0,6400.0,0.0,0.0,8010.0,9780.0,2.87,2.91,,3.03167343,8838.0,0.775,0.99984644,2e-07,0.02248087,-0.14723358,6.73,200715.48598019
2023-10-21,20,BTC-231027-21000-P,BTCUSDT,P,231027-21000,10.0,10.0,5.0,5.0,2.97,2.97,5.0,10.0,23.37,2.06,,1.21446133,7.0,1.1682412,-0.00507823,3.42e-06,0.53804183,-5.75781342,241.92,7259173.03827637
2023-10-21,13,BTC-231027-21000-C,BTCUSDT,C,231027-21000,6400.0,6400.0,6400.0,6400.0,0.0,0.0,8545.0,9780.0,2.98,2.91,,3.14062119,8776.0,0.775,0.99986277,1.8e-07,0.0199042,-0.13413672,6.73,200400.44284723
2023-10-21,6,BTC-231027-21000-C,BTCUSDT,C,231027-21000,6400.0,6400.0,6400.0,6400.0,0.0,0.0,8425.0,9300.0,3.26,2.91,,2.53519058,8704.0,0.775,0.99979032,2.7e-07,0.03026411,-0.19410734,6.73,199910.98030107
2023-10-21,15,BTC-231027-21000-P,BTCUSDT,P,231027-21000,10.0,10.0,5.0,5.0,2.97,2.97,5.0,10.0,23.37,2.51,,1.18521273,7.0,1.1400485,-0.00511681,3.47e-06,0.55062742,-5.53888834,241.92,7242869.38486164
2023-10-21,2,BTC-231027-21000-C,BTCUSDT,C,231027-21000,6400.0,6400.0,6400.0,6400.0,0.0,0.0,8245.0,9300.0,2.82,2.91,,2.74864197,8486.0,0.775,0.99967345,4e-07,0.04602142,-0.28724726,6.73,198423.94242749
2023-10-21,2,BTC-231027-21000-P,BTCUSDT,P,231027-21000,10.0,10.0,10.0,10.0,3.24,3.24,5.0,15.0,24.37,1.81,,1.14814341,9.0,1.07738256,-0.00646266,4.38e-06,0.69832484,-6.05928805,239.95,7074565.37674221
2023-10-21,20,BTC-231027-21000-C,BTCUSDT,C,231027-21000,6400.0,6400.0,6400.0,6400.0,0.0,0.0,8755.0,11190.0,2.83,1.5,,4.57653046,9010.0,0.775,0.99993173,1e-07,0.010141,-0.07199318,6.73,201943.76053075
2023-10-21,10,BTC-231027-21000-P,BTCUSDT,P,231027-21000,10.0,10.0,5.0,5.0,2.97,2.97,5.0,10.0,23.37,2.51,,1.14848793,7.0,1.10459089,-0.00520933,3.59e-06,0.56654187,-5.32592136,241.92,7203276.09304693
2023-10-21,0,BTC-231027-21000-C,BTCUSDT,C,231027-21000,6400.0,6400.0,6400.0,6400.0,0.0,0.0,8475.0,9300.0,2.85,2.91,,2.57492065,8627.0,0.775,0.99970196,3.6e-07,0.04275623,-0.26333259,6.73,199395.20641321
2023-10-21,12,BTC-231027-21000-P,BTCUSDT,P,231027-21000,10.0,10.0,5.0,5.0,2.97,2.97,5.0,10.0,23.37,2.51,,1.15592301,7.0,1.11173511,-0.00521412,3.6e-06,0.56281189,-5.40169628,241.92,7200518.31138528
2023-10-21,8,BTC-231027-21000-C,BTCUSDT,C,231027-21000,6400.0,6400.0,6400.0,6400.0,0.0,0.0,8265.0,10190.0,4.71,4.24,,3.65041733,8661.0,0.775,0.9997977,2.6e-07,0.02902398,-0.18875696,6.73,199617.60037251
2023-10-21,23,BTC-231027-21000-C,BTCUSDT,C,231027-21000,6400.0,6400.0,6400.0,6400.0,0.0,0.0,8755.0,10980.0,2.83,1.5,,4.49474335,8910.0,0.775,0.99993383,1e-07,0.00970156,-0.07048776,6.73,201294.65350987
2023-10-21,1,BTC-231027-21000-C,BTCUSDT,C,231027-21000,6400.0,6400.0,6400.0,6400.0,0.0,0.0,8050.0,9300.0,3.29,2.91,,2.69012451,8532.0,0.775,0.9996785,3.9e-07,0.04558177,-0.28260646,6.73,198710.10646484
2023-10-21,17,BTC-231027-21000-C,BTCUSDT,C,231027-21000,6400.0,6400.0,6400.0,6400.0,0.0,0.0,7765.0,11320.0,1.5,1.5,,4.53853607,9152.0,0.775,0.99993376,9e-08,0.01001549,-0.06951037,6.73,202749.83333849
2023-10-21,13,BTC-231027-21000-P,BTCUSDT,P,231027-21000,10.0,10.0,5.0,5.0,2.97,2.97,5.0,10.0,23.37,2.51,,1.16095483,7.0,1.11658156,-0.00520903,3.59e-06,0.56046414,-5.44176233,240.07,7148608.36765748
2023-10-21,22,BTC-231027-21000-P,BTCUSDT,P,231027-21000,10.0,10.0,5.0,5.0,2.97,2.97,5.0,10.0,23.37,2.06,,1.22258842,7.0,1.17604822,-0.00508519,3.43e-06,0.53434281,-5.84568889,241.92,7258187.57316952
2023-10-21,3,BTC-231027-21000-C,BTCUSDT,C,231027-21000,6400.0,6400.0,6400.0,6400.0,0.0,0.0,8325.0,9300.0,2.85,2.91,,2.62815475,8604.0,0.775,0.99972898,3.4e-07,0.03871311,-0.24326435,6.73,199234.2433022
2023-10-21,21,BTC-231027-21000-C,BTCUSDT,C,231027-21000,6400.0,6400.0,6400.0,6400.0,0.0,0.0,8755.0,11190.0,2.83,1.5,,4.61269379,8988.0,0.775,0.99993353,1e-07,0.00984337,-0.07041784,6.73,201874.22483956
2023-10-21,5,BTC-231027-21000-P,BTCUSDT,P,231027-21000,10.0,10.0,10.0,10.0,3.24,3.24,5.0,15.0,24.37,1.81,,1.1686784,9.0,1.09677553,-0.00639779,4.3e-06,0.68720469,-6.19485906,239.95,7093250.38871463
2023-10-21,9,BTC-231027-21000-P,BTCUSDT,P,231027-21000,10.0,10.0,10.0,10.0,5.21,5.21,5.0,10.0,24.37,2.51,,1.15034878,7.0,1.10643148,-0.0051737,3.55e-06,0.5662757,-5.29473836,241.92,7215020.8571065
2023-10-21,14,BTC-231027-21000-P,BTCUSDT,P,231027-21000,10.0,10.0,5.0,5.0,2.97,2.97,5.0,10.0,23.37,2.51,,1.1754328,7.0,1.13059461,-0.00514853,3.51e-06,0.55463795,-5.49257871,240.07,7176228.73773298
2023-10-21,23,BTC-231027-21000-P,BTCUSDT,P,231027-21000,10.0,10.0,5.0,5.0,2.97,2.97,5.0,10.0,23.37,2.06,,1.2187475,7.0,1.17228001,-0.00513335,3.49e-06,0.5351906,-5.88179894,241.92,7235839.90744554
2023-10-21,11,BTC-231027-21000-C,BTCUSDT,C,231027-21000,6400.0,6400.0,6400.0,6400.0,0.0,0.0,8545.0,9780.0,2.98,2.91,,3.08729172,8805.0,0.775,0.99985446,1.9e-07,0.02120579,-0.14086674,6.73,200537.23416484
2023-10-21,14,BTC-231027-21000-C,BTCUSDT,C,231027-21000,6400.0,6400.0,6400.0,6400.0,0.0,0.0,8685.0,9780.0,2.88,2.91,,3.03829193,8883.0,0.775,0.99988706,1.5e-07,0.01657904,-0.1125436,6.73,201174.73822195
2023-10-21,16,BTC-231027-21000-P,BTCUSDT,P,231027-21000,10.0,10.0,5.0,5.0,2.97,2.97,5.0,10.0,23.37,2.51,,1.1824888,7.0,1.13736749,-0.00515795,3.53e-06,0.5511614,-5.57219344,240.07,7165672.88621428
2023-10-21,8,BTC-231027-21000-P,BTCUSDT,P,231027-21000,10.0,10.0,10.0,10.0,3.24,3.24,5.0,10.0,24.37,4.48,,1.12970948,7.0,1.0864386,-0.00527515,3.68e-06,0.57475272,-5.23999154,239.95,7117123.80525779
2023-10-21,0,BTC-231027-21000-P,BTCUSDT,P,231027-21000,10.0,10.0,10.0,10.0,3.24,3.24,5.0,15.0,24.37,1.81,,1.15404904,9.0,1.08311474,-0.00636161,4.25e-06,0.69657146,-5.9957518,238.1,7054383.15705573
2023-10-21,22,BTC-231027-21000-C,BTCUSDT,C,231027-21000,6400.0,6400.0,6400.0,6400.0,0.0,0.0,8755.0,11110.0,2.83,1.5,,4.53876495,8997.0,0.775,0.99993812,9e-08,0.00916924,-0.06610369,6.73,201916.34576484
2023-10-21,16,BTC-231027-21000-C,BTCUSDT,C,231027-21000,6400.0,6400.0,6400.0,6400.0,0.0,0.0,8685.0,11130.0,2.88,1.5,,4.56745148,8866.0,0.775,0.99989589,1.4e-07,0.01523822,-0.10497415,6.73,200878.82086151
2023-10-21,6,BTC-231027-21000-P,BTCUSDT,P,231027-21000,10.0,10.0,10.0,10.0,3.24,3.24,5.0,10.0,24.37,6.15,,1.12586617,7.0,1.08277678,-0.00525044,3.65e-06,0.57716835,-5.1719445,239.95,7127583.91132854
2023-10-22,4,BTC-231027-21000-P,BTCUSDT,P,231027-21000,10.0,10.0,5.0,5.0,2.97,2.97,5.0,10.0,23.37,2.06,,1.24782979,7.0,1.20029271,-0.00510826,3.46e-06,0.52314122,-6.12606027,241.92,7246678.45513732
2023-10-22,12,BTC-231027-21000-C,BTCUSDT,C,231027-21000,6400.0,6400.0,6400.0,6400.0,0.0,0.0,8685.0,9925.0,3.19,2.84,,3.49620819,8895.0,0.775,0.9999711,5e-08,0.0042011,-0.03397405,6.73,201194.86166151
2023-10-22,10,BTC-231027-21000-C,BTCUSDT,C,231027-21000,6400.0,6400.0,6400.0,6400.0,0.0,0.0,8685.0,9925.0,3.19,2.84,,3.46233368,8898.0,0.775,0.99996685,5e-08,0.0048266,-0.03836518,6.73,201247.20331207
2023-10-22,7,BTC-231027-21000-C,BTCUSDT,C,231027-21000,6400.0,6400.0,6400.0,6400.0,0.0,0.0,7515.0,11265.0,2.49,2.35,,5.03265381,8816.0,0.775,0.99995382,7e-08,0.00666872,-0.05168249,6.73,200675.63772415
2023-10-22,3,BTC-231027-21000-P,BTCUSDT,P,231027-21000,10.0,10.0,5.0,5.0,2.97,2.97,5.0,10.0,23.37,2.06,,1.23793542,7.0,1.19073361,-0.00513508,3.49e-06,0.5268656,-6.07117906,241.92,7236000.4253548
2023-10-22,1,BTC-231027-21000-P,BTCUSDT,P,231027-21000,10.0,10.0,5.0,5.0,2.97,2.97,5.0,10.0,23.37,2.06,,1.23034656,7.0,1.1834535,-0.00512239,3.48e-06,0.53033355,-5.97736868,241.92,7239657.08603048
2023-10-22,19,BTC-231027-21000-C,BTCUSDT,C,231027-21000,6400.0,6400.0,6400.0,6400.0,0.0,0.0,8685.0,9895.0,3.19,2.58,,3.62756729,8843.0,0.775,0.99998162,3e-08,0.00264659,-0.02278999,6.73,200794.10421321
2023-10-22,15,BTC-231027-21000-C,BTCUSDT,C,231027-21000,6400.0,6400.0,6400.0,6400.0,0.0,0.0,8685.0,9895.0,3.19,2.58,,3.58085632,8826.0,0.775,0.99997415,4e-08,0.00372191,-0.03090507,6.73,200733.33157365
2023-10-22,5,BTC-231027-21000-C,BTCUSDT,C,231027-21000,6400.0,6400.0,6400.0,6400.0,0.0,0.0,7805.0,11110.0,1.5,1.5,,4.55997467,9116.0,0.775,0.99996667,5e-08,0.00498957,-0.03803513,6.73,202722.68185604
2023-10-22,7,BTC-231027-21000-P,BTCUSDT,P,231027-21000,10.0,10.0,5.0,5.0,3.47,3.47,5.0,10.0,22.87,2.06,,1.24915421,7.0,1.20144606,-0.00518589,3.56e-06,0.52127909,-6.26287254,240.57,7173334.05160454
2023-10-22,4,BTC-231027-21000-C,BTCUSDT,C,231027-21000,6400.0,6400.0,6400.0,6400.0,0.0,0.0,7630.0,10935.0,1.5,1.5,,4.49577332,8955.0,0.775,0.99995453,7e-08,0.00668527,-0.05054708,6.73,201596.17230107
2023-10-22,21,BTC-231027-21000-P,BTCUSDT,P,231027-21000,5.0,5.0,5.0,5.0,0.5,0.5,5.0,10.0,22.87,2.06,,1.32196009,7.0,1.27140999,-0.00522316,3.61e-06,0.49198137,-7.08122699,240.57,7163012.44878339
2023-10-22,18,BTC-231027-21000-C,BTCUSDT,C,231027-21000,6400.0,6400.0,6400.0,6400.0,0.0,0.0,8685.0,9895.0,3.19,2.58,,3.56273651,8884.0,0.775,0.99998142,3e-08,0.00269004,-0.02295163,6.73,201150.79495277
2023-10-22,18,BTC-231027-21000-P,BTCUSDT,P,231027-21000,5.0,5.0,5.0,5.0,0.5,0.5,5.0,10.0,22.87,2.06,,1.31798685,7.0,1.26771271,-0.00514749,3.51e-06,0.49466601,-6.90377383,242.42,7245613.03305352
2023-10-22,11,BTC-231027-21000-P,BTCUSDT,P,231027-21000,5.0,5.0,5.0,5.0,0.5,0.5,5.0,10.0,22.87,2.06,,1.27984405,7.0,1.23104364,-0.00513543,3.5e-06,0.50960641,-6.48978857,242.42,7248994.65885585
2023-10-22,17,BTC-231027-21000-P,BTCUSDT,P,231027-21000,5.0,5.0,5.0,5.0,0.5,0.5,5.0,10.0,22.87,2.06,,1.31515026,7.0,1.26501113,-0.00513092,3.49e-06,0.49599836,-6.84482031,242.42,7251494.9947186
2023-10-22,19,BTC-231027-21000-P,BTCUSDT,P,231027-21000,5.0,5.0,5.0,5.0,0.5,0.5,5.0,10.0,22.87,2.06,,1.31959856,7.0,1.26922429,-0.00517082,3.54e-06,0.4936904,-6.96224699,242.42,7232764.74641399
2023-10-22,9,BTC-231027-21000-C,BTCUSDT,C,231027-21000,6400.0,6400.0,6400.0,6400.0,0.0,0.0,8685.0,9925.0,3.19,2.84,,3.4645462,8883.0,0.775,0.9999636,6e-08,0.00529208,-0.04170866,6.73,201143.4134
2023-10-22,20,BTC-231027-21000-P,BTCUSDT,P,231027-21000,5.0,5.0,5.0,5.0,0.5,0.5,5.0,10.0,22.87,2.06,,1.32621467,7.0,1.27559215,-0.0051684,3.54e-06,0.49126508,-7.02787579,240.57,7179018.03336237
2023-10-22,13,BTC-231027-21000-C,BTCUSDT,C,231027-21000,6400.0,6400.0,6400.0,6400.0,0.0,0.0,8685.0,9925.0,3.19,2.84,,3.45359802,8945.0,0.775,0.99997525,4e-08,0.00361815,-0.02951643,6.73,201557.70628352
2023-10-22,6,BTC-231027-21000-C,BTCUSDT,C,231027-21000,6400.0,6400.0,6400.0,6400.0,0.0,0.0,7805.0,11055.0,1.5,1.5,,4.55459595,9076.0,0.775,0.99996688,5e-08,0.00493332,-0.0379172,6.73,202385.81133629
2023-10-22,15,BTC-231027-21000-P,BTCUSDT,P,231027-21000,5.0,5.0,5.0,5.0,0.5,0.5,5.0,10.0,22.87,2.06,,1.29407346,7.0,1.24465883,-0.00518013,3.55e-06,0.50327694,-6.71149863,240.57,7175396.37097664
2023-10-22,2,BTC-231027-21000-C,BTCUSDT,C,231027-21000,6400.0,6400.0,6400.0,6400.0,0.0,0.0,7550.0,10885.0,1.5,1.5,,4.48749542,8863.0,0.775,0.99994085,9e-08,0.00861085,-0.0640646,6.73,201001.46438793
2023-10-22,2,BTC-231027-21000-P,BTCUSDT,P,231027-21000,10.0,10.0,5.0,5.0,2.97,2.97,5.0,10.0,23.37,2.06,,1.22860789,7.0,1.18172467,-0.00515947,3.53e-06,0.5304468,-6.01767047,241.92,7225300.7822774
2023-10-22,20,BTC-231027-21000-C,BTCUSDT,C,231027-21000,6400.0,6400.0,6400.0,6400.0,0.0,0.0,8685.0,9895.0,3.19,2.58,,3.63948822,8847.0,0.775,0.99998319,3e-08,0.00242027,-0.02103591,6.73,200834.6483956
2023-10-22,10,BTC-231027-21000-P,BTCUSDT,P,231027-21000,5.0,5.0,5.0,5.0,0.5,0.5,5.0,10.0,22.87,2.06,,1.27356708,7.0,1.22499943,-0.00513972,3.5e-06,0.51204659,-6.43338759,242.42,7249085.73951161
2023-10-22,0,BTC-231027-21000-C,BTCUSDT,C,231027-21000,6400.0,6400.0,6400.0,6400.0,0.0,0.0,8755.0,11040.0,2.83,1.5,,4.52232361,8971.0,0.775,0.99994302,8e-08,0.00840992,-0.06158432,6.73,201732.39045937
2023-10-22,12,BTC-231027-21000-P,BTCUSDT,P,231027-21000,5.0,5.0,5.0,5.0,0.5,0.5,5.0,10.0,22.87,2.06,,1.28423512,7.0,1.23525739,-0.00514165,3.5e-06,0.50776287,-6.544866,242.42,7247200.35126042
2023-10-22,8,BTC-231027-21000-C,BTCUSDT,C,231027-21000,6400.0,6400.0,6400.0,6400.0,0.0,0.0,8215.0,9925.0,3.27,2.84,,3.50236893,8835.0,0.775,0.99995804,6e-08,0.00606948,-0.04743363,6.73,200826.28322749
2023-10-22,23,BTC-231027-21000-C,BTCUSDT,C,231027-21000,6400.0,6400.0,6400.0,6400.0,0.0,0.0,8700.0,9800.0,2.72,2.87,,3.38230133,8988.0,0.775,0.99998983,2e-08,0.00148561,-0.01328477,6.73,201797.21219233
2023-10-22,1,BTC-231027-21000-C,BTCUSDT,C,231027-21000,6400.0,6400.0,6400.0,6400.0,0.0,0.0,7665.0,10995.0,1.5,1.5,,4.52896118,8929.0,0.775,0.99994298,8e-08,0.00836967,-0.06177602,6.73,201400.84403516
2023-10-22,17,BTC-231027-21000-C,BTCUSDT,C,231027-21000,6400.0,6400.0,6400.0,6400.0,0.0,0.0,8685.0,9895.0,3.19,2.58,,3.51173401,8914.0,0.775,0.99998085,3e-08,0.00278369,-0.0235348,6.73,201314.08841868
2023-10-22,13,BTC-231027-21000-P,BTCUSDT,P,231027-21000,5.0,5.0,5.0,5.0,0.5,0.5,5.0,10.0,22.87,2.06,,1.29514277,7.0,1.2457943,-0.00511359,3.47e-06,0.50394374,-6.60851274,242.42,7260270.30568373
2023-10-22,22,BTC-231027-21000-P,BTCUSDT,P,231027-21000,5.0,5.0,5.0,5.0,0.5,0.5,5.0,10.0,22.87,2.06,,1.35961413,7.0,1.30789608,-0.0050627,3.4e-06,0.48084372,-7.18733661,240.57,7225706.6693317
2023-10-22,3,BTC-231027-21000-C,BTCUSDT,C,231027-21000,6400.0,6400.0,6400.0,6400.0,0.0,0.0,7550.0,10895.0,1.5,1.5,,4.47748184,8907.0,0.775,0.9999479,8e-08,0.00762057,-0.05715412,6.73,201299.11897585
2023-10-22,21,BTC-231027-21000-C,BTCUSDT,C,231027-21000,6400.0,6400.0,6400.0,6400.0,0.0,0.0,7500.0,9840.0,3.61,2.71,,3.69373322,8751.0,0.775,0.99998176,3e-08,0.00259483,-0.02276592,6.73,200386.88855764
2023-10-22,5,BTC-231027-21000-P,BTCUSDT,P,231027-21000,10.0,10.0,5.0,5.0,2.97,2.97,5.0,10.0,23.37,2.06,,1.26917183,7.0,1.22096121,-0.00502074,3.34e-06,0.51581828,-6.19468203,240.07,7231446.39423163
2023-10-22,9,BTC-231027-21000-P,BTCUSDT,P,231027-21000,5.0,5.0,5.0,5.0,1.5,1.5,5.0,10.0,22.87,2.06,,1.26659691,7.0,1.21828169,-0.0051482,3.51e-06,0.51472449,-6.37706382,242.42,7245347.1436
2023-10-22,14,BTC-231027-21000-P,BTCUSDT,P,231027-21000,5.0,5.0,5.0,5.0,0.5,0.5,5.0,10.0,22.87,2.06,,1.29362047,7.0,1.24426872,-0.00515189,3.52e-06,0.50391125,-6.65840142,240.57,7186845.62600139
2023-10-22,23,BTC-231027-21000-P,BTCUSDT,P,231027-21000,5.0,5.0,5.0,5.0,0.5,0.5,5.0,10.0,22.87,2.06,,1.36060894,7.0,1.30880594,-0.0050903,3.44e-06,0.48005948,-7.2496503,240.57,7213425.75588536
2023-10-22,11,BTC-231027-21000-C,BTCUSDT,C,231027-21000,6400.0,6400.0,6400.0,6400.0,0.0,0.0,8685.0,9925.0,3.19,2.84,,3.46855164,8906.0,0.775,0.99996949,5e-08,0.0044437,-0.03562616,6.73,201244.67475497
2023-10-22,14,BTC-231027-21000-C,BTCUSDT,C,231027-21000,6400.0,6400.0,6400.0,6400.0,0.0,0.0,8685.0,9915.0,3.19,2.93,,3.53464127,8876.0,0.775,0.99997432,4e-08,0.00372183,-0.03063093,6.73,201053.62706484
2023-10-22,16,BTC-231027-21000-P,BTCUSDT,P,231027-21000,5.0,5.0,5.0,5.0,0.5,0.5,5.0,10.0,22.87,2.06,,1.30417287,7.0,1.25440925,-0.00515744,3.52e-06,0.49974552,-6.77712259,242.42,7238115.86155814
2023-10-22,8,BTC-231027-21000-P,BTCUSDT,P,231027-21000,10.0,10.0,5.0,5.0,3.47,3.47,5.0,10.0,22.87,2.06,,1.25635743,7.0,1.20839089,-0.00517507,3.55e-06,0.51847067,-6.31778596,242.42,7233923.86032793
2023-10-22,0,BTC-231027-21000-P,BTCUSDT,P,231027-21000,10.0,10.0,5.0,5.0,2.97,2.97,5.0,10.0,23.37,2.06,,1.22964323,7.0,1.18281245,-0.00509925,3.45e-06,0.53103526,-5.93493302,241.92,7251575.02227809
2023-10-22,22,BTC-231027-21000-C,BTCUSDT,C,231027-21000,6400.0,6400.0,6400.0,6400.0,0.0,0.0,7705.0,9800.0,1.5,2.87,,3.29963684,9038.0,0.775,0.99998983,2e-08,0.00149555,-0.01324629,6.73,202140.77351541
2023-10-22,16,BTC-231027-21000-C,BTCUSDT,C,231027-21000,6400.0,6400.0,6400.0,6400.0,0.0,0.0,8685.0,9895.0,3.19,2.58,,3.55098724,8867.0,0.775,0.99997758,4e-08,0.00324113,-0.02715534,6.73,200942.66045824
2023-10-22,6,BTC-231027-21000-P,BTCUSDT,P,231027-21000,10.0,10.0,5.0,5.0,2.97,2.97,5.0,10.0,23.37,2.06,,1.27037466,7.0,1.22208416,-0.00504216,3.37e-06,0.51496674,-6.24130172,241.92,7275063.22117021
2023-10-23,4,BTC-231027-21000-P,BTCUSDT,P,231027-21000,5.0,5.0,5.0,5.0,2.5,2.5,5.0,10.0,20.87,2.06,,1.46847188,5.0,1.37897052,-0.00397163,2.62e-06,0.38366808,-6.412915,240.57,7379348.41818712
2023-10-23,12,BTC-231027-21000-C,BTCUSDT,C,231027-21000,6400.0,6400.0,6400.0,6400.0,0.0,0.0,9360.0,10760.0,3.3,2.7,,4.1840744,9663.0,0.775,0.99999932,0.0,0.00010612,-0.00108455,6.73,206248.18791868
2023-10-23,10,BTC-231027-21000-C,BTCUSDT,C,231027-21000,6400.0,6400.0,6400.0,6400.0,0.0,0.0,9275.0,10510.0,3.02,2.65,,3.90129089,9560.0,0.775,0.99999892,0.0,0.00016743,-0.00167429,6.73,205695.91302528
2023-10-23,7,BTC-231027-21000-C,BTCUSDT,C,231027-21000,6400.0,6400.0,6400.0,6400.0,0.0,0.0,8430.0,10815.0,3.24,2.69,,4.32758331,9516.0,0.775,0.99999831,0.0,0.00026061,-0.00252465,6.73,205240.69508572
2023-10-23,3,BTC-231027-21000-P,BTCUSDT,P,231027-21000,5.0,5.0,5.0,5.0,0.5,0.5,5.0,10.0,22.87,2.06,,1.4689219,5.0,1.3792447,-0.0039372,2.58e-06,0.38350892,-6.34741402,240.57,7396371.17782336
2023-10-23,1,BTC-231027-21000-P,BTCUSDT,P,231027-21000,5.0,5.0,5.0,5.0,0.5,0.5,5.0,10.0,22.87,2.06,,1.41236722,6.0,1.35274209,-0.00474831,3.12e-06,0.45209328,-7.19486989,240.57,7291526.96500278
2023-10-23,19,BTC-231027-21000-C,BTCUSDT,C,231027-21000,6400.0,6400.0,6400.0,6400.0,0.0,0.0,10020.0,12520.0,3.17,1.5,,5.99559784,10356.0,0.775,0.99999995,0.0,8.72e-06,-9.658e-05,6.73,211214.21646151
2023-10-23,15,BTC-231027-21000-C,BTCUSDT,C,231027-21000,6400.0,6400.0,6400.0,6400.0,0.0,0.0,9615.0,11580.0,2.71,2.93,,5.14446259,9884.0,0.775,0.99999972,0.0,4.493e-05,-0.00047485,6.73,207877.81970107
2023-10-23,5,BTC-231027-21000-C,BTCUSDT,C,231027-21000,6400.0,6400.0,6400.0,6400.0,0.0,0.0,8740.0,11355.0,3.1,1.5,,4.69097137,9788.0,0.775,0.99999875,0.0,0.00019929,-0.00189118,6.73,207282.18511868
2023-10-23,7,BTC-231027-21000-P,BTCUSDT,P,231027-21000,5.0,5.0,5.0,5.0,2.0,2.0,5.0,10.0,20.87,14.06,,1.47546411,5.0,1.38207055,-0.00396022,2.66e-06,0.37508642,-6.47992993,240.57,7336516.19862892
2023-10-23,4,BTC-231027-21000-C,BTCUSDT,C,231027-21000,6400.0,6400.0,6400.0,6400.0,0.0,0.0,9375.0,10420.0,2.73,2.66,,3.51314545,9658.0,0.775,0.9999982,0.0,0.00028259,-0.00265466,6.73,206438.93608679
2023-10-23,21,BTC-231027-21000-P,BTCUSDT,P,231027-21000,5.0,5.0,5.0,5.0,2.0,2.0,5.0,230.0,21.31,0.01,,2.89825201,1.0,1.4,-0.00099699,7.8e-07,0.10274432,-2.10499838,240.57,7605996.87021325
2023-10-23,18,BTC-231027-21000-C,BTCUSDT,C,231027-21000,6400.0,6400.0,6400.0,6400.0,0.0,0.0,9775.0,12200.0,3.05,1.5,,5.74707031,10168.0,0.775,0.99999991,0.0,1.557e-05,-0.00017032,6.73,209564.00567031
2023-10-23,18,BTC-231027-21000-P,BTCUSDT,P,231027-21000,5.0,5.0,5.0,5.0,2.0,2.0,5.0,25.0,21.31,2.93,,1.85061395,2.0,1.4,-0.00168225,1.26e-06,0.166317,-3.28719579,240.57,7491056.88619722
2023-10-23,11,BTC-231027-21000-P,BTCUSDT,P,231027-21000,5.0,5.0,5.0,5.0,2.0,2.0,5.0,10.0,21.31,4.27,,1.52294219,4.0,1.4,-0.00338107,2.32e-06,0.32007961,-5.84491434,240.57,7374919.68310454
2023-10-23,17,BTC-231027-21000-P,BTCUSDT,P,231027-21000,5.0,5.0,5.0,5.0,2.0,2.0,5.0,10.0,21.31,3.17,,1.61203921,2.0,1.4,-0.00204662,1.51e-06,0.19868546,-3.88128475,240.57,7458485.47942753
2023-10-23,19,BTC-231027-21000-P,BTCUSDT,P,231027-21000,5.0,5.0,5.0,5.0,2.0,2.0,5.0,25.0,21.31,2.79,,1.88524842,1.0,1.4,-0.00138161,1.05e-06,0.13899559,-2.77990263,240.57,7550045.17892197
2023-10-23,9,BTC-231027-21000-C,BTCUSDT,C,231027-21000,6400.0,6400.0,6400.0,6400.0,0.0,0.0,9275.0,10510.0,3.02,2.65,,3.98824692,9476.0,0.775,0.99999856,0.0,0.00022152,-0.00219168,6.73,205036.37228572
2023-10-23,20,BTC-231027-21000-P,BTCUSDT,P,231027-21000,5.0,5.0,5.0,5.0,2.0,2.0,5.0,230.0,21.31,0.01,,2.86372066,1.0,1.4,-0.00114925,8.9e-07,0.11736251,-2.37552231,240.57,7586397.28864217
2023-10-23,13,BTC-231027-21000-C,BTCUSDT,C,231027-21000,6400.0,6400.0,6400.0,6400.0,0.0,0.0,8550.0,10925.0,3.25,2.8,,4.51036453,9610.0,0.775,0.99999934,0.0,0.00010316,-0.00106602,6.73,205998.40507805
2023-10-23,6,BTC-231027-21000-C,BTCUSDT,C,231027-21000,6400.0,6400.0,6400.0,6400.0,0.0,0.0,9400.0,10990.0,2.71,2.82,,4.36027527,9673.0,0.775,0.99999861,0.0,0.00021901,-0.00209978,6.73,206535.71644503
2023-10-23,15,BTC-231027-21000-P,BTCUSDT,P,231027-21000,5.0,5.0,5.0,5.0,2.0,2.0,5.0,10.0,21.31,4.27,,1.58347964,3.0,1.4,-0.00240748,1.73e-06,0.23217818,-4.43247852,240.57,7430782.6278582
2023-10-23,2,BTC-231027-21000-C,BTCUSDT,C,231027-21000,6400.0,6400.0,6400.0,6400.0,0.0,0.0,8285.0,9660.0,4.42,2.83,,2.55130768,9377.0,0.775,0.99999623,1e-08,0.00057564,-0.00530045,6.73,204524.28658572
2023-10-23,2,BTC-231027-21000-P,BTCUSDT,P,231027-21000,5.0,5.0,5.0,5.0,0.5,0.5,5.0,10.0,22.87,2.06,,1.42343402,6.0,1.35789163,-0.00459532,3.03e-06,0.43745798,-7.05765033,240.57,7310907.52212892
2023-10-23,20,BTC-231027-21000-C,BTCUSDT,C,231027-21000,6400.0,6400.0,6400.0,6400.0,0.0,0.0,10150.0,13190.0,3.09,1.84,,6.72363281,10522.0,0.775,0.99999997,0.0,5.06e-06,-5.67e-05,6.73,212231.17492855
2023-10-23,10,BTC-231027-21000-P,BTCUSDT,P,231027-21000,5.0,5.0,5.0,5.0,2.0,2.0,5.0,25.0,21.31,2.9,,1.6954875,5.0,1.39533139,-0.00366516,2.49e-06,0.34492252,-6.21006164,240.57,7352788.37986515
2023-10-23,0,BTC-231027-21000-C,BTCUSDT,C,231027-21000,6400.0,6400.0,6400.0,6400.0,0.0,0.0,8835.0,9800.0,2.72,2.87,,3.22084427,9119.0,0.775,0.99999266,1e-08,0.00108913,-0.00983389,6.73,202704.80224283
2023-10-23,12,BTC-231027-21000-P,BTCUSDT,P,231027-21000,5.0,5.0,5.0,5.0,2.0,2.0,5.0,10.0,21.31,4.27,,1.53224826,4.0,1.4,-0.00322159,2.23e-06,0.30488415,-5.62861322,240.57,7372529.95060871
2023-10-23,8,BTC-231027-21000-C,BTCUSDT,C,231027-21000,6400.0,6400.0,6400.0,6400.0,0.0,0.0,8700.0,10980.0,3.02,2.68,,4.37217712,9690.0,0.775,0.99999894,0.0,0.00016724,-0.00163719,6.73,206598.4259934
2023-10-23,23,BTC-231027-21000-C,BTCUSDT,C,231027-21000,6400.0,6400.0,6400.0,6400.0,0.0,0.0,10010.0,13500.0,3.07,1.63,,5.46173096,12070.0,0.775,1.0,0.0,7e-08,-8e-07,6.73,222512.00501981
2023-10-23,1,BTC-231027-21000-C,BTCUSDT,C,231027-21000,6400.0,6400.0,6400.0,6400.0,0.0,0.0,8425.0,9660.0,3.06,2.83,,2.61665344,9339.0,0.775,0.99999553,1e-08,0.00067955,-0.0061959,6.73,203982.11112969
2023-10-23,17,BTC-231027-21000-C,BTCUSDT,C,231027-21000,6400.0,6400.0,6400.0,6400.0,0.0,0.0,9020.0,11910.0,3.07,2.37,,5.5459404,9973.0,0.775,0.99999983,0.0,2.764e-05,-0.00029894,6.73,208652.81322088
2023-10-23,13,BTC-231027-21000-P,BTCUSDT,P,231027-21000,5.0,5.0,5.0,5.0,2.0,2.0,5.0,10.0,21.31,16.27,,1.53470397,4.0,1.4,-0.00320081,2.23e-06,0.30092443,-5.61723861,240.57,7363601.23471427
2023-10-23,22,BTC-231027-21000-P,BTCUSDT,P,231027-21000,5.0,5.0,5.0,5.0,2.01,2.01,5.0,35.0,20.86,3.97,,2.26987779,1.0,1.4,-0.000226,1.9e-07,0.02725294,-0.56524421,240.57,7999749.22210524
2023-10-23,3,BTC-231027-21000-C,BTCUSDT,C,231027-21000,6400.0,6400.0,6400.0,6400.0,0.0,0.0,8685.0,10540.0,3.28,2.68,,3.58280182,9730.0,0.775,0.99999825,0.0,0.00027731,-0.00257898,6.73,206915.15162635
2023-10-23,21,BTC-231027-21000-C,BTCUSDT,C,231027-21000,6400.0,6400.0,6400.0,6400.0,0.0,0.0,10290.0,12870.0,3.09,1.5,,6.23188019,10628.0,0.775,0.99999998,0.0,3.31e-06,-3.755e-05,6.73,212779.47764283
2023-10-23,5,BTC-231027-21000-P,BTCUSDT,P,231027-21000,5.0,5.0,5.0,5.0,2.5,2.5,5.0,10.0,20.87,2.06,,1.49004459,5.0,1.38906426,-0.0037075,2.45e-06,0.3604074,-6.13013411,240.57,7409491.12540871
2023-10-23,9,BTC-231027-21000-P,BTCUSDT,P,231027-21000,5.0,5.0,5.0,5.0,2.0,2.0,5.0,10.0,21.31,2.06,,1.48667634,5.0,1.38721682,-0.00386481,2.62e-06,0.36267056,-6.42256876,240.57,7329212.49342892
2023-10-23,14,BTC-231027-21000-P,BTCUSDT,P,231027-21000,5.0,5.0,5.0,5.0,2.0,2.0,5.0,10.0,21.31,16.27,,1.56088412,3.0,1.4,-0.00274796,1.95e-06,0.26212011,-4.94786987,240.57,7406961.17496831
2023-10-23,23,BTC-231027-21000-P,BTCUSDT,P,231027-21000,5.0,5.0,5.0,5.0,2.01,2.01,5.0,15.0,25.04,4.27,,2.00555503,1.0,1.4,-0.00026885,2.3e-07,0.03155894,-0.66273552,240.57,7953894.95506932
2023-10-23,11,BTC-231027-21000-C,BTCUSDT,C,231027-21000,6400.0,6400.0,6400.0,6400.0,0.0,0.0,8920.0,10800.0,4.75,2.81,,4.2300415,9655.0,0.775,0.99999922,0.0,0.0001229,-0.00124233,6.73,206315.04122415
2023-10-23,14,BTC-231027-21000-C,BTCUSDT,C,231027-21000,6400.0,6400.0,6400.0,6400.0,0.0,0.0,9490.0,10790.0,3.27,2.79,,4.14470673,9764.0,0.775,0.99999958,0.0,6.62e-05,-0.00069176,6.73,207211.40918459
2023-10-23,16,BTC-231027-21000-P,BTCUSDT,P,231027-21000,5.0,5.0,5.0,5.0,2.0,2.0,5.0,10.0,21.31,3.17,,1.62854552,2.0,1.4,-0.00182204,1.34e-06,0.18112768,-3.49762683,240.57,7519711.78693068
2023-10-23,8,BTC-231027-21000-P,BTCUSDT,P,231027-21000,5.0,5.0,5.0,5.0,2.0,2.0,5.0,10.0,21.31,2.06,,1.50260031,5.0,1.39478005,-0.00362794,2.43e-06,0.34690561,-6.11186029,240.57,7385049.53064356
2023-10-23,0,BTC-231027-21000-P,BTCUSDT,P,231027-21000,5.0,5.0,5.0,5.0,0.5,0.5,5.0,10.0,22.87,2.06,,1.38154209,7.0,1.32906497,-0.00501946,3.34e-06,0.4738836,-7.33771335,240.57,7245868.39161325
2023-10-23,22,BTC-231027-21000-C,BTCUSDT,C,231027-21000,6400.0,6400.0,6400.0,6400.0,0.0,0.0,10500.0,14070.0,4.2,2.51,,5.8807373,12370.0,0.775,1.0,0.0,4e-08,-4.8e-07,6.73,223794.78848056
2023-10-23,16,BTC-231027-21000-C,BTCUSDT,C,231027-21000,6400.0,6400.0,6400.0,6400.0,0.0,0.0,9205.0,12165.0,3.08,4.17,,5.59940338,10200.0,0.775,0.99999988,0.0,2.001e-05,-0.0002139,6.73,210365.63298019
2023-10-23,6,BTC-231027-21000-P,BTCUSDT,P,231027-21000,5.0,5.0,5.0,5.0,2.5,2.5,5.0,10.0,20.87,14.06,,1.4851588,5.0,1.38669945,-0.00379952,2.53e-06,0.36516927,-6.26447726,240.57,7382807.92053207
