date,hour,symbol,underlying,type,strike,open,high,low,close,volume_contracts,volume_usdt,best_bid_price,best_ask_price,best_bid_qty,best_ask_qty,best_buy_iv,best_sell_iv,mark_price,mark_iv,delta,gamma,vega,theta,openinterest_contracts,openinterest_usdt,timestamp,strike_price,spot_price
2023-06-01,0,BTC-230929-35000-P,BTCUSDT,P,230929-35000,7440.0,7440.0,7440.0,7440.0,0.0,0.0,8145.0,8980.0,1.5,2.76,,0.53236485,8503.0,0.42641401,-0.82335036,3.914e-05,40.28731484,-7.14059118,30.61,828120.87746912,2023-06-01 00:00:00+00:00,35000,27065.77
2023-06-01,1,BTC-230929-35000-P,BTCUSDT,P,230929-35000,7440.0,7440.0,7440.0,7440.0,0.0,0.0,8145.0,8980.0,1.5,2.76,,0.53514481,8506.0,0.43075562,-0.81963171,3.924e-05,40.83875454,-7.3145611,30.61,829087.62143824,2023-06-01 01:00:00+00:00,35000,27078.56
2023-06-01,2,BTC-230929-35000-P,BTCUSDT,P,230929-35000,7440.0,7440.0,7440.0,7440.0,0.0,0.0,2430.0,9005.0,3.22,3.69,,0.47983646,8658.0,0.38991823,-0.86316498,3.665e-05,33.6007505,-5.44951569,30.61,817792.23991442,2023-06-01 02:00:00+00:00,35000,26719.26
2023-06-01,3,BTC-230929-35000-P,BTCUSDT,P,230929-35000,7440.0,7440.0,7440.0,7440.0,0.0,0.0,8460.0,9315.0,1.5,3.65,,0.5577898,8831.0,0.45050383,-0.81759088,3.822e-05,40.65852089,-7.62142197,30.61,819766.79626912,2023-06-01 03:00:00+00:00,35000,26779.94
2023-06-01,4,BTC-230929-35000-P,BTCUSDT,P,230929-35000,7440.0,7440.0,7440.0,7440.0,0.0,0.0,8460.0,9315.0,1.5,3.65,,0.56175232,8835.0,0.45649052,-0.81260216,3.833e-05,41.37784077,-7.86205623,30.61,820589.19951176,2023-06-01 04:00:00+00:00,35000,26804.15
2023-06-01,5,BTC-230929-35000-P,BTCUSDT,P,230929-35000,7440.0,7440.0,7440.0,7440.0,0.0,0.0,2425.0,8965.0,2.85,3.28,,0.49461842,8570.0,0.39730921,-0.852986,3.76e-05,35.42788687,-5.86085676,30.61,821729.56048558,2023-06-01 05:00:00+00:00,35000,26849.2
2023-06-01,6,BTC-230929-35000-P,BTCUSDT,P,230929-35000,7440.0,7440.0,7440.0,7440.0,0.0,0.0,8190.0,9095.0,1.5,3.46,,0.51229,8656.0,0.406145,-0.84896402,3.754e-05,35.97980139,-6.08664285,30.61,819882.00647853,2023-06-01 06:00:00+00:00,35000,26785.13
2023-06-01,7,BTC-230929-35000-P,BTCUSDT,P,230929-35000,7440.0,7440.0,7440.0,7440.0,0.0,0.0,8105.0,9195.0,4.2,2.23,,0.53678751,8686.0,0.41839375,-0.83946547,3.792e-05,37.4751897,-6.53307659,30.61,820557.01528323,2023-06-01 07:00:00+00:00,35000,26802.67
2023-06-01,8,BTC-230929-35000-P,BTCUSDT,P,230929-35000,7440.0,7440.0,7440.0,7440.0,0.0,0.0,5.0,0.0,0.02,0.0,,-1e-08,9826.0,0.675,-0.68631939,3.405e-05,54.71120561,-15.39286835,30.61,823780.25848677,2023-06-01 08:00:00+00:00,35000,26912.53
2023-06-01,9,BTC-230929-35000-P,BTCUSDT,P,230929-35000,7440.0,7440.0,7440.0,7440.0,0.0,0.0,8140.0,8895.0,1.5,1.5,,0.48968315,8510.0,0.39484158,-0.85279845,3.781e-05,35.51131742,-5.84628568,30.61,823637.62949108,2023-06-01 09:00:00+00:00,35000,26908.63
2023-06-01,10,BTC-230929-35000-P,BTCUSDT,P,230929-35000,7440.0,7440.0,7440.0,7440.0,0.0,0.0,8140.0,8895.0,1.5,1.5,,0.48148632,8536.0,0.39074316,-0.85764662,3.742e-05,34.65342236,-5.64779414,30.61,822303.55046,2023-06-01 10:00:00+00:00,35000,26860.0
2023-06-01,11,BTC-230929-35000-P,BTCUSDT,P,230929-35000,7440.0,7440.0,7440.0,7440.0,0.0,0.0,8140.0,8895.0,1.5,1.5,,0.48677921,8520.0,0.39338961,-0.8546371,3.767e-05,35.17782669,-5.77409877,30.61,822983.59582431,2023-06-01 11:00:00+00:00,35000,26892.96
2023-06-01,12,BTC-230929-35000-P,BTCUSDT,P,230929-35000,7440.0,7440.0,7440.0,7440.0,0.0,0.0,8200.0,8890.0,1.5,1.5,,0.49453259,8491.0,0.39726629,-0.84990877,3.804e-05,36.00085899,-5.96949971,30.61,824848.04412215,2023-06-01 12:00:00+00:00,35000,26941.79
2023-06-01,13,BTC-230929-35000-P,BTCUSDT,P,230929-35000,7440.0,7440.0,7440.0,7440.0,0.0,0.0,8255.0,9100.0,1.5,4.8,,0.53192139,8604.0,0.41741848,-0.83702031,3.83e-05,37.93481788,-6.61156262,30.61,823858.06230431,2023-06-01 13:00:00+00:00,35000,26891.74
2023-06-01,14,BTC-230929-35000-P,BTCUSDT,P,230929-35000,7440.0,7440.0,7440.0,7440.0,0.0,0.0,8250.0,8950.0,1.5,1.5,,0.50022364,8541.0,0.40095925,-0.84897817,3.792e-05,36.07685906,-6.04191399,30.61,823125.21809108,2023-06-01 14:00:00+00:00,35000,26898.08
2023-06-01,15,BTC-230929-35000-P,BTCUSDT,P,230929-35000,7440.0,7440.0,7440.0,7440.0,0.0,0.0,8250.0,8945.0,1.5,1.5,,0.4984045,8539.0,0.39920225,-0.8505028,3.785e-05,35.82125699,-5.97489905,30.61,822803.39135323,2023-06-01 15:00:00+00:00,35000,26894.48
2023-06-01,16,BTC-230929-35000-P,BTCUSDT,P,230929-35000,7440.0,7440.0,7440.0,7440.0,0.0,0.0,10.0,8770.0,3.86,5.02,,0.49440384,8361.0,0.39720192,-0.84436071,3.878e-05,37.05884878,-6.15249507,30.61,829852.32337323,2023-06-01 16:00:00+00:00,35000,27092.08
2023-06-01,17,BTC-230929-35000-P,BTCUSDT,P,230929-35000,7440.0,7440.0,7440.0,7440.0,0.0,0.0,8155.0,8840.0,1.5,1.5,,0.48679113,8461.0,0.39339557,-0.85240598,3.8e-05,35.59065466,-5.85416212,30.61,825175.69356215,2023-06-01 17:00:00+00:00,35000,26956.94
2023-06-01,18,BTC-230929-35000-P,BTCUSDT,P,230929-35000,7440.0,7440.0,7440.0,7440.0,0.0,0.0,8090.0,8780.0,1.5,1.5,,0.47440529,8434.0,0.38720264,-0.85686509,3.781e-05,34.8654046,-5.64655652,30.61,825170.57148892,2023-06-01 18:00:00+00:00,35000,26964.77
2023-06-01,19,BTC-230929-35000-P,BTCUSDT,P,230929-35000,7440.0,7440.0,7440.0,7440.0,0.0,0.0,8335.0,9040.0,1.5,1.5,,0.51417351,8637.0,0.41909933,-0.83741516,3.817e-05,37.78801998,-6.62633153,30.61,822082.94759108,2023-06-01 19:00:00+00:00,35000,26862.68
2023-06-01,20,BTC-230929-35000-P,BTCUSDT,P,230929-35000,7440.0,7440.0,7440.0,7440.0,0.0,0.0,8215.0,8915.0,1.5,1.5,,0.48696518,8542.0,0.39348259,-0.8560981,3.75e-05,34.84755444,-5.73919971,30.61,822258.14562677,2023-06-01 20:00:00+00:00,35000,26863.0
2023-06-01,21,BTC-230929-35000-P,BTCUSDT,P,230929-35000,7440.0,7440.0,7440.0,7440.0,0.0,0.0,8175.0,8870.0,1.5,1.5,,0.48187733,8509.0,0.39093866,-0.85698846,3.755e-05,34.73202669,-5.68517409,30.61,823110.00832215,2023-06-01 21:00:00+00:00,35000,26889.84
2023-06-01,22,BTC-230929-35000-P,BTCUSDT,P,230929-35000,7440.0,7440.0,7440.0,7440.0,0.0,0.0,8185.0,8880.0,1.5,1.5,,0.48300266,8517.0,0.39150133,-0.85687712,3.754e-05,34.73538741,-5.69589491,30.61,823213.66738677,2023-06-01 22:00:00+00:00,35000,26880.97
2023-06-01,23,BTC-230929-35000-P,BTCUSDT,P,230929-35000,7440.0,7440.0,7440.0,7440.0,0.0,0.0,8325.0,9025.0,1.5,1.5,,0.50349236,8615.0,0.40270805,-0.85123417,3.755e-05,35.55242451,-5.99884621,30.61,820631.46900677,2023-06-01 23:00:00+00:00,35000,26817.93
2023-06-02,0,BTC-230929-35000-P,BTCUSDT,P,230929-35000,7440.0,7440.0,7440.0,7440.0,0.0,0.0,5.0,8890.0,0.02,2.94,,0.46599865,8578.0,0.38299932,-0.86719167,3.661e-05,32.86780233,-5.27628795,30.61,819372.58174,2023-06-02 00:00:00+00:00,35000,26786.03
2023-06-02,1,BTC-230929-35000-P,BTCUSDT,P,230929-35000,7440.0,7440.0,7440.0,7440.0,0.0,0.0,8230.0,8925.0,1.5,1.5,,0.47921658,8577.0,0.38960829,-0.86136898,3.704e-05,33.87486048,-5.53372122,30.61,820583.71060431,2023-06-02 01:00:00+00:00,35000,26811.9
2023-06-02,2,BTC-230929-35000-P,BTCUSDT,P,230929-35000,7440.0,7440.0,7440.0,7440.0,0.0,0.0,8090.0,8775.0,1.5,1.5,,0.47314167,8434.0,0.38657084,-0.85790763,3.775e-05,34.63957649,-5.6164902,30.61,825218.73802431,2023-06-02 02:00:00+00:00,35000,26960.01
2023-06-02,3,BTC-230929-35000-P,BTCUSDT,P,230929-35000,7440.0,7440.0,7440.0,7440.0,0.0,0.0,5.0,8670.0,0.02,3.72,,0.45833588,8364.0,0.37916794,-0.86162436,3.773e-05,34.07998681,-5.42183374,30.61,826352.42358892,2023-06-02 03:00:00+00:00,35000,27000.0
2023-06-02,4,BTC-230929-35000-P,BTCUSDT,P,230929-35000,7440.0,7440.0,7440.0,7440.0,0.0,0.0,7925.0,8375.0,1.5,1.5,,0.39684772,8212.0,0.34842386,-0.88315823,3.643e-05,30.35976833,-4.43990209,30.61,828676.87216431,2023-06-02 04:00:00+00:00,35000,27068.27
2023-06-02,5,BTC-230929-35000-P,BTCUSDT,P,230929-35000,7440.0,7440.0,7440.0,7440.0,0.0,0.0,7880.0,8545.0,1.5,1.5,,0.45583248,8238.0,0.37791624,-0.85729108,3.847e-05,34.97087127,-5.54908002,30.61,830964.25543108,2023-06-02 05:00:00+00:00,35000,27152.6
2023-06-02,6,BTC-230929-35000-P,BTCUSDT,P,230929-35000,7440.0,7440.0,7440.0,7440.0,0.0,0.0,7890.0,8570.0,1.5,1.5,,0.44669151,8290.0,0.37334576,-0.86388909,3.783e-05,33.75722249,-5.29357279,30.61,829083.61104215,2023-06-02 06:00:00+00:00,35000,27071.06
2023-06-02,7,BTC-230929-35000-P,BTCUSDT,P,230929-35000,7440.0,7440.0,7440.0,7440.0,0.0,0.0,7755.0,8780.0,4.03,4.7,,0.49066305,8387.0,0.39533153,-0.84816839,3.85e-05,36.30387138,-6.03027818,30.61,828148.72722431,2023-06-02 07:00:00+00:00,35000,27049.65
2023-06-02,8,BTC-230929-35000-P,BTCUSDT,P,230929-35000,7440.0,7440.0,7440.0,7440.0,0.0,0.0,7895.0,8650.0,1.5,1.5,,0.4820466,8273.0,0.3910233,-0.84697612,3.896e-05,36.64222801,-6.02226141,30.61,831637.54618892,2023-06-02 08:00:00+00:00,35000,27166.14
2023-06-02,9,BTC-230929-35000-P,BTCUSDT,P,230929-35000,7440.0,7440.0,7440.0,7440.0,0.0,0.0,7860.0,8550.0,1.5,1.5,,0.44371367,8127.0,0.32185683,-0.90397064,3.424e-05,26.33371068,-3.56370731,30.61,828928.05782431,2023-06-02 09:00:00+00:00,35000,27080.68
2023-06-02,10,BTC-230929-35000-P,BTCUSDT,P,230929-35000,7440.0,7440.0,7440.0,7440.0,0.0,0.0,7935.0,8605.0,1.5,1.5,,0.45937061,8164.0,0.3395772,-0.88956699,3.591e-05,29.15684241,-4.16445758,30.61,829242.38851323,2023-06-02 10:00:00+00:00,35000,27096.99
2023-06-02,11,BTC-230929-35000-P,BTCUSDT,P,230929-35000,7440.0,7440.0,7440.0,7440.0,0.0,0.0,7875.0,8620.0,1.5,1.5,,0.46933651,8118.0,0.33466825,-0.89222118,3.577e-05,28.68388774,-4.03909637,30.61,830193.99899569,2023-06-02 11:00:00+00:00,35000,27130.75
2023-06-02,12,BTC-230929-35000-P,BTCUSDT,P,230929-35000,7440.0,7440.0,7440.0,7440.0,0.0,0.0,10.0,8520.0,5.35,1.5,,0.44028282,8106.0,0.32014141,-0.90483328,3.419e-05,26.16324498,-3.52547345,30.61,829674.61531785,2023-06-02 12:00:00+00:00,35000,27095.42
2023-06-02,13,BTC-230929-35000-P,BTCUSDT,P,230929-35000,7440.0,7440.0,7440.0,7440.0,0.0,0.0,8150.0,8980.0,1.5,5.11,,0.51128149,8459.0,0.38262248,-0.86325924,3.729e-05,33.62086159,-5.41646156,30.61,823210.47034215,2023-06-02 13:00:00+00:00,35000,26908.84
2023-06-02,14,BTC-230929-35000-P,BTCUSDT,P,230929-35000,7440.0,7440.0,7440.0,7440.0,0.0,0.0,8070.0,8820.0,1.5,1.5,,0.48546314,8332.0,0.35802126,-0.88003034,3.633e-05,30.75729495,-4.6381598,30.61,825699.08374892,2023-06-02 14:00:00+00:00,35000,26964.74
2023-06-02,15,BTC-230929-35000-P,BTCUSDT,P,230929-35000,7440.0,7440.0,7440.0,7440.0,0.0,0.0,8070.0,8840.0,1.5,1.5,,0.51219463,8394.0,0.40862322,-0.83693062,3.902e-05,38.06131387,-6.5531187,30.61,829524.47666892,2023-06-02 15:00:00+00:00,35000,27095.92
2023-06-02,16,BTC-230929-35000-P,BTCUSDT,P,230929-35000,7440.0,7440.0,7440.0,7440.0,0.0,0.0,8070.0,8840.0,1.5,1.5,,0.50549507,8384.0,0.39663315,-0.8474374,3.854e-05,36.37031683,-6.08036748,30.61,828152.75414,2023-06-02 16:00:00+00:00,35000,27056.06
2023-06-02,17,BTC-230929-35000-P,BTCUSDT,P,230929-35000,7440.0,7440.0,7440.0,7440.0,0.0,0.0,8070.0,8755.0,1.5,1.5,,0.48745394,8351.0,0.38820863,-0.85369637,3.83e-05,35.36442887,-5.7886613,30.61,827757.41578677,2023-06-02 17:00:00+00:00,35000,27057.58
2023-06-02,18,BTC-230929-35000-P,BTCUSDT,P,230929-35000,7440.0,7440.0,7440.0,7440.0,0.0,0.0,7955.0,8625.0,1.5,1.5,,0.48177719,8235.0,0.38723946,-0.84935894,3.897e-05,36.2324503,-5.91801743,30.61,831724.37655569,2023-06-02 18:00:00+00:00,35000,27192.6
2023-06-02,19,BTC-230929-35000-P,BTCUSDT,P,230929-35000,7440.0,7440.0,7440.0,7440.0,0.0,0.0,7970.0,8630.0,1.5,1.5,,0.48955441,8255.0,0.40162086,-0.83709531,3.951e-05,38.19571249,-6.47265552,30.61,833591.34847785,2023-06-02 19:00:00+00:00,35000,27239.02
2023-06-02,20,BTC-230929-35000-P,BTCUSDT,P,230929-35000,7440.0,7440.0,7440.0,7440.0,0.0,0.0,7910.0,8575.0,1.5,1.5,,0.46814919,8171.0,0.36528111,-0.86690117,3.802e-05,33.2875142,-5.13231043,30.61,832105.96761785,2023-06-02 20:00:00+00:00,35000,27172.84
2023-06-02,21,BTC-230929-35000-P,BTCUSDT,P,230929-35000,7440.0,7440.0,7440.0,7440.0,0.0,0.0,7885.0,8550.0,1.5,1.5,,0.4684186,8149.0,0.36714196,-0.86426075,3.83e-05,33.77407493,-5.23569835,30.61,832952.68783323,2023-06-02 21:00:00+00:00,35000,27207.4
2023-06-02,22,BTC-230929-35000-P,BTCUSDT,P,230929-35000,7440.0,7440.0,7440.0,7440.0,0.0,0.0,7870.0,8535.0,1.5,1.5,,0.47466278,8145.0,0.37948608,-0.85267988,3.91e-05,35.76569415,-5.73287514,30.61,834470.41326,2023-06-02 22:00:00+00:00,35000,27262.92
2023-06-02,23,BTC-230929-35000-P,BTCUSDT,P,230929-35000,7440.0,7440.0,7440.0,7440.0,0.0,0.0,7885.0,8550.0,1.5,1.5,,0.47440052,8158.0,0.37828445,-0.85447659,3.894e-05,35.43857573,-5.6644483,30.61,833772.19235785,2023-06-02 23:00:00+00:00,35000,27242.59
2023-06-03,0,BTC-230929-35000-P,BTCUSDT,P,230929-35000,7440.0,7440.0,7440.0,7440.0,0.0,0.0,7940.0,8605.0,1.5,1.5,,0.47323227,8207.0,0.37341595,-0.86124114,3.831e-05,34.21213255,-5.39993855,30.61,831541.34916215,2023-06-03 00:00:00+00:00,35000,27165.09
2023-06-03,1,BTC-230929-35000-P,BTCUSDT,P,230929-35000,7440.0,7440.0,7440.0,7440.0,0.0,0.0,7985.0,8655.0,1.5,1.5,,0.47844887,8257.0,0.37941933,-0.8580097,3.835e-05,34.70113471,-5.56713737,30.61,830361.72138892,2023-06-03 01:00:00+00:00,35000,27130.4
2023-06-03,2,BTC-230929-35000-P,BTCUSDT,P,230929-35000,7440.0,7440.0,7440.0,7440.0,0.0,0.0,7990.0,8665.0,1.5,1.5,,0.4842186,8270.0,0.38803101,-0.85076092,3.876e-05,35.9025425,-5.89268875,30.61,831030.23698677,2023-06-03 02:00:00+00:00,35000,27153.26
2023-06-03,3,BTC-230929-35000-P,BTCUSDT,P,230929-35000,7440.0,7440.0,7440.0,7440.0,0.0,0.0,8015.0,8685.0,1.5,1.5,,0.4874754,8297.0,0.39380312,-0.84675062,3.889e-05,36.52539259,-6.08623927,30.61,830896.70046935,2023-06-03 03:00:00+00:00,35000,27143.2
2023-06-03,4,BTC-230929-35000-P,BTCUSDT,P,230929-35000,7440.0,7440.0,7440.0,7440.0,0.0,0.0,7995.0,8665.0,1.5,1.5,,0.48616886,8277.0,0.39232254,-0.84723255,3.893e-05,36.46624472,-6.05567279,30.61,831385.15653569,2023-06-03 04:00:00+00:00,35000,27160.24
2023-06-03,5,BTC-230929-35000-P,BTCUSDT,P,230929-35000,7440.0,7440.0,7440.0,7440.0,0.0,0.0,10.0,8575.0,4.97,3.09,,0.46554089,8085.0,0.33277044,-0.89358036,3.572e-05,28.36133254,-3.99625078,30.61,831236.33071569,2023-06-03 05:00:00+00:00,35000,27157.2
2023-06-03,6,BTC-230929-35000-P,BTCUSDT,P,230929-35000,7440.0,7440.0,7440.0,7440.0,0.0,0.0,10.0,8545.0,4.97,3.4,,0.46301842,8061.0,0.33150921,-0.89379126,3.578e-05,28.34010235,-3.97952869,30.61,831974.23578215,2023-06-03 06:00:00+00:00,35000,27182.35
2023-06-03,7,BTC-230929-35000-P,BTCUSDT,P,230929-35000,7440.0,7440.0,7440.0,7440.0,0.0,0.0,10.0,8545.0,4.97,3.4,,0.46189547,8065.0,0.33094773,-0.89451915,3.568e-05,28.18775721,-3.95282772,30.61,831801.98991108,2023-06-03 07:00:00+00:00,35000,27174.42
2023-06-03,8,BTC-230929-35000-P,BTCUSDT,P,230929-35000,7440.0,7440.0,7440.0,7440.0,0.0,0.0,10.0,8575.0,4.97,5.34,,0.46390057,8092.0,0.33195028,-0.89473728,3.556e-05,28.11253004,-3.9556173,30.61,830984.13152431,2023-06-03 08:00:00+00:00,35000,27146.62
2023-06-03,9,BTC-230929-35000-P,BTCUSDT,P,230929-35000,7440.0,7440.0,7440.0,7440.0,0.0,0.0,7995.0,8670.0,1.5,1.5,,0.48624516,8277.0,0.39076567,-0.84898971,3.884e-05,36.14388531,-5.9888854,30.61,831118.87674431,2023-06-03 09:00:00+00:00,35000,27151.51
2023-06-03,10,BTC-230929-35000-P,BTCUSDT,P,230929-35000,7440.0,7440.0,7440.0,7440.0,0.0,0.0,8000.0,8820.0,1.5,2.78,,0.51688433,8338.0,0.40507674,-0.83879632,3.913e-05,37.71276501,-6.47998409,30.61,830801.91359569,2023-06-03 10:00:00+00:00,35000,27140.0
2023-06-03,11,BTC-230929-35000-P,BTCUSDT,P,230929-35000,7440.0,7440.0,7440.0,7440.0,0.0,0.0,10.0,8585.0,4.97,5.51,,0.46374559,8104.0,0.3318728,-0.8954599,3.543e-05,27.94269013,-3.9349722,30.61,830483.10704431,2023-06-03 11:00:00+00:00,35000,27129.79
2023-06-03,12,BTC-230929-35000-P,BTCUSDT,P,230929-35000,7440.0,7440.0,7440.0,7440.0,0.0,0.0,7975.0,8640.0,1.5,1.5,,0.4824543,8252.0,0.38753033,-0.85100451,3.881e-05,35.82227442,-5.89269884,30.61,831575.06097569,2023-06-03 12:00:00+00:00,35000,27165.81
2023-06-03,13,BTC-230929-35000-P,BTCUSDT,P,230929-35000,7440.0,7440.0,7440.0,7440.0,0.0,0.0,7980.0,8645.0,1.5,1.5,,0.48384666,8258.0,0.38963079,-0.84942726,3.888e-05,36.06994348,-5.96771098,30.61,831542.15862677,2023-06-03 13:00:00+00:00,35000,27166.98
2023-06-03,14,BTC-230929-35000-P,BTCUSDT,P,230929-35000,7440.0,7440.0,7440.0,7440.0,0.0,0.0,7960.0,8635.0,1.5,1.5,,0.48259735,8239.0,0.38549662,-0.85240543,3.877e-05,35.59213645,-5.82823936,30.61,831782.07300431,2023-06-03 14:00:00+00:00,35000,27171.24
2023-06-03,15,BTC-230929-35000-P,BTCUSDT,P,230929-35000,7440.0,7440.0,7440.0,7440.0,0.0,0.0,7945.0,8355.0,1.5,1.5,,0.44284821,8130.0,0.38655519,-0.84648841,3.951e-05,36.7072643,-6.02948197,30.61,835947.57703569,2023-06-03 15:00:00+00:00,35000,27305.26
2023-06-03,16,BTC-230929-35000-P,BTCUSDT,P,230929-35000,7440.0,7440.0,7440.0,7440.0,0.0,0.0,7860.0,8525.0,1.5,1.5,,0.47149658,8129.0,0.37261963,-0.85943282,3.872e-05,34.52367075,-5.46830866,30.61,834202.98389323,2023-06-03 16:00:00+00:00,35000,27248.48
2023-06-03,17,BTC-230929-35000-P,BTCUSDT,P,230929-35000,7440.0,7440.0,7440.0,7440.0,0.0,0.0,7970.0,8645.0,1.5,1.5,,0.48316479,8249.0,0.3858161,-0.85274299,3.872e-05,35.5043821,-5.82487348,30.61,831607.80687323,2023-06-03 17:00:00+00:00,35000,27160.9
2023-06-03,18,BTC-230929-35000-P,BTCUSDT,P,230929-35000,7440.0,7440.0,7440.0,7440.0,0.0,0.0,7995.0,8670.0,1.5,1.5,,0.48616171,8276.0,0.38991332,-0.85029057,3.877e-05,35.87237274,-5.94985319,30.61,831005.61294215,2023-06-03 18:00:00+00:00,35000,27147.43
2023-06-03,19,BTC-230929-35000-P,BTCUSDT,P,230929-35000,7440.0,7440.0,7440.0,7440.0,0.0,0.0,8030.0,8515.0,1.5,1.5,,0.44098377,8233.0,0.36450624,-0.87164258,3.742e-05,32.23718018,-5.00027759,30.61,829308.45169569,2023-06-03 19:00:00+00:00,35000,27096.36
2023-06-03,20,BTC-230929-35000-P,BTCUSDT,P,230929-35000,7440.0,7440.0,7440.0,7440.0,0.0,0.0,8025.0,8705.0,1.5,1.5,,0.47966003,8293.0,0.37452221,-0.86520439,3.772e-05,33.29978442,-5.3089071,30.61,828473.56734677,2023-06-03 20:00:00+00:00,35000,27062.33
2023-06-03,21,BTC-230929-35000-P,BTCUSDT,P,230929-35000,7440.0,7440.0,7440.0,7440.0,0.0,0.0,8115.0,8805.0,1.5,1.5,,0.49151897,8396.0,0.3895545,-0.85619905,3.799e-05,34.71393788,-5.75853913,30.61,826518.74472431,2023-06-03 21:00:00+00:00,35000,27004.41
2023-06-03,22,BTC-230929-35000-P,BTCUSDT,P,230929-35000,7440.0,7440.0,7440.0,7440.0,0.0,0.0,8030.0,8520.0,1.5,1.5,,0.43747902,8229.0,0.35680532,-0.87866272,3.681e-05,30.95000512,-4.70420683,30.61,828691.40851323,2023-06-03 22:00:00+00:00,35000,27071.55
2023-06-03,23,BTC-230929-35000-P,BTCUSDT,P,230929-35000,7440.0,7440.0,7440.0,7440.0,0.0,0.0,8035.0,8710.0,1.5,1.5,,0.48194885,8306.0,0.37993193,-0.86105297,3.797e-05,33.98564993,-5.50237167,30.61,828699.85687323,2023-06-03 23:00:00+00:00,35000,27069.22
2023-06-04,0,BTC-230929-35000-P,BTCUSDT,P,230929-35000,7440.0,7440.0,7440.0,7440.0,0.0,0.0,8065.0,8745.0,1.5,1.5,,0.47856808,8325.0,0.36916018,-0.87168153,3.71e-05,32.09462787,-5.05068161,30.61,827012.76291569,2023-06-04 00:00:00+00:00,35000,27005.13
2023-06-04,1,BTC-230929-35000-P,BTCUSDT,P,230929-35000,7440.0,7440.0,7440.0,7440.0,0.0,0.0,8060.0,8740.0,1.5,1.5,,0.48402786,8332.0,0.38083553,-0.86150654,3.785e-05,33.86380681,-5.49959047,30.61,827784.69269785,2023-06-04 01:00:00+00:00,35000,27041.03
2023-06-04,2,BTC-230929-35000-P,BTCUSDT,P,230929-35000,7440.0,7440.0,7440.0,7440.0,0.0,0.0,7985.0,8655.0,1.5,1.5,,0.47346592,8244.0,0.36678076,-0.87045947,3.748e-05,32.39569155,-5.06880133,30.61,828880.41506,2023-06-04 02:00:00+00:00,35000,27091.27
2023-06-04,3,BTC-230929-35000-P,BTCUSDT,P,230929-35000,7440.0,7440.0,7440.0,7440.0,0.0,0.0,8050.0,8725.0,1.5,1.5,,0.48433304,8323.0,0.38333893,-0.85896876,3.806e-05,34.29727908,-5.61058929,30.61,828379.7579,2023-06-04 03:00:00+00:00,35000,27061.38
2023-06-04,4,BTC-230929-35000-P,BTCUSDT,P,230929-35000,7440.0,7440.0,7440.0,7440.0,0.0,0.0,8050.0,8730.0,1.5,1.5,,0.48427582,8323.0,0.38154125,-0.86064913,3.794e-05,34.00412607,-5.53851623,30.61,828140.09520431,2023-06-04 04:00:00+00:00,35000,27054.95
2023-06-04,5,BTC-230929-35000-P,BTCUSDT,P,230929-35000,7440.0,7440.0,7440.0,7440.0,0.0,0.0,8060.0,8740.0,1.5,1.5,,0.4836607,8331.0,0.37969828,-0.86272201,3.777e-05,33.63186919,-5.45336434,30.61,827631.02369569,2023-06-04 05:00:00+00:00,35000,27038.63
2023-06-04,6,BTC-230929-35000-P,BTCUSDT,P,230929-35000,7440.0,7440.0,7440.0,7440.0,0.0,0.0,8005.0,8675.0,1.5,1.5,,0.48478603,8282.0,0.38748503,-0.85352227,3.855e-05,35.25074553,-5.83515902,30.61,830332.09090892,2023-06-04 06:00:00+00:00,35000,27127.78
2023-06-04,7,BTC-230929-35000-P,BTCUSDT,P,230929-35000,7440.0,7440.0,7440.0,7440.0,0.0,0.0,10.0,8640.0,4.97,4.77,,0.48107386,8110.0,0.34053693,-0.88894571,3.617e-05,29.1017746,-4.23514015,30.61,831306.22354892,2023-06-04 07:00:00+00:00,35000,27150.45
2023-06-04,8,BTC-230929-35000-P,BTCUSDT,P,230929-35000,7440.0,7440.0,7440.0,7440.0,0.0,0.0,7995.0,8670.0,1.5,1.5,,0.48791409,8277.0,0.39181471,-0.8494726,3.881e-05,35.91757844,-6.0162591,30.61,830994.37567108,2023-06-04 08:00:00+00:00,35000,27150.82
2023-06-04,9,BTC-230929-35000-P,BTCUSDT,P,230929-35000,7440.0,7440.0,7440.0,7440.0,0.0,0.0,7905.0,8570.0,1.5,1.5,,0.47718048,8177.0,0.37950993,-0.85629157,3.876e-05,34.8960224,-5.66360038,30.61,832949.89212,2023-06-04 09:00:00+00:00,35000,27215.89
2023-06-04,10,BTC-230929-35000-P,BTCUSDT,P,230929-35000,7440.0,7440.0,7440.0,7440.0,0.0,0.0,7910.0,8570.0,1.5,1.5,,0.47822475,8183.0,0.38251638,-0.85384098,3.889e-05,35.29632163,-5.77600855,30.61,833230.56541323,2023-06-04 10:00:00+00:00,35000,27221.05
2023-06-04,11,BTC-230929-35000-P,BTCUSDT,P,230929-35000,7440.0,7440.0,7440.0,7440.0,0.0,0.0,7935.0,8600.0,1.5,1.5,,0.48083067,8210.0,0.38453937,-0.85328138,3.883e-05,35.34977045,-5.81742238,30.61,832449.52745569,2023-06-04 11:00:00+00:00,35000,27198.55
2023-06-04,12,BTC-230929-35000-P,BTCUSDT,P,230929-35000,7440.0,7440.0,7440.0,7440.0,0.0,0.0,7930.0,8595.0,1.5,1.5,,0.48192024,8206.0,0.38657188,-0.85132429,3.896e-05,35.67438994,-5.90398064,30.61,832869.6327,2023-06-04 12:00:00+00:00,35000,27210.1
2023-06-04,13,BTC-230929-35000-P,BTCUSDT,P,230929-35000,7440.0,7440.0,7440.0,7440.0,0.0,0.0,7890.0,8555.0,1.5,1.5,,0.47987461,8166.0,0.38462162,-0.85134155,3.91e-05,35.71604633,-5.88315241,30.61,834463.85591785,2023-06-04 13:00:00+00:00,35000,27245.46
2023-06-04,14,BTC-230929-35000-P,BTCUSDT,P,230929-35000,7440.0,7440.0,7440.0,7440.0,0.0,0.0,7910.0,8575.0,1.5,1.5,,0.48225403,8188.0,0.38781166,-0.84945914,3.913e-05,35.99452291,-5.98033316,30.61,833749.45933108,2023-06-04 14:00:00+00:00,35000,27234.2
2023-06-04,15,BTC-230929-35000-P,BTCUSDT,P,230929-35000,7440.0,7440.0,7440.0,7440.0,0.0,0.0,7935.0,8605.0,1.5,1.5,,0.47976494,8208.0,0.38082123,-0.85686739,3.861e-05,34.72255979,-5.66703709,30.61,832370.40400677,2023-06-04 15:00:00+00:00,35000,27179.0
2023-06-04,16,BTC-230929-35000-P,BTCUSDT,P,230929-35000,7440.0,7440.0,7440.0,7440.0,0.0,0.0,7945.0,8445.0,1.5,1.5,,0.44009209,8151.0,0.36037683,-0.87314434,3.758e-05,31.9411802,-4.93498833,30.61,831728.86602215,2023-06-04 16:00:00+00:00,35000,27170.66
2023-06-04,17,BTC-230929-35000-P,BTCUSDT,P,230929-35000,7440.0,7440.0,7440.0,7440.0,0.0,0.0,7935.0,8600.0,1.5,1.5,,0.47782421,8205.0,0.37855387,-0.85891254,3.848e-05,34.36661261,-5.57953373,30.61,832046.58421785,2023-06-04 17:00:00+00:00,35000,27176.76
2023-06-04,18,BTC-230929-35000-P,BTCUSDT,P,230929-35000,7440.0,7440.0,7440.0,7440.0,0.0,0.0,7930.0,8600.0,1.5,1.5,,0.48084736,8205.0,0.38276434,-0.8551197,3.873e-05,35.00339222,-5.74817975,30.61,832389.28017323,2023-06-04 18:00:00+00:00,35000,27194.18
2023-06-04,19,BTC-230929-35000-P,BTCUSDT,P,230929-35000,7440.0,7440.0,7440.0,7440.0,0.0,0.0,7925.0,8590.0,1.5,1.5,,0.48197269,8201.0,0.38631201,-0.85176059,3.895e-05,35.56406592,-5.89649055,30.61,832973.20382147,2023-06-04 19:00:00+00:00,35000,27213.11
2023-06-04,20,BTC-230929-35000-P,BTCUSDT,P,230929-35000,7440.0,7440.0,7440.0,7440.0,0.0,0.0,7910.0,8575.0,1.5,1.5,,0.4842186,8190.0,0.3906703,-0.84729097,3.925e-05,36.31049706,-6.0903462,30.61,833761.71013323,2023-06-04 20:00:00+00:00,35000,27241.51
2023-06-04,21,BTC-230929-35000-P,BTCUSDT,P,230929-35000,7440.0,7440.0,7440.0,7440.0,0.0,0.0,7920.0,8590.0,1.5,1.5,,0.47897339,8192.0,0.37951946,-0.85771893,3.861e-05,34.56048538,-5.63337532,30.61,832435.99103323,2023-06-04 21:00:00+00:00,35000,27194.57
2023-06-04,22,BTC-230929-35000-P,BTCUSDT,P,230929-35000,7440.0,7440.0,7440.0,7440.0,0.0,0.0,7955.0,8615.0,1.5,1.5,,0.49161673,8239.0,0.4020679,-0.83925217,3.947e-05,37.53157687,-6.48345469,30.61,833953.88651569,2023-06-04 22:00:00+00:00,35000,27234.06
2023-06-04,23,BTC-230929-35000-P,BTCUSDT,P,230929-35000,7440.0,7440.0,7440.0,7440.0,0.0,0.0,8060.0,8735.0,1.5,1.5,,0.49835682,8348.0,0.40548086,-0.84131093,3.898e-05,37.05229569,-6.45730457,30.61,830102.50230431,2023-06-04 23:00:00+00:00,35000,27115.21
2023-06-05,0,BTC-230929-35000-P,BTCUSDT,P,230929-35000,7440.0,7440.0,7440.0,7440.0,0.0,0.0,8125.0,8735.0,1.5,1.5,,0.48172951,8381.0,0.39241314,-0.85468016,3.813e-05,34.81943329,-5.87471233,30.61,827344.96304215,2023-06-05 00:00:00+00:00,35000,27024.76
2023-06-05,1,BTC-230929-35000-P,BTCUSDT,P,230929-35000,7440.0,7440.0,7440.0,7440.0,0.0,0.0,8090.0,8780.0,1.5,1.5,,0.49622059,8376.0,0.39669752,-0.85064026,3.839e-05,35.49020003,-6.05542924,30.61,827933.38247323,2023-06-05 01:00:00+00:00,35000,27047.14
2023-06-05,2,BTC-230929-35000-P,BTCUSDT,P,230929-35000,7440.0,7440.0,7440.0,7440.0,0.0,0.0,8245.0,8815.0,1.5,5.23,,0.4827404,8489.0,0.39990902,-0.85290346,3.787e-05,34.96734092,-6.0166742,30.61,824161.40740431,2023-06-05 02:00:00+00:00,35000,26922.71
2023-06-05,3,BTC-230929-35000-P,BTCUSDT,P,230929-35000,7440.0,7440.0,7440.0,7440.0,0.0,0.0,8275.0,9120.0,1.5,3.46,,0.53610325,8616.0,0.41526556,-0.84503435,3.789e-05,36.08080957,-6.44897393,30.61,821687.03104892,2023-06-05 03:00:00+00:00,35000,26843.58
2023-06-05,4,BTC-230929-35000-P,BTCUSDT,P,230929-35000,7440.0,7440.0,7440.0,7440.0,0.0,0.0,8295.0,9145.0,1.5,3.22,,0.54053783,8642.0,0.42109251,-0.84116478,3.799e-05,36.65594707,-6.64608966,30.61,821639.55153785,2023-06-05 04:00:00+00:00,35000,26837.0
2023-06-05,5,BTC-230929-35000-P,BTCUSDT,P,230929-35000,7440.0,7440.0,7440.0,7440.0,0.0,0.0,8290.0,9140.0,1.5,3.63,,0.53618908,8628.0,0.4126668,-0.84801613,3.769e-05,35.57124768,-6.32264382,30.61,820613.4834453,2023-06-05 05:00:00+00:00,35000,26816.7
2023-06-05,6,BTC-230929-35000-P,BTCUSDT,P,230929-35000,7440.0,7440.0,7440.0,7440.0,0.0,0.0,8315.0,9165.0,1.5,4.83,,0.53325176,8642.0,0.40441751,-0.85591594,3.718e-05,34.25185645,-5.96856702,30.61,819426.90137147,2023-06-05 06:00:00+00:00,35000,26765.34
2023-06-05,7,BTC-230929-35000-P,BTCUSDT,P,230929-35000,7440.0,7440.0,7440.0,7440.0,0.0,0.0,8035.0,9185.0,5.2,4.77,,0.54833412,8487.0,0.37416706,-0.87586538,3.62e-05,30.98638875,-4.99745036,30.61,821246.14841677,2023-06-05 07:00:00+00:00,35000,26829.99
2023-06-05,8,BTC-230929-35000-P,BTCUSDT,P,230929-35000,7440.0,7440.0,7440.0,7440.0,0.0,0.0,8205.0,8965.0,1.5,1.5,,0.49432755,8436.0,0.34716377,-0.89731693,3.412e-05,27.02632732,-4.04566043,30.61,820339.27274892,2023-06-05 08:00:00+00:00,35000,26798.64
2023-06-05,9,BTC-230929-35000-P,BTCUSDT,P,230929-35000,7440.0,7440.0,7440.0,7440.0,0.0,0.0,8185.0,9100.0,1.5,5.51,,0.52120209,8493.0,0.36060104,-0.88801271,3.5e-05,28.74197501,-4.47061904,30.61,819611.08125569,2023-06-05 09:00:00+00:00,35000,26776.99
2023-06-05,10,BTC-230929-35000-P,BTCUSDT,P,230929-35000,7440.0,7440.0,7440.0,7440.0,0.0,0.0,8380.0,8850.0,1.5,1.5,,0.45033455,8570.0,0.36904335,-0.88385895,3.518e-05,29.42631968,-4.68590572,30.61,818245.69839785,2023-06-05 10:00:00+00:00,35000,26716.8
2023-06-05,11,BTC-230929-35000-P,BTCUSDT,P,230929-35000,7440.0,7440.0,7440.0,7440.0,0.0,0.0,8220.0,8980.0,1.5,1.5,,0.49349785,8457.0,0.34674892,-0.89861364,3.389e-05,26.73833653,-4.00208137,30.61,819812.58348431,2023-06-05 11:00:00+00:00,35000,26773.39
2023-06-05,12,BTC-230929-35000-P,BTCUSDT,P,230929-35000,7440.0,7440.0,7440.0,7440.0,0.0,0.0,8370.0,9080.0,1.5,1.5,,0.50145149,8635.0,0.3828907,-0.87467705,3.583e-05,31.00327017,-5.12595725,30.61,816868.50688215,2023-06-05 12:00:00+00:00,35000,26690.76
2023-06-05,13,BTC-230929-35000-P,BTCUSDT,P,230929-35000,7440.0,7440.0,7440.0,7440.0,0.0,0.0,8280.0,8980.0,1.5,1.5,,0.48536301,8490.0,0.34441948,-0.90193301,3.337e-05,26.04359652,-3.87469592,30.61,818195.64084431,2023-06-05 13:00:00+00:00,35000,26728.64
2023-06-05,14,BTC-230929-35000-P,BTCUSDT,P,230929-35000,7440.0,7440.0,7440.0,7440.0,0.0,0.0,8280.0,8980.0,1.5,1.5,,0.49869299,8552.0,0.38689494,-0.86783548,3.665e-05,32.28920869,-5.39828459,30.61,820404.67611569,2023-06-05 14:00:00+00:00,35000,26802.21
2023-06-05,15,BTC-230929-35000-P,BTCUSDT,P,230929-35000,7440.0,7440.0,7440.0,7440.0,0.0,0.0,10.0,9530.0,5.81,3.31,,0.48043728,9119.0,0.34021864,-0.9264235,2.798e-05,20.44345022,-3.00658881,30.61,799667.36022892,2023-06-05 15:00:00+00:00,35000,26007.53
2023-06-05,16,BTC-230929-35000-P,BTCUSDT,P,230929-35000,7440.0,7440.0,7440.0,7440.0,0.0,0.0,9330.0,10340.0,1.5,5.24,,0.63034534,9736.0,0.48424959,-0.83705264,3.501e-05,35.75712962,-7.48772916,30.61,789162.60002215,2023-06-05 16:00:00+00:00,35000,25809.05
2023-06-05,17,BTC-230929-35000-P,BTCUSDT,P,230929-35000,7440.0,7440.0,7440.0,7440.0,0.0,0.0,9330.0,10280.0,1.5,3.44,,0.60965538,9694.0,0.46122074,-0.85353362,3.433e-05,33.2597963,-6.63595084,30.61,788395.69708215,2023-06-05 17:00:00+00:00,35000,25756.28
2023-06-05,18,BTC-230929-35000-P,BTCUSDT,P,230929-35000,7440.0,7440.0,7440.0,7440.0,0.0,0.0,9450.0,10410.0,1.5,3.95,,0.60482025,9734.0,0.41769028,-0.88877257,3.155e-05,27.25679245,-4.9267491,30.61,782284.06366892,2023-06-05 18:00:00+00:00,35000,25564.43
2023-06-05,19,BTC-230929-35000-P,BTCUSDT,P,230929-35000,7440.0,7440.0,7440.0,7440.0,0.0,0.0,9380.0,10330.0,1.5,3.65,,0.59777737,9631.0,0.40020704,-0.8984281,3.077e-05,25.58529567,-4.43264697,30.61,783916.12084677,2023-06-05 19:00:00+00:00,35000,25629.99
2023-06-05,20,BTC-230929-35000-P,BTCUSDT,P,230929-35000,7440.0,7440.0,7440.0,7440.0,0.0,0.0,9360.0,10315.0,1.5,4.39,,0.59570789,9618.0,0.39785395,-0.89981712,3.064e-05,25.3322949,-4.36458426,30.61,784423.62298558,2023-06-05 20:00:00+00:00,35000,25631.16
2023-06-05,21,BTC-230929-35000-P,BTCUSDT,P,230929-35000,7440.0,7440.0,7440.0,7440.0,0.0,0.0,10.0,9950.0,3.47,2.1,,0.51123619,9493.0,0.3556181,-0.92675452,2.709e-05,20.06042504,-3.09047629,30.61,785743.78952892,2023-06-05 21:00:00+00:00,35000,25658.35
2023-06-05,22,BTC-230929-35000-P,BTCUSDT,P,230929-35000,7440.0,7440.0,7440.0,7440.0,0.0,0.0,9285.0,10230.0,1.5,2.44,,0.59085846,9538.0,0.39542923,-0.89902642,3.092e-05,25.54962627,-4.37836101,30.61,787087.33725323,2023-06-05 22:00:00+00:00,35000,25710.73
2023-06-05,23,BTC-230929-35000-P,BTCUSDT,P,230929-35000,7440.0,7440.0,7440.0,7440.0,0.0,0.0,9300.0,10240.0,1.5,5.28,,0.59657097,9617.0,0.42982578,-0.87546935,3.303e-05,29.69552157,-5.53348245,30.61,788239.96700677,2023-06-05 23:00:00+00:00,35000,25728.2
2023-06-06,0,BTC-230929-35000-P,BTCUSDT,P,230929-35000,7440.0,7440.0,7440.0,7440.0,0.0,0.0,9335.0,10280.0,1.5,3.01,,0.598979,9648.0,0.42905569,-0.877309,3.28e-05,29.33805955,-5.4590503,30.61,786437.18765569,2023-06-06 00:00:00+00:00,35000,25690.89
2023-06-06,1,BTC-230929-35000-P,BTCUSDT,P,230929-35000,7440.0,7440.0,7440.0,7440.0,0.0,0.0,9365.0,10315.0,1.5,2.6,,0.59754372,9613.0,0.39877186,-0.89922549,3.072e-05,25.42553209,-4.39869182,30.61,784806.62016431,2023-06-06 01:00:00+00:00,35000,25640.01
2023-06-06,2,BTC-230929-35000-P,BTCUSDT,P,230929-35000,7440.0,7440.0,7440.0,7440.0,0.0,0.0,9245.0,10185.0,1.5,3.41,,0.59034824,9522.0,0.4075551,-0.88942014,3.199e-05,27.32089743,-4.83244993,30.61,788304.86700892,2023-06-06 02:00:00+00:00,35000,25764.76
2023-06-06,3,BTC-230929-35000-P,BTCUSDT,P,230929-35000,7440.0,7440.0,7440.0,7440.0,0.0,0.0,9270.0,10215.0,1.5,2.77,,0.59135914,9521.0,0.39567957,-0.89850607,3.102e-05,25.64138772,-4.40482108,30.61,787742.55450677,2023-06-06 03:00:00+00:00,35000,25730.83
2023-06-06,4,BTC-230929-35000-P,BTCUSDT,P,230929-35000,7440.0,7440.0,7440.0,7440.0,0.0,0.0,9220.0,10155.0,1.5,4.01,,0.58959484,9516.0,0.4160285,-0.88274347,3.265e-05,28.51290607,-5.15186985,30.61,789620.24673108,2023-06-06 04:00:00+00:00,35000,25797.65
2023-06-06,5,BTC-230929-35000-P,BTCUSDT,P,230929-35000,7440.0,7440.0,7440.0,7440.0,0.0,0.0,9225.0,10165.0,1.5,2.06,,0.58703423,9480.0,0.39351711,-0.89883857,3.108e-05,25.60981393,-4.37852194,30.61,788815.02007108,2023-06-06 05:00:00+00:00,35000,25769.95
2023-06-06,6,BTC-230929-35000-P,BTCUSDT,P,230929-35000,7440.0,7440.0,7440.0,7440.0,0.0,0.0,9290.0,10230.0,1.5,4.83,,0.60192585,9634.0,0.44707537,-0.86309215,3.389e-05,31.71413137,-6.16237834,30.61,788809.87759108,2023-06-06 06:00:00+00:00,35000,25766.21
2023-06-06,7,BTC-230929-35000-P,BTCUSDT,P,230929-35000,7440.0,7440.0,7440.0,7440.0,0.0,0.0,8915.0,9975.0,4.37,2.3,,0.53211212,9456.0,0.36605606,-0.91863717,2.849e-05,21.74136036,-3.46024171,30.61,787373.60877569,2023-06-06 07:00:00+00:00,35000,25722.33
2023-06-06,8,BTC-230929-35000-P,BTCUSDT,P,230929-35000,7440.0,7440.0,7440.0,7440.0,0.0,0.0,9325.0,10255.0,1.5,5.93,,0.59700012,9641.0,0.43222427,-0.87508177,3.3e-05,29.68577439,-5.58067893,30.61,787005.31605785,2023-06-06 08:00:00+00:00,35000,25707.8
2023-06-06,9,BTC-230929-35000-P,BTCUSDT,P,230929-35000,7440.0,7440.0,7440.0,7440.0,0.0,0.0,9255.0,10080.0,1.5,3.18,,0.5640173,9488.0,0.39072752,-0.90146159,3.075e-05,25.0872712,-4.26495414,30.61,788790.02190431,2023-06-06 09:00:00+00:00,35000,25750.76
2023-06-06,10,BTC-230929-35000-P,BTCUSDT,P,230929-35000,7440.0,7440.0,7440.0,7440.0,0.0,0.0,9220.0,10095.0,1.5,3.21,,0.56612015,9477.0,0.38306007,-0.90689828,3.01e-05,24.04921021,-4.00970242,30.61,788027.92133323,2023-06-06 10:00:00+00:00,35000,25742.36
2023-06-06,11,BTC-230929-35000-P,BTCUSDT,P,230929-35000,7440.0,7440.0,7440.0,7440.0,0.0,0.0,9325.0,10270.0,1.5,2.28,,0.59698582,9610.0,0.41476488,-0.88753658,3.197e-05,27.5245126,-4.97076925,30.61,785970.67084892,2023-06-06 11:00:00+00:00,35000,25686.64
2023-06-06,12,BTC-230929-35000-P,BTCUSDT,P,230929-35000,7440.0,7440.0,7440.0,7440.0,0.0,0.0,9450.0,10410.0,1.5,2.91,,0.60182571,9711.0,0.40091286,-0.9015447,3.023e-05,24.84446704,-4.33849623,30.61,780884.34999569,2023-06-06 12:00:00+00:00,35000,25533.41
2023-06-06,13,BTC-230929-35000-P,BTCUSDT,P,230929-35000,7440.0,7440.0,7440.0,7440.0,0.0,0.0,8950.0,10065.0,5.73,3.04,,0.55821419,9471.0,0.37910709,-0.90982021,2.973e-05,23.47038875,-3.87703267,30.61,787745.88759569,2023-06-06 13:00:00+00:00,35000,25735.2
2023-06-06,14,BTC-230929-35000-P,BTCUSDT,P,230929-35000,7440.0,7440.0,7440.0,7440.0,0.0,0.0,9065.0,9975.0,1.5,2.72,,0.58778763,9411.0,0.44409275,-0.85707105,3.485e-05,32.91861424,-6.37221204,30.61,796090.71097108,2023-06-06 14:00:00+00:00,35000,26024.73
2023-06-06,15,BTC-230929-35000-P,BTCUSDT,P,230929-35000,7440.0,7440.0,7440.0,7440.0,0.0,0.0,8920.0,9825.0,1.5,5.5,,0.56270599,9181.0,0.381353,-0.89830506,3.189e-05,25.95615137,-4.31618639,30.61,797603.62042431,2023-06-06 15:00:00+00:00,35000,26066.11
2023-06-06,16,BTC-230929-35000-P,BTCUSDT,P,230929-35000,7440.0,7440.0,7440.0,7440.0,0.0,0.0,10.0,9540.0,5.03,2.28,,0.55134773,8895.0,0.37567387,-0.89251344,3.332e-05,27.32652266,-4.47801936,30.61,806709.97298431,2023-06-06 16:00:00+00:00,35000,26369.99
2023-06-06,17,BTC-230929-35000-P,BTCUSDT,P,230929-35000,7440.0,7440.0,7440.0,7440.0,0.0,0.0,8415.0,8835.0,1.5,1.5,,0.43730259,8582.0,0.35884619,-0.89472921,3.398e-05,27.21842742,-4.26206309,30.61,816036.47266431,2023-06-06 17:00:00+00:00,35000,26669.16
2023-06-06,18,BTC-230929-35000-P,BTCUSDT,P,230929-35000,7440.0,7440.0,7440.0,7440.0,0.0,0.0,8365.0,9060.0,1.5,1.5,,0.50096989,8627.0,0.38437128,-0.87483235,3.584e-05,30.81798884,-5.17084699,30.61,817382.46238677,2023-06-06 18:00:00+00:00,35000,26698.08
2023-06-06,19,BTC-230929-35000-P,BTCUSDT,P,230929-35000,7440.0,7440.0,7440.0,7440.0,0.0,0.0,8000.0,8490.0,1.5,1.5,,0.43844223,8195.0,0.35432339,-0.88343966,3.646e-05,29.72996746,-4.60000948,30.61,830641.02063323,2023-06-06 19:00:00+00:00,35000,27080.13
2023-06-06,20,BTC-230929-35000-P,BTCUSDT,P,230929-35000,7440.0,7440.0,7440.0,7440.0,0.0,0.0,8110.0,8790.0,1.5,1.5,,0.48285961,8359.0,0.36627531,-0.87967219,3.627e-05,30.23731515,-4.83808411,30.61,825234.66882892,2023-06-06 20:00:00+00:00,35000,26944.98
2023-06-06,21,BTC-230929-35000-P,BTCUSDT,P,230929-35000,7440.0,7440.0,7440.0,7440.0,0.0,0.0,8065.0,8740.0,1.5,1.5,,0.49228191,8340.0,0.39121389,-0.85678259,3.814e-05,34.23827361,-5.85338106,30.61,827545.17965108,2023-06-06 21:00:00+00:00,35000,27057.03
2023-06-06,22,BTC-230929-35000-P,BTCUSDT,P,230929-35000,7440.0,7440.0,7440.0,7440.0,0.0,0.0,7955.0,8615.0,1.5,1.5,,0.48198462,8222.0,0.38196445,-0.85990566,3.835e-05,33.85006883,-5.65224981,30.61,831657.62634892,2023-06-06 22:00:00+00:00,35000,27152.65
2023-06-06,23,BTC-230929-35000-P,BTCUSDT,P,230929-35000,7440.0,7440.0,7440.0,7440.0,0.0,0.0,8025.0,8690.0,1.5,1.5,,0.51116943,8319.0,0.42513371,-0.82544907,3.972e-05,39.21847995,-7.2914414,30.61,833510.66732,2023-06-06 23:00:00+00:00,35000,27230.08
2023-06-07,0,BTC-230929-35000-P,BTCUSDT,P,230929-35000,7440.0,7440.0,7440.0,7440.0,0.0,0.0,8030.0,8695.0,1.5,1.5,,0.50625324,8320.0,0.41772127,-0.8322469,3.947e-05,38.17655837,-6.97651865,30.61,832406.23811323,2023-06-07 00:00:00+00:00,35000,27179.8
2023-06-07,1,BTC-230929-35000-P,BTCUSDT,P,230929-35000,7440.0,7440.0,7440.0,7440.0,0.0,0.0,8145.0,8825.0,1.5,1.5,,0.51671505,8442.0,0.4265213,-0.83022122,3.912e-05,38.31411857,-7.15176632,30.61,829458.13459569,2023-06-07 01:00:00+00:00,35000,27085.83
2023-06-07,2,BTC-230929-35000-P,BTCUSDT,P,230929-35000,7440.0,7440.0,7440.0,7440.0,0.0,0.0,8200.0,8890.0,1.5,1.5,,0.50740719,8487.0,0.40724993,-0.84942664,3.808e-05,35.23395967,-6.28195231,30.61,825272.60482215,2023-06-07 02:00:00+00:00,35000,26943.69
2023-06-07,3,BTC-230929-35000-P,BTCUSDT,P,230929-35000,7440.0,7440.0,7440.0,7440.0,0.0,0.0,8310.0,9005.0,1.5,1.5,,0.52673101,8612.0,0.43299079,-0.83257668,3.845e-05,37.71226798,-7.15141446,30.61,823674.45672215,2023-06-07 03:00:00+00:00,35000,26909.01
2023-06-07,4,BTC-230929-35000-P,BTCUSDT,P,230929-35000,7440.0,7440.0,7440.0,7440.0,0.0,0.0,8195.0,8890.0,1.5,1.5,,0.5053401,8480.0,0.40222049,-0.85366983,3.786e-05,34.53786546,-6.08623688,30.61,824645.71202215,2023-06-07 04:00:00+00:00,35000,26933.12
2023-06-07,5,BTC-230929-35000-P,BTCUSDT,P,230929-35000,7440.0,7440.0,7440.0,7440.0,0.0,0.0,8225.0,8920.0,1.5,1.5,,0.50833225,8512.0,0.40610552,-0.85173313,3.786e-05,34.80883042,-6.19549599,30.61,823937.87277785,2023-06-07 05:00:00+00:00,35000,26912.99
2023-06-07,6,BTC-230929-35000-P,BTCUSDT,P,230929-35000,7440.0,7440.0,7440.0,7440.0,0.0,0.0,8140.0,8790.0,1.5,1.5,,0.46214104,8360.0,0.33107052,-0.9104949,3.257e-05,24.2547315,-3.52065432,30.61,821627.21910892,2023-06-07 06:00:00+00:00,35000,26829.3
2023-06-07,7,BTC-230929-35000-P,BTCUSDT,P,230929-35000,7440.0,7440.0,7440.0,7440.0,0.0,0.0,7940.0,9075.0,5.69,4.06,,0.52297592,8472.0,0.36148796,-0.88899413,3.496e-05,28.34268351,-4.49365694,30.61,820620.72149569,2023-06-07 07:00:00+00:00,35000,26795.87
2023-06-07,8,BTC-230929-35000-P,BTCUSDT,P,230929-35000,7440.0,7440.0,7440.0,7440.0,0.0,0.0,8255.0,9020.0,1.5,4.69,,0.51450729,8547.0,0.39243698,-0.86537435,3.685e-05,32.4722313,-5.59121161,30.61,820762.26213569,2023-06-07 08:00:00+00:00,35000,26816.47
2023-06-07,9,BTC-230929-35000-P,BTCUSDT,P,230929-35000,7440.0,7440.0,7440.0,7440.0,0.0,0.0,10.0,9190.0,4.92,4.05,,0.49423218,8704.0,0.34711609,-0.90964165,3.17e-05,24.10802605,-3.67298443,30.61,810679.59342215,2023-06-07 09:00:00+00:00,35000,26486.28
2023-06-07,10,BTC-230929-35000-P,BTCUSDT,P,230929-35000,7440.0,7440.0,7440.0,7440.0,0.0,0.0,8460.0,9335.0,1.5,3.19,,0.54685593,8781.0,0.40598869,-0.86378307,3.622e-05,32.452804,-5.78505824,30.61,814053.67930431,2023-06-07 10:00:00+00:00,35000,26595.74
2023-06-07,11,BTC-230929-35000-P,BTCUSDT,P,230929-35000,7440.0,7440.0,7440.0,7440.0,0.0,0.0,8300.0,9070.0,1.5,2.32,,0.53761005,8627.0,0.43224573,-0.83447787,3.833e-05,37.34656226,-7.09058147,30.61,821776.64352431,2023-06-07 11:00:00+00:00,35000,26896.14
2023-06-07,12,BTC-230929-35000-P,BTCUSDT,P,230929-35000,7440.0,7440.0,7440.0,7440.0,0.0,0.0,8300.0,9055.0,1.5,4.21,,0.52026272,8600.0,0.40523291,-0.85683012,3.726e-05,33.8188667,-6.0217568,30.61,819911.84831323,2023-06-07 12:00:00+00:00,35000,26802.35
2023-06-07,13,BTC-230929-35000-P,BTCUSDT,P,230929-35000,7440.0,7440.0,7440.0,7440.0,0.0,0.0,8225.0,9020.0,1.5,3.78,,0.51466942,8507.0,0.37972927,-0.87503795,3.621e-05,30.80939326,-5.14251747,30.61,821721.70197569,2023-06-07 13:00:00+00:00,35000,26818.62
2023-06-07,14,BTC-230929-35000-P,BTCUSDT,P,230929-35000,7440.0,7440.0,7440.0,7440.0,0.0,0.0,8665.0,9455.0,1.5,4.19,,0.5480957,8981.0,0.42752743,-0.85431054,3.623e-05,33.7507172,-6.34489813,30.61,808434.00981108,2023-06-07 14:00:00+00:00,35000,26443.57
2023-06-07,15,BTC-230929-35000-P,BTCUSDT,P,230929-35000,7440.0,7440.0,7440.0,7440.0,0.0,0.0,8740.0,9415.0,1.5,5.59,,0.52031517,9003.0,0.40757179,-0.87184885,3.496e-05,30.79389857,-5.52084597,30.61,805760.49159785,2023-06-07 15:00:00+00:00,35000,26349.52
2023-06-07,16,BTC-230929-35000-P,BTCUSDT,P,230929-35000,7440.0,7440.0,7440.0,7440.0,0.0,0.0,8415.0,9380.0,3.12,3.76,,0.50879002,8871.0,0.35439501,-0.90999226,3.119e-05,23.85749614,-3.72056179,30.61,806066.51677323,2023-06-07 16:00:00+00:00,35000,26329.16
2023-06-07,17,BTC-230929-35000-P,BTCUSDT,P,230929-35000,7440.0,7440.0,7440.0,7440.0,0.0,0.0,8570.0,9150.0,1.5,5.45,,0.48753262,8795.0,0.3861165,-0.88149659,3.473e-05,29.31974608,-4.98349379,30.61,811882.91382147,2023-06-07 17:00:00+00:00,35000,26507.04
2023-06-07,18,BTC-230929-35000-P,BTCUSDT,P,230929-35000,7440.0,7440.0,7440.0,7440.0,0.0,0.0,8570.0,9150.0,1.5,5.45,,0.47995567,8777.0,0.36779881,-0.89597668,3.326e-05,26.66494073,-4.31882525,30.61,810172.88617147,2023-06-07 18:00:00+00:00,35000,26472.94
2023-06-07,19,BTC-230929-35000-P,BTCUSDT,P,230929-35000,7440.0,7440.0,7440.0,7440.0,0.0,0.0,8545.0,9150.0,1.5,5.45,,0.48320293,8752.0,0.36382437,-0.89838241,3.304e-05,26.22559202,-4.20330769,30.61,810856.55323323,2023-06-07 19:00:00+00:00,35000,26482.42
2023-06-07,20,BTC-230929-35000-P,BTCUSDT,P,230929-35000,7440.0,7440.0,7440.0,7440.0,0.0,0.0,8665.0,9265.0,1.5,2.59,,0.4861021,8863.0,0.3623271,-0.90364501,3.207e-05,25.09909295,-4.00767416,30.61,807056.01563323,2023-06-07 20:00:00+00:00,35000,26359.93
2023-06-07,21,BTC-230929-35000-P,BTCUSDT,P,230929-35000,7440.0,7440.0,7440.0,7440.0,0.0,0.0,8860.0,9480.0,1.5,4.49,,0.49675941,9031.0,0.35133839,-0.91792244,2.96e-05,22.09098032,-3.42163494,30.61,801091.07408558,2023-06-07 21:00:00+00:00,35000,26156.0
2023-06-07,22,BTC-230929-35000-P,BTCUSDT,P,230929-35000,7440.0,7440.0,7440.0,7440.0,0.0,0.0,8770.0,9340.0,1.5,5.94,,0.48717499,8973.0,0.37478447,-0.89775948,3.25e-05,26.11471778,-4.31637912,30.61,804378.25283323,2023-06-07 22:00:00+00:00,35000,26275.9
2023-06-07,23,BTC-230929-35000-P,BTCUSDT,P,230929-35000,7440.0,7440.0,7440.0,7440.0,0.0,0.0,8730.0,9340.0,1.5,5.94,,0.50177097,8963.0,0.39360762,-0.88222618,3.417e-05,28.97611241,-5.03171355,30.61,806422.08982147,2023-06-07 23:00:00+00:00,35000,26339.34
2023-06-08,0,BTC-230929-35000-P,BTCUSDT,P,230929-35000,7440.0,7440.0,7440.0,7440.0,0.0,0.0,8640.0,9225.0,1.5,5.95,,0.48269272,8839.0,0.36430359,-0.90142931,3.242e-05,25.53243457,-4.10513715,30.61,807814.56787382,2023-06-08 00:00:00+00:00,35000,26390.01
2023-06-08,1,BTC-230929-35000-P,BTCUSDT,P,230929-35000,7440.0,7440.0,7440.0,7440.0,0.0,0.0,8640.0,9225.0,1.5,5.95,,0.49407959,8869.0,0.39271832,-0.87940485,3.47e-05,29.56893116,-5.12682545,30.61,809312.79618824,2023-06-08 01:00:00+00:00,35000,26443.6
2023-06-08,2,BTC-230929-35000-P,BTCUSDT,P,230929-35000,7440.0,7440.0,7440.0,7440.0,0.0,0.0,8640.0,9225.0,1.5,5.95,,0.48178673,8834.0,0.36062717,-0.90430148,3.207e-05,24.97029162,-3.97716476,30.61,807551.89763323,2023-06-08 02:00:00+00:00,35000,26386.51
2023-06-08,3,BTC-230929-35000-P,BTCUSDT,P,230929-35000,7440.0,7440.0,7440.0,7440.0,0.0,0.0,8825.0,9340.0,1.5,3.3,,0.50247669,9045.0,0.42128325,-0.86303475,3.549e-05,32.16383886,-5.98678278,30.61,806293.18722431,2023-06-08 03:00:00+00:00,35000,26344.17
2023-06-08,4,BTC-230929-35000-P,BTCUSDT,P,230929-35000,7440.0,7440.0,7440.0,7440.0,0.0,0.0,8645.0,9340.0,1.5,3.3,,0.51396847,8894.0,0.38810968,-0.88435215,3.416e-05,28.64200951,-4.9132548,30.61,808188.36796215,2023-06-08 04:00:00+00:00,35000,26400.97
2023-06-08,5,BTC-230929-35000-P,BTCUSDT,P,230929-35000,7440.0,7440.0,7440.0,7440.0,0.0,0.0,8645.0,9215.0,1.5,5.49,,0.4779768,8832.0,0.35760641,-0.90680176,3.174e-05,24.46776165,-3.86875164,30.61,807399.77953785,2023-06-08 05:00:00+00:00,35000,26377.51
2023-06-08,6,BTC-230929-35000-P,BTCUSDT,P,230929-35000,7440.0,7440.0,7440.0,7440.0,0.0,0.0,8595.0,9360.0,1.5,4.74,,0.52424431,8846.0,0.37974834,-0.88946549,3.378e-05,27.75112957,-4.66130974,30.61,809121.40157569,2023-06-08 06:00:00+00:00,35000,26427.34
2023-06-08,7,BTC-230929-35000-P,BTCUSDT,P,230929-35000,7440.0,7440.0,7440.0,7440.0,0.0,0.0,8285.0,9360.0,3.54,4.74,,0.52764416,8787.0,0.36382208,-0.90030662,3.271e-05,25.76550847,-4.14781411,30.61,809434.97041569,2023-06-08 07:00:00+00:00,35000,26444.69
2023-06-08,8,BTC-230929-35000-P,BTCUSDT,P,230929-35000,7440.0,7440.0,7440.0,7440.0,0.0,0.0,8585.0,9210.0,1.5,1.5,,0.49063683,8796.0,0.36636829,-0.89861292,3.289e-05,26.0769516,-4.22888998,30.61,809486.17754431,2023-06-08 08:00:00+00:00,35000,26441.54
2023-06-08,9,BTC-230929-35000-P,BTCUSDT,P,230929-35000,7440.0,7440.0,7440.0,7440.0,0.0,0.0,8635.0,9385.0,1.5,4.98,,0.52274227,8879.0,0.37894964,-0.89155839,3.346e-05,27.31527538,-4.58351857,30.61,807895.93362677,2023-06-08 09:00:00+00:00,35000,26385.06
2023-06-08,10,BTC-230929-35000-P,BTCUSDT,P,230929-35000,7440.0,7440.0,7440.0,7440.0,0.0,0.0,8575.0,9395.0,1.5,5.32,,0.54319382,8878.0,0.40775299,-0.86782459,3.563e-05,31.5152659,-5.69233338,30.61,810726.58317323,2023-06-08 10:00:00+00:00,35000,26484.77
2023-06-08,11,BTC-230929-35000-P,BTCUSDT,P,230929-35000,7440.0,7440.0,7440.0,7440.0,0.0,0.0,8575.0,9145.0,1.5,2.12,,0.47193527,8737.0,0.33846855,-0.91890356,3.02e-05,22.07459748,-3.31088166,30.61,809213.97982,2023-06-08 11:00:00+00:00,35000,26432.0
2023-06-08,12,BTC-230929-35000-P,BTCUSDT,P,230929-35000,7440.0,7440.0,7440.0,7440.0,0.0,0.0,8535.0,9390.0,1.5,5.05,,0.54022312,8784.0,0.37238359,-0.89350218,3.352e-05,27.03462143,-4.46276253,30.61,811465.72811305,2023-06-08 12:00:00+00:00,35000,26462.9
2023-06-08,13,BTC-230929-35000-P,BTCUSDT,P,230929-35000,7440.0,7440.0,7440.0,7440.0,0.0,0.0,8645.0,9435.0,1.5,4.76,,0.53778172,8928.0,0.4009366,-0.87569482,3.485e-05,30.08906482,-5.3498032,30.61,808224.34102853,2023-06-08 13:00:00+00:00,35000,26400.93
2023-06-08,14,BTC-230929-35000-P,BTCUSDT,P,230929-35000,7440.0,7440.0,7440.0,7440.0,0.0,0.0,8385.0,9185.0,1.5,4.19,,0.52420139,8657.0,0.3817296,-0.88094887,3.52e-05,29.45316294,-4.98771595,30.61,815230.25355281,2023-06-08 14:00:00+00:00,35000,26648.55
2023-06-08,15,BTC-230929-35000-P,BTCUSDT,P,230929-35000,7440.0,7440.0,7440.0,7440.0,0.0,0.0,8300.0,9050.0,1.5,2.87,,0.50724506,8548.0,0.36794901,-0.88831141,3.48e-05,28.22436958,-4.6087845,30.61,818053.07411548,2023-06-08 15:00:00+00:00,35000,26721.68
2023-06-08,16,BTC-230929-35000-P,BTCUSDT,P,230929-35000,7440.0,7440.0,7440.0,7440.0,0.0,0.0,8560.0,9170.0,1.5,5.16,,0.49265862,8787.0,0.38210392,-0.88587409,3.432e-05,28.41602792,-4.82036606,30.61,810942.87903945,2023-06-08 16:00:00+00:00,35000,26498.4
2023-06-08,17,BTC-230929-35000-P,BTCUSDT,P,230929-35000,7440.0,7440.0,7440.0,7440.0,0.0,0.0,8580.0,9170.0,1.5,5.16,,0.48988342,8803.0,0.38332462,-0.88553313,3.431e-05,28.4561078,-4.84437854,30.61,810551.95570212,2023-06-08 17:00:00+00:00,35000,26485.0
2023-06-08,18,BTC-230929-35000-P,BTCUSDT,P,230929-35000,7440.0,7440.0,7440.0,7440.0,0.0,0.0,8470.0,9020.0,1.5,5.61,,0.46530724,8649.0,0.34757137,-0.90906526,3.193e-05,24.12588171,-3.72549351,30.61,812731.26324401,2023-06-08 18:00:00+00:00,35000,26550.0
2023-06-08,19,BTC-230929-35000-P,BTCUSDT,P,230929-35000,7440.0,7440.0,7440.0,7440.0,0.0,0.0,8470.0,9020.0,1.5,5.61,,0.46337128,8635.0,0.33823013,-0.91609679,3.092e-05,22.70710948,-3.41343461,30.61,812496.67627678,2023-06-08 19:00:00+00:00,35000,26539.9
2023-06-08,20,BTC-230929-35000-P,BTCUSDT,P,230929-35000,7440.0,7440.0,7440.0,7440.0,0.0,0.0,8385.0,9020.0,1.5,5.61,,0.48433781,8597.0,0.35926104,-0.89775003,3.357e-05,26.3760583,-4.21306664,30.61,815699.49139788,2023-06-08 20:00:00+00:00,35000,26637.3
2023-06-08,21,BTC-230929-35000-P,BTCUSDT,P,230929-35000,7440.0,7440.0,7440.0,7440.0,0.0,0.0,8435.0,9020.0,1.5,5.61,,0.47038555,8603.0,0.33685446,-0.91619535,3.099e-05,22.70556903,-3.40184049,30.61,813439.39700212,2023-06-08 21:00:00+00:00,35000,26573.42
2023-06-08,22,BTC-230929-35000-P,BTCUSDT,P,230929-35000,7440.0,7440.0,7440.0,7440.0,0.0,0.0,8435.0,9020.0,1.5,5.61,,0.46425819,8619.0,0.3321291,-0.92048502,3.025e-05,21.79614066,-3.22097075,30.61,812585.31745493,2023-06-08 22:00:00+00:00,35000,26544.38
2023-06-08,23,BTC-230929-35000-P,BTCUSDT,P,230929-35000,7440.0,7440.0,7440.0,7440.0,0.0,0.0,8510.0,9020.0,1.5,5.61,,0.45433521,8660.0,0.33233881,-0.92171966,2.993e-05,21.49917319,-3.18027102,30.61,811170.1835176,2023-06-08 23:00:00+00:00,35000,26498.61
2023-06-09,0,BTC-230929-35000-P,BTCUSDT,P,230929-35000,7440.0,7440.0,7440.0,7440.0,0.0,0.0,8545.0,9170.0,1.5,4.92,,0.48489571,8722.0,0.34244785,-0.91592539,3.071e-05,22.64862095,-3.4534935,30.61,809828.73558695,2023-06-09 00:00:00+00:00,35000,26456.95
2023-06-09,1,BTC-230929-35000-P,BTCUSDT,P,230929-35000,7440.0,7440.0,7440.0,7440.0,0.0,0.0,8470.0,9035.0,1.5,5.34,,0.46013355,8649.0,0.33006678,-0.92320399,2.971e-05,21.18643909,-3.11489485,30.61,811675.48397921,2023-06-09 01:00:00+00:00,35000,26504.21
2023-06-09,2,BTC-230929-35000-P,BTCUSDT,P,230929-35000,7440.0,7440.0,7440.0,7440.0,0.0,0.0,8620.0,9310.0,1.5,2.12,,0.52030563,8886.0,0.404706,-0.87168753,3.531e-05,30.75527478,-5.54630954,30.61,810104.72005599,2023-06-09 02:00:00+00:00,35000,26457.51
2023-06-09,3,BTC-230929-35000-P,BTCUSDT,P,230929-35000,7440.0,7440.0,7440.0,7440.0,0.0,0.0,8530.0,9115.0,1.5,4.24,,0.47664642,8711.0,0.34860611,-0.91085122,3.151e-05,23.67379453,-3.67882402,30.61,810919.1714264,2023-06-09 03:00:00+00:00,35000,26483.7
2023-06-09,4,BTC-230929-35000-P,BTCUSDT,P,230929-35000,7440.0,7440.0,7440.0,7440.0,0.0,0.0,8580.0,9115.0,1.5,4.24,,0.47805786,8786.0,0.37992477,-0.88830705,3.408e-05,27.91183832,-4.72882844,30.61,811087.87625493,2023-06-09 04:00:00+00:00,35000,26491.38
2023-06-09,5,BTC-230929-35000-P,BTCUSDT,P,230929-35000,7440.0,7440.0,7440.0,7440.0,0.0,0.0,8545.0,9115.0,1.5,4.24,,0.4810667,8753.0,0.37264585,-0.89310058,3.366e-05,27.05494966,-4.49750802,30.61,811290.8071,2023-06-09 05:00:00+00:00,35000,26504.54
2023-06-09,6,BTC-230929-35000-P,BTCUSDT,P,230929-35000,7440.0,7440.0,7440.0,7440.0,0.0,0.0,8475.0,9320.0,1.5,2.07,,0.52952051,8742.0,0.36476026,-0.89914725,3.298e-05,25.92105234,-4.21939845,30.61,810990.78537147,2023-06-09 06:00:00+00:00,35000,26492.93
2023-06-09,7,BTC-230929-35000-P,BTCUSDT,P,230929-35000,7440.0,7440.0,7440.0,7440.0,0.0,0.0,8165.0,9320.0,3.44,2.07,,0.52970171,8741.0,0.36485085,-0.89911629,3.299e-05,25.92246804,-4.22224716,30.61,810950.15480106,2023-06-09 07:00:00+00:00,35000,26493.43
2023-06-09,8,BTC-230929-35000-P,BTCUSDT,P,230929-35000,7440.0,7440.0,7440.0,7440.0,0.0,0.0,8370.0,9320.0,1.5,2.07,,0.55614233,8663.0,0.38431048,-0.88009461,3.526e-05,29.50068117,-5.06323181,30.61,815368.77221199,2023-06-09 08:00:00+00:00,35000,26642.37
2023-06-09,9,BTC-230929-35000-P,BTCUSDT,P,230929-35000,7440.0,7440.0,7440.0,7440.0,0.0,0.0,8335.0,8875.0,1.5,5.84,,0.4472065,8512.0,0.32360325,-0.92418499,2.99e-05,21.05331765,-3.04374709,30.61,815422.5549912,2023-06-09 09:00:00+00:00,35000,26639.03
2023-06-09,10,BTC-230929-35000-P,BTCUSDT,P,230929-35000,7440.0,7440.0,7440.0,7440.0,0.0,0.0,8385.0,9130.0,1.5,5.37,,0.51134825,8626.0,0.36898971,-0.89155441,3.421e-05,27.44549177,-4.52607951,30.61,815343.2750912,2023-06-09 10:00:00+00:00,35000,26635.4
2023-06-09,11,BTC-230929-35000-P,BTCUSDT,P,230929-35000,7440.0,7440.0,7440.0,7440.0,0.0,0.0,8435.0,9295.0,1.5,5.87,,0.54525375,8743.0,0.4013443,-0.86918415,3.594e-05,31.2945581,-5.61545061,30.61,814588.94377921,2023-06-09 11:00:00+00:00,35000,26610.19
2023-06-09,12,BTC-230929-35000-P,BTCUSDT,P,230929-35000,7440.0,7440.0,7440.0,7440.0,0.0,0.0,8360.0,9125.0,1.5,5.71,,0.5168438,8620.0,0.37792683,-0.88397053,3.502e-05,28.83064804,-4.87329446,30.61,816422.99743065,2023-06-09 12:00:00+00:00,35000,26673.76
2023-06-09,13,BTC-230929-35000-P,BTCUSDT,P,230929-35000,7440.0,7440.0,7440.0,7440.0,0.0,0.0,8295.0,9145.0,1.5,4.62,,0.51539898,8594.0,0.35769949,-0.89986677,3.332e-05,25.89054211,-4.14363881,30.61,815867.87330774,2023-06-09 13:00:00+00:00,35000,26634.65
2023-06-09,14,BTC-230929-35000-P,BTCUSDT,P,230929-35000,7440.0,7440.0,7440.0,7440.0,0.0,0.0,8415.0,9225.0,1.5,4.75,,0.52618027,8648.0,0.3631115,-0.89745941,3.346e-05,26.29427214,-4.27351802,30.61,813748.06353308,2023-06-09 14:00:00+00:00,35000,26594.64
2023-06-09,15,BTC-230929-35000-P,BTCUSDT,P,230929-35000,7440.0,7440.0,7440.0,7440.0,0.0,0.0,8560.0,9400.0,1.5,5.17,,0.54658413,8856.0,0.40168524,-0.87377435,3.523e-05,30.35664799,-5.45991766,30.61,810275.72568027,2023-06-09 15:00:00+00:00,35000,26477.37
2023-06-09,16,BTC-230929-35000-P,BTCUSDT,P,230929-35000,7440.0,7440.0,7440.0,7440.0,0.0,0.0,8555.0,9420.0,1.5,5.66,,0.55167198,8857.0,0.40275097,-0.87299847,3.529e-05,30.48333157,-5.49930125,30.61,810747.99088801,2023-06-09 16:00:00+00:00,35000,26482.84
2023-06-09,17,BTC-230929-35000-P,BTCUSDT,P,230929-35000,7440.0,7440.0,7440.0,7440.0,0.0,0.0,8555.0,9420.0,1.5,5.66,,0.55421829,8869.0,0.41053772,-0.86708882,3.572e-05,31.46892743,-5.7890278,30.61,810946.58587678,2023-06-09 17:00:00+00:00,35000,26496.06
2023-06-09,18,BTC-230929-35000-P,BTCUSDT,P,230929-35000,7440.0,7440.0,7440.0,7440.0,0.0,0.0,8555.0,9420.0,1.5,5.66,,0.5460453,8801.0,0.37302265,-0.89529392,3.327e-05,26.53356975,-4.43673733,30.61,809785.13483733,2023-06-09 18:00:00+00:00,35000,26450.0
2023-06-09,19,BTC-230929-35000-P,BTCUSDT,P,230929-35000,7440.0,7440.0,7440.0,7440.0,0.0,0.0,8605.0,9485.0,1.5,4.56,,0.55326939,8871.0,0.38470507,-0.88853577,3.381e-05,27.70456785,-4.77941099,30.61,808028.06365387,2023-06-09 19:00:00+00:00,35000,26407.15
2023-06-09,20,BTC-230929-35000-P,BTCUSDT,P,230929-35000,7440.0,7440.0,7440.0,7440.0,0.0,0.0,8555.0,9430.0,1.5,3.83,,0.54879665,8804.0,0.37487745,-0.89403156,3.341e-05,26.75592584,-4.49952504,30.61,809638.29093065,2023-06-09 20:00:00+00:00,35000,26451.16
2023-06-09,21,BTC-230929-35000-P,BTCUSDT,P,230929-35000,7440.0,7440.0,7440.0,7440.0,0.0,0.0,8505.0,9375.0,1.5,4.03,,0.54122925,8767.0,0.37061462,-0.89618008,3.326e-05,26.3850851,-4.38834587,30.61,810552.91236594,2023-06-09 21:00:00+00:00,35000,26479.52
2023-06-09,22,BTC-230929-35000-P,BTCUSDT,P,230929-35000,7440.0,7440.0,7440.0,7440.0,0.0,0.0,8505.0,9375.0,1.5,4.03,,0.54395199,8758.0,0.37197599,-0.89477733,3.345e-05,26.65241211,-4.45075486,30.61,810970.50204188,2023-06-09 22:00:00+00:00,35000,26492.69
2023-06-09,23,BTC-230929-35000-P,BTCUSDT,P,230929-35000,7440.0,7440.0,7440.0,7440.0,0.0,0.0,8505.0,9375.0,1.5,4.03,,0.54144382,8767.0,0.37072191,-0.8962,3.326e-05,26.37161949,-4.39065905,30.61,810525.59410106,2023-06-09 23:00:00+00:00,35000,26477.81
2023-06-10,0,BTC-230929-35000-P,BTCUSDT,P,230929-35000,7440.0,7440.0,7440.0,7440.0,0.0,0.0,8505.0,9370.0,1.5,4.49,,0.53673267,8779.0,0.36836634,-0.89858182,3.294e-05,25.90609461,-4.28735253,30.61,809929.51985281,2023-06-10 00:00:00+00:00,35000,26459.99
2023-06-10,1,BTC-230929-35000-P,BTCUSDT,P,230929-35000,7440.0,7440.0,7440.0,7440.0,0.0,0.0,8655.0,9535.0,1.5,4.54,,0.5631876,8972.0,0.41570902,-0.86755572,3.537e-05,31.22464852,-5.83387265,30.61,808287.44472079,2023-06-10 01:00:00+00:00,35000,26396.93
2023-06-10,2,BTC-230929-35000-P,BTCUSDT,P,230929-35000,7440.0,7440.0,7440.0,7440.0,0.0,0.0,8650.0,9535.0,1.5,4.43,,0.551548,8915.0,0.375774,-0.8977474,3.266e-05,25.92238076,-4.37959794,30.61,805675.66497147,2023-06-10 02:00:00+00:00,35000,26326.92
2023-06-10,3,BTC-230929-35000-P,BTCUSDT,P,230929-35000,7440.0,7440.0,7440.0,7440.0,0.0,0.0,8660.0,9545.0,1.5,4.73,,0.55352211,8920.0,0.37676105,-0.89718848,3.272e-05,26.01792369,-4.40893824,30.61,805907.27503202,2023-06-10 03:00:00+00:00,35000,26323.07
2023-06-10,4,BTC-230929-35000-P,BTCUSDT,P,230929-35000,7440.0,7440.0,7440.0,7440.0,0.0,0.0,5.0,9680.0,0.02,4.77,,0.4693222,9341.0,0.3346611,-0.94127329,2.462e-05,16.65578831,-2.50800625,30.61,789339.15530127,2023-06-10 04:00:00+00:00,35000,25765.28
2023-06-10,5,BTC-230929-35000-P,BTCUSDT,P,230929-35000,7440.0,7440.0,7440.0,7440.0,0.0,0.0,5.0,10075.0,0.02,3.59,,0.52110672,9630.0,0.36055336,-0.93196302,2.589e-05,18.48609006,-3.00009956,30.61,780632.99428,2023-06-10 05:00:00+00:00,35000,25518.06
2023-06-10,6,BTC-230929-35000-P,BTCUSDT,P,230929-35000,7440.0,7440.0,7440.0,7440.0,0.0,0.0,9415.0,10230.0,1.5,1.5,,0.5687952,9652.0,0.3843976,-0.91627164,2.841e-05,21.67288539,-3.7512965,30.61,781785.88211777,2023-06-10 06:00:00+00:00,35000,25538.81
2023-06-10,7,BTC-230929-35000-P,BTCUSDT,P,230929-35000,7440.0,7440.0,7440.0,7440.0,0.0,0.0,5.0,10025.0,0.02,3.79,,0.53909302,9518.0,0.36954651,-0.92265519,2.772e-05,20.49796189,-3.4121394,30.61,785097.02343651,2023-06-10 07:00:00+00:00,35000,25651.09
2023-06-10,8,BTC-230929-35000-P,BTCUSDT,P,230929-35000,7440.0,7440.0,7440.0,7440.0,0.0,0.0,9350.0,10305.0,1.5,2.71,,0.61246872,9656.0,0.43318748,-0.88073649,3.249e-05,28.18935949,-5.50264054,30.61,785507.48913175,2023-06-10 08:00:00+00:00,35000,25669.07
2023-06-10,9,BTC-230929-35000-P,BTCUSDT,P,230929-35000,7440.0,7440.0,7440.0,7440.0,0.0,0.0,9290.0,10095.0,1.5,1.5,,0.55809021,9535.0,0.3790451,-0.91657687,2.863e-05,21.69807295,-3.70753455,30.61,785224.31422127,2023-06-10 09:00:00+00:00,35000,25651.88
2023-06-10,10,BTC-230929-35000-P,BTCUSDT,P,230929-35000,7440.0,7440.0,7440.0,7440.0,0.0,0.0,9340.0,10285.0,1.5,5.95,,0.61335564,9668.0,0.44673443,-0.87106309,3.324e-05,29.79347205,-6.00214969,30.61,786675.57393397,2023-06-10 10:00:00+00:00,35000,25698.31
2023-06-10,11,BTC-230929-35000-P,BTCUSDT,P,230929-35000,7440.0,7440.0,7440.0,7440.0,0.0,0.0,9340.0,10285.0,1.5,5.95,,0.61930656,9694.0,0.46425343,-0.85871169,3.402e-05,31.75693417,-6.65109651,30.61,787677.56527524,2023-06-10 11:00:00+00:00,35000,25731.4
2023-06-10,12,BTC-230929-35000-P,BTCUSDT,P,230929-35000,7440.0,7440.0,7440.0,7440.0,0.0,0.0,9355.0,10300.0,1.5,4.47,,0.6021595,9617.0,0.40107975,-0.90350119,3.02e-05,24.13132336,-4.36792017,30.61,784297.24895777,2023-06-10 12:00:00+00:00,35000,25616.18
2023-06-10,13,BTC-230929-35000-P,BTCUSDT,P,230929-35000,7440.0,7440.0,7440.0,7440.0,0.0,0.0,9365.0,10320.0,1.5,5.93,,0.61459541,9677.0,0.43796062,-0.87825105,3.265e-05,28.56283951,-5.64758362,30.61,785430.86329873,2023-06-10 13:00:00+00:00,35000,25657.49
2023-06-10,14,BTC-230929-35000-P,BTCUSDT,P,230929-35000,7440.0,7440.0,7440.0,7440.0,0.0,0.0,9330.0,10270.0,1.5,4.76,,0.60448647,9575.0,0.40224323,-0.90132936,3.056e-05,24.56684254,-4.46300871,30.61,785537.14121873,2023-06-10 14:00:00+00:00,35000,25668.34
2023-06-10,15,BTC-230929-35000-P,BTCUSDT,P,230929-35000,7440.0,7440.0,7440.0,7440.0,0.0,0.0,9335.0,10285.0,1.5,5.31,,0.60118198,9604.0,0.40059099,-0.90359726,3.022e-05,24.11152724,-4.36394214,30.61,784335.65910603,2023-06-10 15:00:00+00:00,35000,25628.8
2023-06-10,16,BTC-230929-35000-P,BTCUSDT,P,230929-35000,7440.0,7440.0,7440.0,7440.0,0.0,0.0,9330.0,10270.0,1.5,4.45,,0.58993816,9628.0,0.39496908,-0.90849554,2.955e-05,23.1601753,-4.13448688,30.61,783464.23922127,2023-06-10 16:00:00+00:00,35000,25588.67
2023-06-10,17,BTC-230929-35000-P,BTCUSDT,P,230929-35000,7440.0,7440.0,7440.0,7440.0,0.0,0.0,10.0,9545.0,4.93,4.66,,0.49079895,9132.0,0.34539948,-0.92866377,2.755e-05,19.50588089,-3.0462639,30.61,795553.64791777,2023-06-10 17:00:00+00:00,35000,26022.34
2023-06-10,18,BTC-230929-35000-P,BTCUSDT,P,230929-35000,7440.0,7440.0,7440.0,7440.0,0.0,0.0,5.0,10005.0,0.02,2.16,,0.51533699,9573.0,0.3576685,-0.93287667,2.583e-05,18.28813248,-2.95865276,30.61,781893.61491301,2023-06-10 18:00:00+00:00,35000,25547.28
2023-06-10,19,BTC-230929-35000-P,BTCUSDT,P,230929-35000,7440.0,7440.0,7440.0,7440.0,0.0,0.0,9160.0,10090.0,1.5,4.19,,0.57356358,9479.0,0.38678179,-0.90974801,2.972e-05,23.03860765,-4.0320873,30.61,787503.27553651,2023-06-10 19:00:00+00:00,35000,25750.0
2023-06-10,20,BTC-230929-35000-P,BTCUSDT,P,230929-35000,7440.0,7440.0,7440.0,7440.0,0.0,0.0,9150.0,10090.0,1.5,5.01,,0.57758808,9465.0,0.38879404,-0.90787964,3e-05,23.40519579,-4.11910963,30.61,788461.42738607,2023-06-10 20:00:00+00:00,35000,25751.25
2023-06-10,21,BTC-230929-35000-P,BTCUSDT,P,230929-35000,7440.0,7440.0,7440.0,7440.0,0.0,0.0,9105.0,10040.0,1.5,3.03,,0.56766033,9443.0,0.38383017,-0.91082604,2.965e-05,22.85336673,-3.97214066,30.61,788631.72939175,2023-06-10 21:00:00+00:00,35000,25761.28
2023-06-10,22,BTC-230929-35000-P,BTCUSDT,P,230929-35000,7440.0,7440.0,7440.0,7440.0,0.0,0.0,9035.0,9965.0,1.5,3.55,,0.57116508,9345.0,0.38558254,-0.90634884,3.048e-05,23.79710257,-4.15662349,30.61,791987.87461301,2023-06-10 22:00:00+00:00,35000,25875.16
2023-06-10,23,BTC-230929-35000-P,BTCUSDT,P,230929-35000,7440.0,7440.0,7440.0,7440.0,0.0,0.0,9035.0,9965.0,1.5,3.55,,0.56463718,9368.0,0.38231859,-0.90958975,3e-05,23.14957234,-4.01080558,30.61,791026.24885873,2023-06-10 23:00:00+00:00,35000,25841.21
2023-06-11,0,BTC-230929-35000-P,BTCUSDT,P,230929-35000,7440.0,7440.0,7440.0,7440.0,0.0,0.0,9160.0,10085.0,1.5,3.45,,0.57678223,9464.0,0.38839111,-0.90833801,2.994e-05,23.3012165,-4.10275037,30.61,788117.52460603,2023-06-11 00:00:00+00:00,35000,25750.28
2023-06-11,1,BTC-230929-35000-P,BTCUSDT,P,230929-35000,7440.0,7440.0,7440.0,7440.0,0.0,0.0,9045.0,9975.0,1.5,4.56,,0.56445122,9381.0,0.38222561,-0.91018336,2.989e-05,23.0148449,-3.98950666,30.61,790716.95101397,2023-06-11 01:00:00+00:00,35000,25824.99
2023-06-11,2,BTC-230929-35000-P,BTCUSDT,P,230929-35000,7440.0,7440.0,7440.0,7440.0,0.0,0.0,9100.0,10035.0,1.5,5.5,,0.56770802,9439.0,0.38385401,-0.9109341,2.965e-05,22.81459011,-3.97314371,30.61,788827.99711048,2023-06-11 02:00:00+00:00,35000,25766.72
2023-06-11,3,BTC-230929-35000-P,BTCUSDT,P,230929-35000,7440.0,7440.0,7440.0,7440.0,0.0,0.0,9155.0,10080.0,1.5,5.84,,0.57124138,9478.0,0.38562069,-0.910992,2.955e-05,22.76446926,-3.98416766,30.61,787498.19427651,2023-06-11 03:00:00+00:00,35000,25727.51
2023-06-11,4,BTC-230929-35000-P,BTCUSDT,P,230929-35000,7440.0,7440.0,7440.0,7440.0,0.0,0.0,9215.0,10145.0,1.5,5.63,,0.58751106,9496.0,0.39375553,-0.90570439,3.021e-05,23.75538853,-4.2469079,30.61,787945.80970825,2023-06-11 04:00:00+00:00,35000,25727.74
2023-06-11,5,BTC-230929-35000-P,BTCUSDT,P,230929-35000,7440.0,7440.0,7440.0,7440.0,0.0,0.0,9115.0,10050.0,1.5,2.47,,0.58182716,9407.0,0.39091358,-0.90487266,3.052e-05,23.98916252,-4.25935888,30.61,790351.81332699,2023-06-11 05:00:00+00:00,35000,25819.1
2023-06-11,6,BTC-230929-35000-P,BTCUSDT,P,230929-35000,7440.0,7440.0,7440.0,7440.0,0.0,0.0,9115.0,10050.0,1.5,2.47,,0.57590961,9429.0,0.38795481,-0.90781991,3.009e-05,23.40519103,-4.12578058,30.61,789352.15194699,2023-06-11 06:00:00+00:00,35000,25786.49
2023-06-11,7,BTC-230929-35000-P,BTCUSDT,P,230929-35000,7440.0,7440.0,7440.0,7440.0,0.0,0.0,10.0,9790.0,4.92,3.49,,0.49762726,9389.0,0.34881363,-0.93428932,2.594e-05,18.07030543,-2.86507643,30.61,787987.17282127,2023-06-11 07:00:00+00:00,35000,25741.33
2023-06-11,8,BTC-230929-35000-P,BTCUSDT,P,230929-35000,7440.0,7440.0,7440.0,7440.0,0.0,0.0,9175.0,10100.0,1.5,2.88,,0.57941914,9475.0,0.38970957,-0.90815724,2.994e-05,23.29100942,-4.12734897,30.61,787885.73848349,2023-06-11 08:00:00+00:00,35000,25740.2
2023-06-11,9,BTC-230929-35000-P,BTCUSDT,P,230929-35000,7440.0,7440.0,7440.0,7440.0,0.0,0.0,9175.0,10100.0,1.5,2.88,,0.57265759,9498.0,0.38632879,-0.91144438,2.944e-05,22.63377773,-3.97759474,30.61,786806.21381301,2023-06-11 09:00:00+00:00,35000,25706.26
2023-06-11,10,BTC-230929-35000-P,BTCUSDT,P,230929-35000,7440.0,7440.0,7440.0,7440.0,0.0,0.0,9145.0,10080.0,1.5,2.09,,0.58168411,9444.0,0.39084206,-0.9064319,3.024e-05,23.63782181,-4.2041656,30.61,789089.96469301,2023-06-11 10:00:00+00:00,35000,25774.08
2023-06-11,11,BTC-230929-35000-P,BTCUSDT,P,230929-35000,7440.0,7440.0,7440.0,7440.0,0.0,0.0,9145.0,10080.0,1.5,2.09,,0.58579445,9430.0,0.39289722,-0.90449435,3.052e-05,24.01266244,-4.29491992,30.61,789736.12738825,2023-06-11 11:00:00+00:00,35000,25796.06
2023-06-11,12,BTC-230929-35000-P,BTCUSDT,P,230929-35000,7440.0,7440.0,7440.0,7440.0,0.0,0.0,9145.0,10080.0,1.5,2.09,,0.57704926,9461.0,0.38852463,-0.90879856,2.989e-05,23.16257078,-4.09832026,30.61,788521.92592,2023-06-11 12:00:00+00:00,35000,25750.0
2023-06-11,13,BTC-230929-35000-P,BTCUSDT,P,230929-35000,7440.0,7440.0,7440.0,7440.0,0.0,0.0,9185.0,10130.0,1.5,4.97,,0.58037281,9507.0,0.39018641,-0.90915796,2.973e-05,23.04854068,-4.09714181,30.61,786947.81927397,2023-06-11 13:00:00+00:00,35000,25703.33
2023-06-11,14,BTC-230929-35000-P,BTCUSDT,P,230929-35000,7440.0,7440.0,7440.0,7440.0,0.0,0.0,9165.0,10105.0,1.5,5.55,,0.58391571,9467.0,0.39195786,-0.90657314,3.017e-05,23.57302282,-4.21099756,30.61,788150.84269048,2023-06-11 14:00:00+00:00,35000,25753.19
2023-06-11,15,BTC-230929-35000-P,BTCUSDT,P,230929-35000,7440.0,7440.0,7440.0,7440.0,0.0,0.0,9130.0,10050.0,1.5,4.78,,0.57006359,9452.0,0.3850318,-0.91119921,2.958e-05,22.6956347,-3.9841368,30.61,788524.13344127,2023-06-11 15:00:00+00:00,35000,25751.36
2023-06-11,16,BTC-230929-35000-P,BTCUSDT,P,230929-35000,7440.0,7440.0,7440.0,7440.0,0.0,0.0,8995.0,9920.0,1.5,2.38,,0.56033611,9337.0,0.38016806,-0.91104918,2.987e-05,22.82025995,-3.95691355,30.61,791953.18808127,2023-06-11 16:00:00+00:00,35000,25868.39
2023-06-11,17,BTC-230929-35000-P,BTCUSDT,P,230929-35000,7440.0,7440.0,7440.0,7440.0,0.0,0.0,8990.0,9910.0,1.5,2.71,,0.57224751,9285.0,0.38612375,-0.9049312,3.081e-05,24.03568698,-4.23456213,30.61,794016.62258603,2023-06-11 17:00:00+00:00,35000,25941.63
2023-06-11,18,BTC-230929-35000-P,BTCUSDT,P,230929-35000,7440.0,7440.0,7440.0,7440.0,0.0,0.0,8990.0,9910.0,1.5,2.71,,0.57882309,9261.0,0.38941154,-0.90172281,3.127e-05,24.65661984,-4.38261152,30.61,794843.71198825,2023-06-11 18:00:00+00:00,35000,25975.0
2023-06-11,19,BTC-230929-35000-P,BTCUSDT,P,230929-35000,7440.0,7440.0,7440.0,7440.0,0.0,0.0,8860.0,9765.0,1.5,5.84,,0.55452824,9181.0,0.37726412,-0.90817007,3.065e-05,23.50098978,-4.04843801,30.61,796954.43354127,2023-06-11 19:00:00+00:00,35000,26030.89
2023-06-11,20,BTC-230929-35000-P,BTCUSDT,P,230929-35000,7440.0,7440.0,7440.0,7440.0,0.0,0.0,8800.0,9705.0,1.5,3.16,,0.55823326,9100.0,0.37911663,-0.9040405,3.139e-05,24.35987223,-4.21860559,30.61,799673.88356,2023-06-11 20:00:00+00:00,35000,26123.68
2023-06-11,21,BTC-230929-35000-P,BTCUSDT,P,230929-35000,7440.0,7440.0,7440.0,7440.0,0.0,0.0,8915.0,9825.0,1.5,2.84,,0.57239056,9188.0,0.38619528,-0.90176104,3.145e-05,24.70422118,-4.3597803,30.61,797223.50984603,2023-06-11 21:00:00+00:00,35000,26046.37
2023-06-11,22,BTC-230929-35000-P,BTCUSDT,P,230929-35000,7440.0,7440.0,7440.0,7440.0,0.0,0.0,8970.0,9895.0,1.5,2.58,,0.56026936,9311.0,0.38013468,-0.91052458,3.001e-05,22.91879896,-3.98273341,30.61,792383.13614127,2023-06-11 22:00:00+00:00,35000,25895.8
2023-06-11,23,BTC-230929-35000-P,BTCUSDT,P,230929-35000,7440.0,7440.0,7440.0,7440.0,0.0,0.0,9075.0,10005.0,1.5,2.73,,0.5931139,9321.0,0.39655695,-0.89869756,3.148e-05,25.13855797,-4.55893391,30.61,793608.80375524,2023-06-11 23:00:00+00:00,35000,25925.55
2023-06-12,0,BTC-230929-35000-P,BTCUSDT,P,230929-35000,7440.0,7440.0,7440.0,7440.0,0.0,0.0,9005.0,9920.0,1.5,2.8,,0.58007717,9271.0,0.39003859,-0.90190142,3.123e-05,24.58657359,-4.38721069,30.61,794739.64519048,2023-06-12 00:00:00+00:00,35000,25965.13
2023-06-12,1,BTC-230929-35000-P,BTCUSDT,P,230929-35000,7440.0,7440.0,7440.0,7440.0,0.0,0.0,8975.0,9875.0,1.5,4.21,,0.56367874,9277.0,0.38183937,-0.90830765,3.039e-05,23.36243126,-4.08269756,30.61,793746.57756476,2023-06-12 01:00:00+00:00,35000,25935.17
2023-06-12,2,BTC-230929-35000-P,BTCUSDT,P,230929-35000,7440.0,7440.0,7440.0,7440.0,0.0,0.0,9110.0,10045.0,1.5,5.34,,0.57519913,9432.0,0.38759956,-0.90927304,2.989e-05,23.03577619,-4.08790043,30.61,789097.28588476,2023-06-12 02:00:00+00:00,35000,25773.47
2023-06-12,3,BTC-230929-35000-P,BTCUSDT,P,230929-35000,7440.0,7440.0,7440.0,7440.0,0.0,0.0,9105.0,10040.0,1.5,5.05,,0.57650089,9422.0,0.38825045,-0.90852432,3.001e-05,23.18335599,-4.12257131,30.61,789368.51209175,2023-06-12 03:00:00+00:00,35000,25791.29
2023-06-12,4,BTC-230929-35000-P,BTCUSDT,P,230929-35000,7440.0,7440.0,7440.0,7440.0,0.0,0.0,9105.0,10040.0,1.5,5.05,,0.5812788,9406.0,0.3906394,-0.90628222,3.035e-05,23.61987853,-4.2276537,30.61,790230.52570349,2023-06-12 04:00:00+00:00,35000,25814.98
2023-06-12,5,BTC-230929-35000-P,BTCUSDT,P,230929-35000,7440.0,7440.0,7440.0,7440.0,0.0,0.0,9105.0,10040.0,1.5,5.05,,0.57315826,9435.0,0.38657913,-0.9102532,2.975e-05,22.83252641,-4.04579556,30.61,789005.96004952,2023-06-12 05:00:00+00:00,35000,25772.8
2023-06-12,6,BTC-230929-35000-P,BTCUSDT,P,230929-35000,7440.0,7440.0,7440.0,7440.0,0.0,0.0,9055.0,9985.0,1.5,4.17,,0.57376862,9370.0,0.38688431,-0.90794477,3.022e-05,23.32730379,-4.13831111,30.61,791109.78210425,2023-06-12 06:00:00+00:00,35000,25844.34
2023-06-12,7,BTC-230929-35000-P,BTCUSDT,P,230929-35000,7440.0,7440.0,7440.0,7440.0,0.0,0.0,10.0,9735.0,4.92,3.34,,0.49869061,9330.0,0.3493453,-0.93337105,2.624e-05,18.22521194,-2.92059243,30.61,789719.98382853,2023-06-12 07:00:00+00:00,35000,25802.98
2023-06-12,8,BTC-230929-35000-P,BTCUSDT,P,230929-35000,7440.0,7440.0,7440.0,7440.0,0.0,0.0,9090.0,0.0,1.5,0.0,,-1e-08,9565.0,0.48346672,-0.84174612,3.525e-05,34.23988643,-7.59641018,30.61,793728.68624719,2023-06-12 08:00:00+00:00,35000,25939.32
2023-06-12,9,BTC-230929-35000-P,BTCUSDT,P,230929-35000,7440.0,7440.0,7440.0,7440.0,0.0,0.0,8920.0,9830.0,1.5,3.03,,0.5594635,9243.0,0.37973175,-0.90915675,3.036e-05,23.19396394,-4.04322124,30.61,794854.37067921,2023-06-12 09:00:00+00:00,35000,25965.1
2023-06-12,10,BTC-230929-35000-P,BTCUSDT,P,230929-35000,7440.0,7440.0,7440.0,7440.0,0.0,0.0,8935.0,9830.0,1.5,3.03,,0.55940151,9243.0,0.37970076,-0.90925101,3.034e-05,23.17092203,-4.04042052,30.61,794794.63745068,2023-06-12 10:00:00+00:00,35000,25964.59
2023-06-12,11,BTC-230929-35000-P,BTCUSDT,P,230929-35000,7440.0,7440.0,7440.0,7440.0,0.0,0.0,8930.0,9830.0,1.5,3.03,,0.56416512,9227.0,0.38208256,-0.90698932,3.069e-05,23.61433738,-4.14515718,30.61,795435.34175175,2023-06-12 11:00:00+00:00,35000,25988.83
2023-06-12,12,BTC-230929-35000-P,BTCUSDT,P,230929-35000,7440.0,7440.0,7440.0,7440.0,0.0,0.0,8985.0,9830.0,1.5,3.03,,0.55294991,9266.0,0.37647495,-0.91248706,2.984e-05,22.51554398,-3.89576597,30.61,793689.09507147,2023-06-12 12:00:00+00:00,35000,25933.1
2023-06-12,13,BTC-230929-35000-P,BTCUSDT,P,230929-35000,7440.0,7440.0,7440.0,7440.0,0.0,0.0,9110.0,10040.0,1.5,4.5,,0.57941437,9416.0,0.38970718,-0.90777968,3.013e-05,23.28680475,-4.17242949,30.61,789959.75431305,2023-06-12 13:00:00+00:00,35000,25798.3
2023-06-12,14,BTC-230929-35000-P,BTCUSDT,P,230929-35000,7440.0,7440.0,7440.0,7440.0,0.0,0.0,8825.0,9910.0,3.95,3.23,,0.55571556,9349.0,0.37785778,-0.91425948,2.939e-05,22.09072113,-3.83924107,30.61,790021.97670668,2023-06-12 14:00:00+00:00,35000,25846.35
2023-06-12,15,BTC-230929-35000-P,BTCUSDT,P,230929-35000,7440.0,7440.0,7440.0,7440.0,0.0,0.0,9090.0,10025.0,1.5,3.18,,0.58069706,9394.0,0.39034853,-0.90671783,3.032e-05,23.49807714,-4.22044734,30.61,790522.26520106,2023-06-12 15:00:00+00:00,35000,25824.63
2023-06-12,16,BTC-230929-35000-P,BTCUSDT,P,230929-35000,7440.0,7440.0,7440.0,7440.0,0.0,0.0,9090.0,10025.0,1.5,3.18,,0.58085442,9394.0,0.39042721,-0.90670808,3.032e-05,23.49560391,-4.22247275,30.61,790382.52214188,2023-06-12 16:00:00+00:00,35000,25825.41
2023-06-12,17,BTC-230929-35000-P,BTCUSDT,P,230929-35000,7440.0,7440.0,7440.0,7440.0,0.0,0.0,9070.0,10005.0,1.5,3.55,,0.57200432,9402.0,0.38600216,-0.91026581,2.982e-05,22.80569239,-4.05358967,30.61,790462.01059332,2023-06-12 17:00:00+00:00,35000,25804.56
2023-06-12,18,BTC-230929-35000-P,BTCUSDT,P,230929-35000,7440.0,7440.0,7440.0,7440.0,0.0,0.0,9105.0,10040.0,1.5,4.25,,0.58824539,9386.0,0.3941227,-0.90382263,3.071e-05,24.03685228,-4.36397759,30.61,790837.05036798,2023-06-12 18:00:00+00:00,35000,25845.31
2023-06-12,19,BTC-230929-35000-P,BTCUSDT,P,230929-35000,7440.0,7440.0,7440.0,7440.0,0.0,0.0,9130.0,10070.0,1.5,3.11,,0.59206486,9407.0,0.39603243,-0.90319366,3.073e-05,24.13011908,-4.4038284,30.61,790489.60668558,2023-06-12 19:00:00+00:00,35000,25824.23
2023-06-12,20,BTC-230929-35000-P,BTCUSDT,P,230929-35000,7440.0,7440.0,7440.0,7440.0,0.0,0.0,9130.0,10070.0,1.5,3.11,,0.60464859,9436.0,0.4297924,-0.87886641,3.32e-05,28.42159783,-5.63137192,30.61,792287.87691093,2023-06-12 20:00:00+00:00,35000,25893.48
2023-06-12,21,BTC-230929-35000-P,BTCUSDT,P,230929-35000,7440.0,7440.0,7440.0,7440.0,0.0,0.0,9010.0,9940.0,1.5,2.8,,0.58084965,9298.0,0.39042482,-0.90373766,3.093e-05,24.11932377,-4.34286628,30.61,793599.57932185,2023-06-12 21:00:00+00:00,35000,25930.52
2023-06-12,22,BTC-230929-35000-P,BTCUSDT,P,230929-35000,7440.0,7440.0,7440.0,7440.0,0.0,0.0,9035.0,9965.0,1.5,2.61,,0.58701992,9305.0,0.39350996,-0.90173781,3.116e-05,24.48141446,-4.44460411,30.61,793708.33900668,2023-06-12 22:00:00+00:00,35000,25929.93
2023-06-12,23,BTC-230929-35000-P,BTCUSDT,P,230929-35000,7440.0,7440.0,7440.0,7440.0,0.0,0.0,9050.0,9980.0,1.5,3.87,,0.5859375,9327.0,0.39296875,-0.90293842,3.096e-05,24.23320344,-4.3951803,30.61,792827.95504188,2023-06-12 23:00:00+00:00,35000,25905.19
2023-06-13,0,BTC-230929-35000-P,BTCUSDT,P,230929-35000,7440.0,7440.0,7440.0,7440.0,0.0,0.0,9075.0,10010.0,1.5,4.37,,0.58691978,9358.0,0.39345989,-0.90370469,3.079e-05,24.05657457,-4.37027914,30.61,791685.86903202,2023-06-13 00:00:00+00:00,35000,25868.89
2023-06-13,1,BTC-230929-35000-P,BTCUSDT,P,230929-35000,7440.0,7440.0,7440.0,7440.0,0.0,0.0,8995.0,9910.0,1.5,4.32,,0.58209419,9261.0,0.3910471,-0.90220437,3.122e-05,24.42190097,-4.41113739,30.61,794746.47211093,2023-06-13 01:00:00+00:00,35000,25970.67
2023-06-13,2,BTC-230929-35000-P,BTCUSDT,P,230929-35000,7440.0,7440.0,7440.0,7440.0,0.0,0.0,8815.0,9725.0,1.5,2.24,,0.56643009,9104.0,0.38321505,-0.90272464,3.155e-05,24.46456127,-4.33200784,30.61,799741.76173945,2023-06-13 02:00:00+00:00,35000,26125.49
2023-06-13,3,BTC-230929-35000-P,BTCUSDT,P,230929-35000,7440.0,7440.0,7440.0,7440.0,0.0,0.0,8865.0,9775.0,1.5,5.47,,0.56655884,9161.0,0.38327942,-0.90471848,3.115e-05,24.03188824,-4.25774754,30.61,797701.17804507,2023-06-13 03:00:00+00:00,35000,26063.85
2023-06-13,4,BTC-230929-35000-P,BTCUSDT,P,230929-35000,7440.0,7440.0,7440.0,7440.0,0.0,0.0,8875.0,9785.0,1.5,5.58,,0.56796074,9168.0,0.38398037,-0.90448298,3.116e-05,24.06548103,-4.2731428,30.61,797575.41130986,2023-06-13 04:00:00+00:00,35000,26055.51
2023-06-13,5,BTC-230929-35000-P,BTCUSDT,P,230929-35000,7440.0,7440.0,7440.0,7440.0,0.0,0.0,8605.0,9785.0,4.2,5.58,,0.57307243,9150.0,0.38653622,-0.90199385,3.152e-05,24.54444588,-4.38888955,30.61,798495.59500212,2023-06-13 05:00:00+00:00,35000,26080.82
2023-06-13,6,BTC-230929-35000-P,BTCUSDT,P,230929-35000,7440.0,7440.0,7440.0,7440.0,0.0,0.0,8885.0,9785.0,1.5,5.58,,0.57301521,9151.0,0.38650761,-0.90209065,3.151e-05,24.52113083,-4.38608681,30.61,798454.24795599,2023-06-13 06:00:00+00:00,35000,26080.01
2023-06-13,7,BTC-230929-35000-P,BTCUSDT,P,230929-35000,7440.0,7440.0,7440.0,7440.0,0.0,0.0,8605.0,9785.0,4.2,5.58,,0.57170391,9156.0,0.38585196,-0.90281776,3.14e-05,24.37571727,-4.3543598,30.61,798024.30864188,2023-06-13 07:00:00+00:00,35000,26073.92
2023-06-13,8,BTC-230929-35000-P,BTCUSDT,P,230929-35000,7440.0,7440.0,7440.0,7440.0,0.0,0.0,8755.0,9655.0,1.5,2.39,,0.56026459,9047.0,0.38013229,-0.90343367,3.161e-05,24.3548164,-4.28778907,30.61,801163.4684176,2023-06-13 08:00:00+00:00,35000,26176.83
2023-06-13,9,BTC-230929-35000-P,BTCUSDT,P,230929-35000,7440.0,7440.0,7440.0,7440.0,0.0,0.0,8860.0,9655.0,1.5,2.39,,0.55467606,9092.0,0.38765907,-0.89931917,3.2e-05,25.07703746,-4.50409578,30.61,800512.40717253,2023-06-13 09:00:00+00:00,35000,26147.37
2023-06-13,10,BTC-230929-35000-P,BTCUSDT,P,230929-35000,7440.0,7440.0,7440.0,7440.0,0.0,0.0,8815.0,9655.0,1.5,2.39,,0.55653572,9061.0,0.37826786,-0.90544018,3.131e-05,23.95336054,-4.19966882,30.61,800637.67271093,2023-06-13 10:00:00+00:00,35000,26156.31
2023-06-13,11,BTC-230929-35000-P,BTCUSDT,P,230929-35000,7440.0,7440.0,7440.0,7440.0,0.0,0.0,8875.0,9780.0,1.5,3.57,,0.59254646,9212.0,0.4431963,-0.86061298,3.517e-05,31.59152202,-6.49207607,30.61,801564.98752428,2023-06-13 11:00:00+00:00,35000,26191.81
2023-06-13,12,BTC-230929-35000-P,BTCUSDT,P,230929-35000,7440.0,7440.0,7440.0,7440.0,0.0,0.0,8895.0,0.0,1.5,0.0,,-1e-08,9330.0,0.45,-0.86009417,3.488e-05,31.53041039,-6.58153065,30.61,797585.89607572,2023-06-13 12:00:00+00:00,35000,26082.29
2023-06-13,13,BTC-230929-35000-P,BTCUSDT,P,230929-35000,7440.0,7440.0,7440.0,7440.0,0.0,0.0,8945.0,9855.0,1.5,4.78,,0.58236837,9201.0,0.39118419,-0.90068939,3.155e-05,24.70248109,-4.48409232,30.61,798034.90104719,2023-06-13 13:00:00+00:00,35000,26032.92
2023-06-13,14,BTC-230929-35000-P,BTCUSDT,P,230929-35000,7440.0,7440.0,7440.0,7440.0,0.0,0.0,8980.0,9785.0,1.5,2.37,,0.5550766,9216.0,0.3775383,-0.91143942,3.011e-05,22.64909734,-3.96947038,30.61,795615.1401824,2023-06-13 14:00:00+00:00,35000,25985.67
2023-06-13,15,BTC-230929-35000-P,BTCUSDT,P,230929-35000,7440.0,7440.0,7440.0,7440.0,0.0,0.0,9220.0,10160.0,1.5,2.13,,0.60306549,9479.0,0.40153275,-0.90272769,3.062e-05,24.05759888,-4.48602756,30.61,787706.86840425,2023-06-13 15:00:00+00:00,35000,25759.54
2023-06-13,16,BTC-230929-35000-P,BTCUSDT,P,230929-35000,7440.0,7440.0,7440.0,7440.0,0.0,0.0,9120.0,9975.0,1.5,2.74,,0.57887554,9352.0,0.38943777,-0.90734323,3.034e-05,23.30485204,-4.21639426,30.61,791625.1165912,2023-06-13 16:00:00+00:00,35000,25865.29
2023-06-13,17,BTC-230929-35000-P,BTCUSDT,P,230929-35000,7440.0,7440.0,7440.0,7440.0,0.0,0.0,9180.0,10110.0,1.5,2.12,,0.60360432,9420.0,0.40180216,-0.90062487,3.101e-05,24.49037694,-4.57333165,30.61,790468.83897815,2023-06-13 17:00:00+00:00,35000,25821.88
2023-06-13,18,BTC-230929-35000-P,BTCUSDT,P,230929-35000,7440.0,7440.0,7440.0,7440.0,0.0,0.0,9090.0,10015.0,1.5,2.3,,0.59377193,9346.0,0.39688597,-0.90176589,3.106e-05,24.34421251,-4.49215434,30.61,792348.27279575,2023-06-13 18:00:00+00:00,35000,25889.63
2023-06-13,19,BTC-230929-35000-P,BTCUSDT,P,230929-35000,7440.0,7440.0,7440.0,7440.0,0.0,0.0,9085.0,10015.0,1.5,3.64,,0.59544563,9341.0,0.39772282,-0.90100689,3.116e-05,24.48488274,-4.52939324,30.61,791932.34807301,2023-06-13 19:00:00+00:00,35000,25902.84
2023-06-13,20,BTC-230929-35000-P,BTCUSDT,P,230929-35000,7440.0,7440.0,7440.0,7440.0,0.0,0.0,9085.0,10020.0,1.5,4.91,,0.58738708,9375.0,0.39369354,-0.90522897,3.055e-05,23.66377522,-4.33483109,30.61,791100.52312349,2023-06-13 20:00:00+00:00,35000,25847.98
2023-06-13,21,BTC-230929-35000-P,BTCUSDT,P,230929-35000,7440.0,7440.0,7440.0,7440.0,0.0,0.0,9085.0,10020.0,1.5,4.91,,0.58727264,9376.0,0.39363632,-0.90535226,3.054e-05,23.63542067,-4.33068692,30.61,791216.45939873,2023-06-13 21:00:00+00:00,35000,25847.45
2023-06-13,22,BTC-230929-35000-P,BTCUSDT,P,230929-35000,7440.0,7440.0,7440.0,7440.0,0.0,0.0,9110.0,10045.0,1.5,5.26,,0.59212685,9388.0,0.39606342,-0.90403359,3.068e-05,23.86623383,-4.40164901,30.61,790991.52991651,2023-06-13 22:00:00+00:00,35000,25840.0
2023-06-13,23,BTC-230929-35000-P,BTCUSDT,P,230929-35000,7440.0,7440.0,7440.0,7440.0,0.0,0.0,9075.0,10005.0,1.5,5.86,,0.599823,9344.0,0.41137695,-0.8911299,3.226e-05,26.24753143,-5.02995109,30.61,793433.01382959,2023-06-13 23:00:00+00:00,35000,25934.25
2023-06-14,0,BTC-230929-35000-P,BTCUSDT,P,230929-35000,7440.0,7440.0,7440.0,7440.0,0.0,0.0,9015.0,9935.0,1.5,4.94,,0.59372902,9265.0,0.40047169,-0.89659464,3.187e-05,25.33910554,-4.72897499,30.61,795480.35527041,2023-06-14 00:00:00+00:00,35000,25989.72
2023-06-14,1,BTC-230929-35000-P,BTCUSDT,P,230929-35000,7440.0,7440.0,7440.0,7440.0,0.0,0.0,8900.0,9810.0,1.5,3.35,,0.57421207,9182.0,0.38710604,-0.90379155,3.122e-05,24.08498971,-4.3465939,30.61,796904.68566267,2023-06-14 01:00:00+00:00,35000,26046.27
2023-06-14,2,BTC-230929-35000-P,BTCUSDT,P,230929-35000,7440.0,7440.0,7440.0,7440.0,0.0,0.0,8885.0,9795.0,1.5,2.19,,0.56707859,9190.0,0.3835393,-0.90678845,3.081e-05,23.50849786,-4.20509836,30.61,796586.81258558,2023-06-14 02:00:00+00:00,35000,26027.4
2023-06-14,3,BTC-230929-35000-P,BTCUSDT,P,230929-35000,7440.0,7440.0,7440.0,7440.0,0.0,0.0,8975.0,9890.0,1.5,5.8,,0.58246136,9245.0,0.39123068,-0.90301468,3.115e-05,24.16268717,-4.41050503,30.61,795493.03991973,2023-06-14 03:00:00+00:00,35000,25985.07
2023-06-14,4,BTC-230929-35000-P,BTCUSDT,P,230929-35000,7440.0,7440.0,7440.0,7440.0,0.0,0.0,8985.0,9900.0,1.5,3.36,,0.58435917,9251.0,0.39217958,-0.90254096,3.12e-05,24.24138654,-4.4373283,30.61,795336.82128027,2023-06-14 04:00:00+00:00,35000,25981.01
2023-06-14,5,BTC-230929-35000-P,BTCUSDT,P,230929-35000,7440.0,7440.0,7440.0,7440.0,0.0,0.0,9080.0,10005.0,1.5,5.18,,0.58395863,9373.0,0.39197931,-0.90691737,3.034e-05,23.30753503,-4.26586953,30.61,791410.45976161,2023-06-14 05:00:00+00:00,35000,25845.14
2023-06-14,6,BTC-230929-35000-P,BTCUSDT,P,230929-35000,7440.0,7440.0,7440.0,7440.0,0.0,0.0,9035.0,9950.0,1.5,2.11,,0.57990074,9325.0,0.38995037,-0.90682375,3.047e-05,23.3639063,-4.25570865,30.61,792605.41025068,2023-06-14 06:00:00+00:00,35000,25894.54
2023-06-14,7,BTC-230929-35000-P,BTCUSDT,P,230929-35000,7440.0,7440.0,7440.0,7440.0,0.0,0.0,8670.0,9950.0,2.21,2.11,,0.58094978,9321.0,0.39047489,-0.90638295,3.054e-05,23.4453027,-4.27794441,30.61,792754.75004932,2023-06-14 07:00:00+00:00,35000,25897.72
2023-06-14,8,BTC-230929-35000-P,BTCUSDT,P,230929-35000,7440.0,7440.0,7440.0,7440.0,0.0,0.0,8990.0,9900.0,1.5,5.0,,0.57455063,9286.0,0.38727531,-0.90761858,3.046e-05,23.23846018,-4.20709669,30.61,793660.22412322,2023-06-14 08:00:00+00:00,35000,25928.3
2023-06-14,9,BTC-230929-35000-P,BTCUSDT,P,230929-35000,7440.0,7440.0,7440.0,7440.0,0.0,0.0,8990.0,9900.0,1.5,4.44,,0.58486462,9251.0,0.39243231,-0.90263694,3.119e-05,24.19999322,-4.4412431,30.61,795209.41304188,2023-06-14 09:00:00+00:00,35000,25980.53
2023-06-14,10,BTC-230929-35000-P,BTCUSDT,P,230929-35000,7440.0,7440.0,7440.0,7440.0,0.0,0.0,8975.0,9885.0,1.5,5.56,,0.57651997,9263.0,0.38825998,-0.90621573,3.07e-05,23.51492619,-4.27130005,30.61,794522.33627253,2023-06-14 10:00:00+00:00,35000,25956.99
2023-06-14,11,BTC-230929-35000-P,BTCUSDT,P,230929-35000,7440.0,7440.0,7440.0,7440.0,0.0,0.0,8980.0,9890.0,1.5,2.38,,0.58176517,9251.0,0.39088259,-0.90390993,3.103e-05,23.95350926,-4.38206334,30.61,795147.9912176,2023-06-14 11:00:00+00:00,35000,25975.71
2023-06-14,12,BTC-230929-35000-P,BTCUSDT,P,230929-35000,7440.0,7440.0,7440.0,7440.0,0.0,0.0,8980.0,9890.0,1.5,2.38,,0.59040546,9220.0,0.39520273,-0.89968164,3.162e-05,24.75934973,-4.581332,30.61,796399.90994401,2023-06-14 12:00:00+00:00,35000,26022.15
2023-06-14,13,BTC-230929-35000-P,BTCUSDT,P,230929-35000,7440.0,7440.0,7440.0,7440.0,0.0,0.0,8980.0,9890.0,1.5,2.38,,0.58423519,9243.0,0.3921176,-0.90282842,3.118e-05,24.15275727,-4.43593446,30.61,795051.81190668,2023-06-14 13:00:00+00:00,35000,25990.0
2023-06-14,14,BTC-230929-35000-P,BTCUSDT,P,230929-35000,7440.0,7440.0,7440.0,7440.0,0.0,0.0,8980.0,9890.0,1.5,2.38,,0.58680058,9234.0,0.39340029,-0.90162466,3.135e-05,24.37912677,-4.49391071,30.61,795936.21553627,2023-06-14 14:00:00+00:00,35000,26001.27
2023-06-14,15,BTC-230929-35000-P,BTCUSDT,P,230929-35000,7440.0,7440.0,7440.0,7440.0,0.0,0.0,8980.0,9890.0,1.5,2.38,,0.58391094,9245.0,0.39195547,-0.90312692,3.114e-05,24.0861872,-4.42533367,30.61,795117.84877678,2023-06-14 15:00:00+00:00,35000,25986.75
2023-06-14,16,BTC-230929-35000-P,BTCUSDT,P,230929-35000,7440.0,7440.0,7440.0,7440.0,0.0,0.0,8980.0,9890.0,1.5,2.38,,0.58031559,9258.0,0.39015779,-0.90496444,3.088e-05,23.72701701,-4.34104555,30.61,794731.3891176,2023-06-14 16:00:00+00:00,35000,25965.86
2023-06-14,17,BTC-230929-35000-P,BTCUSDT,P,230929-35000,7440.0,7440.0,7440.0,7440.0,0.0,0.0,8980.0,9890.0,1.5,2.38,,0.58942318,9226.0,0.39471159,-0.90052749,3.151e-05,24.57480032,-4.55040957,30.61,796500.62693521,2023-06-14 17:00:00+00:00,35000,26027.04
2023-06-14,18,BTC-230929-35000-P,BTCUSDT,P,230929-35000,7440.0,7440.0,7440.0,7440.0,0.0,0.0,8965.0,9850.0,1.5,3.71,,0.56023121,9282.0,0.3801156,-0.91322089,2.97e-05,22.12664541,-3.94713286,30.61,793387.00464507,2023-06-14 18:00:00+00:00,35000,25915.03
2023-06-14,19,BTC-230929-35000-P,BTCUSDT,P,230929-35000,7440.0,7440.0,7440.0,7440.0,0.0,0.0,9030.0,9940.0,1.5,5.53,,0.5750227,9335.0,0.38751135,-0.90965345,3.007e-05,22.76105518,-4.14092311,30.61,792012.44073065,2023-06-14 19:00:00+00:00,35000,25874.59
2023-06-14,20,BTC-230929-35000-P,BTCUSDT,P,230929-35000,7440.0,7440.0,7440.0,7440.0,0.0,0.0,9915.0,10930.0,1.5,3.85,,0.638237,10258.0,0.4191185,-0.91688612,2.711e-05,20.60680295,-4.05637169,30.61,763603.00372185,2023-06-14 20:00:00+00:00,35000,24934.21
2023-06-14,21,BTC-230929-35000-P,BTCUSDT,P,230929-35000,7440.0,7440.0,7440.0,7440.0,0.0,0.0,5.0,10215.0,0.02,4.4,,0.47018528,9948.0,0.33509264,-0.95928107,1.923e-05,11.85929319,-1.8671706,30.61,769155.5500824,2023-06-14 21:00:00+00:00,35000,25121.25
2023-06-14,22,BTC-230929-35000-P,BTCUSDT,P,230929-35000,7440.0,7440.0,7440.0,7440.0,0.0,0.0,5.0,10515.0,0.02,5.17,,0.54507732,10083.0,0.37253866,-0.94128547,2.326e-05,15.82815212,-2.77160892,30.61,766203.22230986,2023-06-14 22:00:00+00:00,35000,25034.98
2023-06-14,23,BTC-230929-35000-P,BTCUSDT,P,230929-35000,7440.0,7440.0,7440.0,7440.0,0.0,0.0,5.0,10435.0,0.02,5.15,,0.5450058,9994.0,0.3725029,-0.93911381,2.385e-05,16.34342269,-2.8626826,30.61,769211.99021305,2023-06-14 23:00:00+00:00,35000,25128.6
2023-06-15,0,BTC-230929-35000-P,BTCUSDT,P,230929-35000,7440.0,7440.0,7440.0,7440.0,0.0,0.0,9690.0,10685.0,1.5,5.54,,0.63024521,10004.0,0.4151226,-0.91203608,2.827e-05,21.71531012,-4.24046183,30.61,771456.5037824,2023-06-15 00:00:00+00:00,35000,25206.51
2023-06-15,1,BTC-230929-35000-P,BTCUSDT,P,230929-35000,7440.0,7440.0,7440.0,7440.0,0.0,0.0,9815.0,10815.0,1.5,3.96,,0.63563347,10136.0,0.41781673,-0.91434712,2.77e-05,21.1662418,-4.16169838,30.61,767384.35120668,2023-06-15 01:00:00+00:00,35000,25064.79
2023-06-15,2,BTC-230929-35000-P,BTCUSDT,P,230929-35000,7440.0,7440.0,7440.0,7440.0,0.0,0.0,9815.0,10815.0,1.5,3.96,,0.6392765,10124.0,0.41963825,-0.91281889,2.793e-05,21.45879858,-4.2392774,30.61,767814.67735068,2023-06-15 02:00:00+00:00,35000,25083.79
2023-06-15,3,BTC-230929-35000-P,BTCUSDT,P,230929-35000,7440.0,7440.0,7440.0,7440.0,0.0,0.0,9790.0,10770.0,1.5,2.83,,0.62395096,10125.0,0.41197548,-0.91796362,2.721e-05,20.48210383,-3.97399813,30.61,767237.24156479,2023-06-15 03:00:00+00:00,35000,25065.35
2023-06-15,4,BTC-230929-35000-P,BTCUSDT,P,230929-35000,7440.0,7440.0,7440.0,7440.0,0.0,0.0,9835.0,10835.0,1.5,5.76,,0.6332016,10169.0,0.4166008,-0.91629361,2.736e-05,20.759762,-4.0746914,30.61,766125.82946586,2023-06-15 04:00:00+00:00,35000,25028.15
2023-06-15,5,BTC-230929-35000-P,BTCUSDT,P,230929-35000,7440.0,7440.0,7440.0,7440.0,0.0,0.0,9815.0,10825.0,1.5,3.36,,0.63121796,10164.0,0.41560898,-0.91686561,2.729e-05,20.6509266,-4.04526767,30.61,766411.81155301,2023-06-15 05:00:00+00:00,35000,25031.42
2023-06-15,6,BTC-230929-35000-P,BTCUSDT,P,230929-35000,7440.0,7440.0,7440.0,7440.0,0.0,0.0,9915.0,10925.0,1.5,4.74,,0.6359911,10264.0,0.41799555,-0.91831421,2.689e-05,20.29110446,-3.99917819,30.61,763192.06089048,2023-06-15 06:00:00+00:00,35000,24927.95
2023-06-15,7,BTC-230929-35000-P,BTCUSDT,P,230929-35000,7440.0,7440.0,7440.0,7440.0,0.0,0.0,9575.0,10650.0,3.01,5.95,,0.57327271,10153.0,0.38663635,-0.9349905,2.436e-05,17.07236456,-3.11358304,30.61,764446.27142952,2023-06-15 07:00:00+00:00,35000,24983.8
2023-06-15,8,BTC-230929-35000-P,BTCUSDT,P,230929-35000,7440.0,7440.0,7440.0,7440.0,0.0,0.0,9875.0,10885.0,1.5,4.7,,0.63532829,10221.0,0.41766415,-0.91736231,2.711e-05,20.49869754,-4.04006453,30.61,764254.92651873,2023-06-15 08:00:00+00:00,35000,24974.26
2023-06-15,9,BTC-230929-35000-P,BTCUSDT,P,230929-35000,7440.0,7440.0,7440.0,7440.0,0.0,0.0,9895.0,10905.0,1.5,5.25,,0.63595772,10242.0,0.41797886,-0.91784265,2.7e-05,20.38627382,-4.02251638,30.61,763719.12547777,2023-06-15 09:00:00+00:00,35000,24947.71
2023-06-15,10,BTC-230929-35000-P,BTCUSDT,P,230929-35000,7440.0,7440.0,7440.0,7440.0,0.0,0.0,9950.0,10960.0,1.5,5.93,,0.64497471,10275.0,0.42248735,-0.91595545,2.721e-05,20.71165038,-4.13242475,30.61,762742.54403777,2023-06-15 10:00:00+00:00,35000,24923.51
2023-06-15,11,BTC-230929-35000-P,BTCUSDT,P,230929-35000,7440.0,7440.0,7440.0,7440.0,0.0,0.0,9865.0,10870.0,1.5,3.15,,0.64044476,10187.0,0.42022238,-0.91484538,2.753e-05,20.98885352,-4.16692203,30.61,765678.60842223,2023-06-15 11:00:00+00:00,35000,25014.97
2023-06-15,12,BTC-230929-35000-P,BTCUSDT,P,230929-35000,7440.0,7440.0,7440.0,7440.0,0.0,0.0,9925.0,10935.0,1.5,5.07,,0.64474106,10248.0,0.42237053,-0.91532311,2.735e-05,20.84473673,-4.16110351,30.61,763567.49074,2023-06-15 12:00:00+00:00,35000,24954.45
2023-06-15,13,BTC-230929-35000-P,BTCUSDT,P,230929-35000,7440.0,7440.0,7440.0,7440.0,0.0,0.0,9860.0,10865.0,1.5,4.94,,0.64767361,10157.0,0.4238368,-0.91165047,2.802e-05,21.60161552,-4.32886935,30.61,767218.55264613,2023-06-15 13:00:00+00:00,35000,25055.22
2023-06-15,14,BTC-230929-35000-P,BTCUSDT,P,230929-35000,7440.0,7440.0,7440.0,7440.0,0.0,0.0,9880.0,10880.0,1.5,5.95,,0.64265251,10192.0,0.42132626,-0.91443935,2.757e-05,21.04826396,-4.19464814,30.61,765410.65204401,2023-06-15 14:00:00+00:00,35000,25014.62
2023-06-15,15,BTC-230929-35000-P,BTCUSDT,P,230929-35000,7440.0,7440.0,7440.0,7440.0,0.0,0.0,9945.0,10955.0,1.5,5.41,,0.65173626,10248.0,0.42586813,-0.91320602,2.764e-05,21.22742151,-4.277641,30.61,764049.80880986,2023-06-15 15:00:00+00:00,35000,24959.95
2023-06-15,16,BTC-230929-35000-P,BTCUSDT,P,230929-35000,7440.0,7440.0,7440.0,7440.0,0.0,0.0,9945.0,10955.0,1.5,5.41,,0.65968037,10220.0,0.42984018,-0.90980119,2.814e-05,21.87505211,-4.45101793,30.61,764937.88563945,2023-06-15 16:00:00+00:00,35000,24999.99
2023-06-15,17,BTC-230929-35000-P,BTCUSDT,P,230929-35000,7440.0,7440.0,7440.0,7440.0,0.0,0.0,9785.0,10785.0,1.5,2.18,,0.64474106,10076.0,0.42237053,-0.91034099,2.835e-05,21.89606606,-4.37959842,30.61,769624.00754051,2023-06-15 17:00:00+00:00,35000,25144.72
2023-06-15,18,BTC-230929-35000-P,BTCUSDT,P,230929-35000,7440.0,7440.0,7440.0,7440.0,0.0,0.0,9570.0,10545.0,1.5,3.97,,0.63303471,9838.0,0.41651735,-0.90685907,2.929e-05,22.73958843,-4.48705826,30.61,775670.07792185,2023-06-15 18:00:00+00:00,35000,25389.97
2023-06-15,19,BTC-230929-35000-P,BTCUSDT,P,230929-35000,7440.0,7440.0,7440.0,7440.0,0.0,0.0,9490.0,10465.0,1.5,2.79,,0.6269455,9768.0,0.41347275,-0.90673242,2.946e-05,22.82097213,-4.47196636,30.61,778768.02856479,2023-06-15 19:00:00+00:00,35000,25455.49
2023-06-15,20,BTC-230929-35000-P,BTCUSDT,P,230929-35000,7440.0,7440.0,7440.0,7440.0,0.0,0.0,9370.0,10315.0,1.5,2.5,,0.61097622,9651.0,0.40548811,-0.90856783,2.949e-05,22.57941246,-4.34090032,30.61,780478.09489788,2023-06-15 20:00:00+00:00,35000,25566.0
2023-06-15,21,BTC-230929-35000-P,BTCUSDT,P,230929-35000,7440.0,7440.0,7440.0,7440.0,0.0,0.0,9265.0,10215.0,1.5,2.61,,0.58773518,9616.0,0.39386759,-0.91560012,2.859e-05,21.2752881,-3.97453541,30.61,783020.46731305,2023-06-15 21:00:00+00:00,35000,25574.6
2023-06-15,22,BTC-230929-35000-P,BTCUSDT,P,230929-35000,7440.0,7440.0,7440.0,7440.0,0.0,0.0,9255.0,10210.0,1.5,4.95,,0.59698105,9579.0,0.39849052,-0.91126791,2.928e-05,22.12632021,-4.18369062,30.61,784642.38693733,2023-06-15 22:00:00+00:00,35000,25629.3
2023-06-15,23,BTC-230929-35000-P,BTCUSDT,P,230929-35000,7440.0,7440.0,7440.0,7440.0,0.0,0.0,10.0,9980.0,4.46,2.89,,0.52859306,9538.0,0.36429653,-0.93329766,2.582e-05,17.78822473,-3.07603854,30.61,783531.98395949,2023-06-15 23:00:00+00:00,35000,25598.49
2023-06-16,0,BTC-230929-35000-P,BTCUSDT,P,230929-35000,7440.0,7440.0,7440.0,7440.0,0.0,0.0,9370.0,10330.0,1.5,2.35,,0.60135365,9703.0,0.40067682,-0.91379298,2.866e-05,21.535516,-4.0975613,30.61,780600.75690425,2023-06-16 00:00:00+00:00,35000,25496.59
2023-06-16,1,BTC-230929-35000-P,BTCUSDT,P,230929-35000,7440.0,7440.0,7440.0,7440.0,0.0,0.0,10.0,10055.0,4.46,5.47,,0.53156376,9614.0,0.36578188,-0.93451263,2.544e-05,17.4758501,-3.03674517,30.61,781140.91240106,2023-06-16 01:00:00+00:00,35000,25517.48
2023-06-16,2,BTC-230929-35000-P,BTCUSDT,P,230929-35000,7440.0,7440.0,7440.0,7440.0,0.0,0.0,10.0,10025.0,4.46,2.31,,0.53150177,9581.0,0.36575089,-0.9336702,2.567e-05,17.67078698,-3.07157478,30.61,782214.90629788,2023-06-16 02:00:00+00:00,35000,25554.88
2023-06-16,3,BTC-230929-35000-P,BTCUSDT,P,230929-35000,7440.0,7440.0,7440.0,7440.0,0.0,0.0,10.0,10020.0,4.46,5.71,,0.53225517,9573.0,0.36612759,-0.93326393,2.576e-05,17.75704722,-3.09097185,30.61,782825.15533065,2023-06-16 03:00:00+00:00,35000,25561.74
2023-06-16,4,BTC-230929-35000-P,BTCUSDT,P,230929-35000,7440.0,7440.0,7440.0,7440.0,0.0,0.0,10.0,10020.0,4.46,5.71,,0.52442551,9597.0,0.36221275,-0.93646785,2.51e-05,17.06668912,-2.94020061,30.61,781674.46488346,2023-06-16 04:00:00+00:00,35000,25528.77
2023-06-16,5,BTC-230929-35000-P,BTCUSDT,P,230929-35000,7440.0,7440.0,7440.0,7440.0,0.0,0.0,9065.0,10145.0,2.06,4.0,,0.5652523,9612.0,0.38262615,-0.92358259,2.737e-05,19.6875276,-3.58428014,30.61,781823.61294932,2023-06-16 05:00:00+00:00,35000,25553.04
2023-06-16,6,BTC-230929-35000-P,BTCUSDT,P,230929-35000,7440.0,7440.0,7440.0,7440.0,0.0,0.0,9065.0,10185.0,2.06,2.63,,0.58166504,9605.0,0.39083252,-0.91783006,2.829e-05,20.81688288,-3.87270792,30.61,783063.14976267,2023-06-16 06:00:00+00:00,35000,25578.58
2023-06-16,7,BTC-230929-35000-P,BTCUSDT,P,230929-35000,7440.0,7440.0,7440.0,7440.0,0.0,0.0,9065.0,10075.0,2.06,2.69,,0.54219723,9606.0,0.37109861,-0.93113547,2.609e-05,18.15977978,-3.20908017,30.61,781690.47963202,2023-06-16 07:00:00+00:00,35000,25537.01
2023-06-16,8,BTC-230929-35000-P,BTCUSDT,P,230929-35000,7440.0,7440.0,7440.0,7440.0,0.0,0.0,9330.0,0.0,1.5,0.0,,-1e-08,9777.0,0.45,-0.8818298,3.21e-05,27.10753994,-5.81106325,30.61,781977.07668907,2023-06-16 08:00:00+00:00,35000,25545.25
2023-06-16,9,BTC-230929-35000-P,BTCUSDT,P,230929-35000,7440.0,7440.0,7440.0,7440.0,0.0,0.0,9330.0,10275.0,1.5,5.38,,0.60839176,9618.0,0.40419588,-0.9091569,2.948e-05,22.43973667,-4.32250109,30.61,783519.76014188,2023-06-16 09:00:00+00:00,35000,25595.95
2023-06-16,10,BTC-230929-35000-P,BTCUSDT,P,230929-35000,7440.0,7440.0,7440.0,7440.0,0.0,0.0,9330.0,10275.0,1.5,5.38,,0.60321808,9636.0,0.40160904,-0.91160631,2.911e-05,21.96106514,-4.20489216,30.61,782750.49047678,2023-06-16 10:00:00+00:00,35000,25570.0
2023-06-16,11,BTC-230929-35000-P,BTCUSDT,P,230929-35000,7440.0,7440.0,7440.0,7440.0,0.0,0.0,9410.0,10365.0,1.5,2.34,,0.60727596,9727.0,0.40363798,-0.91311788,2.87e-05,21.59610015,-4.1575542,30.61,779866.51382534,2023-06-16 11:00:00+00:00,35000,25474.51
2023-06-16,12,BTC-230929-35000-P,BTCUSDT,P,230929-35000,7440.0,7440.0,7440.0,7440.0,0.0,0.0,9045.0,10090.0,4.24,2.83,,0.55482864,9585.0,0.37741432,-0.92662756,2.692e-05,19.07250996,-3.43454678,30.61,782773.34706479,2023-06-16 12:00:00+00:00,35000,25569.99
2023-06-16,13,BTC-230929-35000-P,BTCUSDT,P,230929-35000,7440.0,7440.0,7440.0,7440.0,0.0,0.0,9045.0,10100.0,4.24,4.94,,0.53950787,9644.0,0.36975393,-0.93334723,2.56e-05,17.65583994,-3.11614107,30.61,780514.71589438,2023-06-16 13:00:00+00:00,35000,25492.64
2023-06-16,14,BTC-230929-35000-P,BTCUSDT,P,230929-35000,7440.0,7440.0,7440.0,7440.0,0.0,0.0,5.0,0.0,0.02,0.0,,-1e-08,9720.0,0.45,-0.88012918,3.238e-05,27.41744386,-5.89153126,30.61,785022.68423202,2023-06-16 14:00:00+00:00,35000,25616.01
2023-06-16,15,BTC-230929-35000-P,BTCUSDT,P,230929-35000,7440.0,7440.0,7440.0,7440.0,0.0,0.0,8960.0,9950.0,3.04,2.27,,0.57291508,9368.0,0.38645754,-0.91391647,2.939e-05,21.72571448,-4.01085918,30.61,789250.76952959,2023-06-16 15:00:00+00:00,35000,25840.01
2023-06-16,16,BTC-230929-35000-P,BTCUSDT,P,230929-35000,7440.0,7440.0,7440.0,7440.0,0.0,0.0,10.0,9745.0,4.49,5.64,,0.54786682,9218.0,0.37393341,-0.91805662,2.913e-05,21.04152144,-3.76015628,30.61,794554.74923521,2023-06-16 16:00:00+00:00,35000,25959.77
2023-06-16,17,BTC-230929-35000-P,BTCUSDT,P,230929-35000,7440.0,7440.0,7440.0,7440.0,0.0,0.0,10.0,9305.0,4.49,2.41,,0.50740242,8850.0,0.35370121,-0.92098656,2.956e-05,20.74542051,-3.50805357,30.61,805077.93576479,2023-06-16 17:00:00+00:00,35000,26320.99
2023-06-16,18,BTC-230929-35000-P,BTCUSDT,P,230929-35000,7440.0,7440.0,7440.0,7440.0,0.0,0.0,10.0,9305.0,4.49,2.41,,0.51810265,8816.0,0.35905132,-0.91598066,3.045e-05,21.76504198,-3.73763232,30.61,807286.47081093,2023-06-16 18:00:00+00:00,35000,26361.4
2023-06-16,19,BTC-230929-35000-P,BTCUSDT,P,230929-35000,7440.0,7440.0,7440.0,7440.0,0.0,0.0,10.0,9305.0,4.49,2.41,,0.52211761,8804.0,0.36105881,-0.91410558,3.077e-05,22.1392621,-3.82467646,30.61,807716.99205175,2023-06-16 19:00:00+00:00,35000,26382.43
2023-06-16,20,BTC-230929-35000-P,BTCUSDT,P,230929-35000,7440.0,7440.0,7440.0,7440.0,0.0,0.0,10.0,9305.0,4.49,2.41,,0.52848339,8783.0,0.3642417,-0.91105581,3.128e-05,22.74485528,-3.96551595,30.61,808441.18765068,2023-06-16 20:00:00+00:00,35000,26412.13
2023-06-16,21,BTC-230929-35000-P,BTCUSDT,P,230929-35000,7440.0,7440.0,7440.0,7440.0,0.0,0.0,10.0,9305.0,4.49,2.41,,0.50396442,8862.0,0.35198221,-0.92282196,2.922e-05,20.3492607,-3.42980543,30.61,804959.91907815,2023-06-16 21:00:00+00:00,35000,26297.84
2023-06-16,22,BTC-230929-35000-P,BTCUSDT,P,230929-35000,7440.0,7440.0,7440.0,7440.0,0.0,0.0,10.0,9115.0,4.49,4.98,,0.46720505,8759.0,0.33360252,-0.93291377,2.762e-05,18.32277017,-2.9281541,30.61,807241.4404736,2023-06-16 22:00:00+00:00,35000,26370.51
2023-06-16,23,BTC-230929-35000-P,BTCUSDT,P,230929-35000,7440.0,7440.0,7440.0,7440.0,0.0,0.0,10.0,9310.0,4.49,3.71,,0.516119,8830.0,0.3580595,-0.91742946,3.019e-05,21.44636219,-3.68006689,30.61,806499.11433627,2023-06-16 23:00:00+00:00,35000,26345.0
2023-06-17,0,BTC-230929-35000-P,BTCUSDT,P,230929-35000,7440.0,7440.0,7440.0,7440.0,0.0,0.0,10.0,9305.0,4.49,2.86,,0.50881863,8847.0,0.35440931,-0.92074933,2.961e-05,20.76608241,-3.52841815,30.61,805660.47770212,2023-06-17 00:00:00+00:00,35000,26313.11
2023-06-17,1,BTC-230929-35000-P,BTCUSDT,P,230929-35000,7440.0,7440.0,7440.0,7440.0,0.0,0.0,10.0,9045.0,4.49,2.18,,0.39328575,8864.0,0.29664288,-0.95973601,2.086e-05,12.13032675,-1.72583914,30.61,802108.28138695,2023-06-17 01:00:00+00:00,35000,26198.47
2023-06-17,2,BTC-230929-35000-P,BTCUSDT,P,230929-35000,7440.0,7440.0,7440.0,7440.0,0.0,0.0,10.0,9415.0,4.49,3.68,,0.52923679,8907.0,0.3646184,-0.91528213,3.032e-05,21.79338191,-3.81268313,30.61,804321.83176373,2023-06-17 02:00:00+00:00,35000,26276.67
2023-06-17,3,BTC-230929-35000-P,BTCUSDT,P,230929-35000,7440.0,7440.0,7440.0,7440.0,0.0,0.0,10.0,9115.0,4.49,4.34,,0.43868542,8836.0,0.31934271,-0.9450337,2.482e-05,15.59880637,-2.39105471,30.61,803816.78694613,2023-06-17 03:00:00+00:00,35000,26262.16
2023-06-17,4,BTC-230929-35000-P,BTCUSDT,P,230929-35000,7440.0,7440.0,7440.0,7440.0,0.0,0.0,10.0,9115.0,4.49,4.34,,0.46455383,8768.0,0.33227692,-0.93438691,2.73e-05,17.98013609,-2.86885163,30.61,806730.75467041,2023-06-17 04:00:00+00:00,35000,26358.49
2023-06-17,5,BTC-230929-35000-P,BTCUSDT,P,230929-35000,7440.0,7440.0,7440.0,7440.0,0.0,0.0,5.0,0.0,0.02,0.0,,-1e-08,8783.0,0.45,-0.84320732,3.743e-05,34.22148556,-7.39775827,30.61,816606.13941548,2023-06-17 05:00:00+00:00,35000,26690.45
2023-06-17,6,BTC-230929-35000-P,BTCUSDT,P,230929-35000,7440.0,7440.0,7440.0,7440.0,0.0,0.0,5.0,8980.0,0.02,5.16,,0.49808025,8518.0,0.34904013,-0.91412348,3.156e-05,22.32313664,-3.74449479,30.61,816380.34861866,2023-06-17 06:00:00+00:00,35000,26665.12
2023-06-17,7,BTC-230929-35000-P,BTCUSDT,P,230929-35000,7440.0,7440.0,7440.0,7440.0,0.0,0.0,5.0,8700.0,0.02,3.32,,0.39638519,8489.0,0.2981926,-0.95011786,2.432e-05,14.61316811,-2.09497022,30.61,813918.57468801,2023-06-17 07:00:00+00:00,35000,26593.57
2023-06-17,8,BTC-230929-35000-P,BTCUSDT,P,230929-35000,7440.0,7440.0,7440.0,7440.0,0.0,0.0,5.0,9005.0,0.02,2.74,,0.49123287,8568.0,0.34561644,-0.91856045,3.071e-05,21.39149754,-3.55587286,30.61,814423.19231093,2023-06-17 08:00:00+00:00,35000,26601.01
2023-06-17,9,BTC-230929-35000-P,BTCUSDT,P,230929-35000,7440.0,7440.0,7440.0,7440.0,0.0,0.0,5.0,9010.0,0.02,2.28,,0.49152851,8573.0,0.34576426,-0.91866614,3.068e-05,21.36209267,-3.55392771,30.61,814156.99967815,2023-06-17 09:00:00+00:00,35000,26596.09
2023-06-17,10,BTC-230929-35000-P,BTCUSDT,P,230929-35000,7440.0,7440.0,7440.0,7440.0,0.0,0.0,5.0,9010.0,0.02,2.28,,0.48968792,8579.0,0.34484396,-0.91961485,3.051e-05,21.16246784,-3.51275494,30.61,814190.74131654,2023-06-17 10:00:00+00:00,35000,26588.77
2023-06-17,11,BTC-230929-35000-P,BTCUSDT,P,230929-35000,7440.0,7440.0,7440.0,7440.0,0.0,0.0,5.0,9010.0,0.02,2.28,,0.47210217,8632.0,0.33605108,-0.92790995,2.89e-05,19.41865398,-3.14237189,30.61,811758.84072747,2023-06-17 11:00:00+00:00,35000,26507.76
2023-06-17,12,BTC-230929-35000-P,BTCUSDT,P,230929-35000,7440.0,7440.0,7440.0,7440.0,0.0,0.0,5.0,9010.0,0.02,2.28,,0.47488689,8624.0,0.33744345,-0.92669223,2.915e-05,19.67378711,-3.19813238,30.61,811787.9437736,2023-06-17 12:00:00+00:00,35000,26521.05
2023-06-17,13,BTC-230929-35000-P,BTCUSDT,P,230929-35000,7440.0,7440.0,7440.0,7440.0,0.0,0.0,5.0,8735.0,0.02,5.65,,0.39597988,8528.0,0.29798994,-0.95148498,2.387e-05,14.25252337,-2.04679909,30.61,812762.31389332,2023-06-17 13:00:00+00:00,35000,26551.15
2023-06-17,14,BTC-230929-35000-P,BTCUSDT,P,230929-35000,7440.0,7440.0,7440.0,7440.0,0.0,0.0,5.0,9080.0,0.02,3.08,,0.48891544,8660.0,0.34445772,-0.92278248,2.975e-05,20.44152254,-3.39473178,30.61,811141.33611548,2023-06-17 14:00:00+00:00,35000,26496.62
2023-06-17,15,BTC-230929-35000-P,BTCUSDT,P,230929-35000,7440.0,7440.0,7440.0,7440.0,0.0,0.0,5.0,9210.0,0.02,3.39,,0.50550938,8755.0,0.35275469,-0.91976245,3.001e-05,20.97323051,-3.56836233,30.61,808674.66122079,2023-06-17 15:00:00+00:00,35000,26410.82
2023-06-17,16,BTC-230929-35000-P,BTCUSDT,P,230929-35000,7440.0,7440.0,7440.0,7440.0,0.0,0.0,5.0,9095.0,0.02,2.02,,0.48863411,8678.0,0.34431705,-0.92357111,2.956e-05,20.25895871,-3.36574352,30.61,810719.88687147,2023-06-17 16:00:00+00:00,35000,26473.14
2023-06-17,17,BTC-230929-35000-P,BTCUSDT,P,230929-35000,7440.0,7440.0,7440.0,7440.0,0.0,0.0,5.0,9095.0,0.02,2.02,,0.47643661,8715.0,0.33821831,-0.92920303,2.845e-05,19.06568903,-3.11264571,30.61,808841.87255068,2023-06-17 17:00:00+00:00,35000,26423.42
2023-06-17,18,BTC-230929-35000-P,BTCUSDT,P,230929-35000,7440.0,7440.0,7440.0,7440.0,0.0,0.0,5.0,9095.0,0.02,2.02,,0.49891472,8647.0,0.34945736,-0.91883739,3.045e-05,21.23019404,-3.58263825,30.61,811712.62635493,2023-06-17 18:00:00+00:00,35000,26521.43
2023-06-17,19,BTC-230929-35000-P,BTCUSDT,P,230929-35000,7440.0,7440.0,7440.0,7440.0,0.0,0.0,5.0,9095.0,0.02,2.02,,0.48885345,8678.0,0.34442673,-0.92364685,2.955e-05,20.2312164,-3.36626612,30.61,810503.46071654,2023-06-17 19:00:00+00:00,35000,26475.3
2023-06-17,20,BTC-230929-35000-P,BTCUSDT,P,230929-35000,7440.0,7440.0,7440.0,7440.0,0.0,0.0,5.0,9095.0,0.02,2.02,,0.50354958,8633.0,0.35177479,-0.91672952,3.082e-05,21.65202494,-3.6810156,30.61,812440.43124294,2023-06-17 20:00:00+00:00,35000,26541.86
2023-06-17,21,BTC-230929-35000-P,BTCUSDT,P,230929-35000,7440.0,7440.0,7440.0,7440.0,0.0,0.0,5.0,9095.0,0.02,2.02,,0.49968719,8646.0,0.3498436,-0.91865298,3.048e-05,21.25545118,-3.59520516,30.61,811701.8994,2023-06-17 21:00:00+00:00,35000,26525.4
2023-06-17,22,BTC-230929-35000-P,BTCUSDT,P,230929-35000,7440.0,7440.0,7440.0,7440.0,0.0,0.0,5.0,9095.0,0.02,2.02,,0.50989628,8614.0,0.35494814,-0.91375688,3.134e-05,22.24417648,-3.81887698,30.61,813306.62696798,2023-06-17 22:00:00+00:00,35000,26570.15
2023-06-17,23,BTC-230929-35000-P,BTCUSDT,P,230929-35000,7440.0,7440.0,7440.0,7440.0,0.0,0.0,5.0,9095.0,0.02,2.02,,0.49838543,8650.0,0.34919271,-0.91939894,3.035e-05,21.09422852,-3.5641694,30.61,811713.5614736,2023-06-17 23:00:00+00:00,35000,26516.99
2023-06-18,0,BTC-230929-35000-P,BTCUSDT,P,230929-35000,7440.0,7440.0,7440.0,7440.0,0.0,0.0,5.0,9095.0,0.02,2.02,,0.48396587,8694.0,0.34198294,-0.9261939,2.906e-05,19.67736534,-3.25743724,30.61,809764.63286479,2023-06-18 00:00:00+00:00,35000,26453.96
2023-06-18,1,BTC-230929-35000-P,BTCUSDT,P,230929-35000,7440.0,7440.0,7440.0,7440.0,0.0,0.0,5.0,9095.0,0.02,2.02,,0.49283504,8668.0,0.34641752,-0.92214592,2.984e-05,20.5194379,-3.44227217,30.61,810782.07562747,2023-06-18 01:00:00+00:00,35000,26492.12
2023-06-18,2,BTC-230929-35000-P,BTCUSDT,P,230929-35000,7440.0,7440.0,7440.0,7440.0,0.0,0.0,5.0,9095.0,0.02,2.02,,0.4896307,8678.0,0.34481535,-0.92370122,2.954e-05,20.19202999,-3.37304212,30.61,810441.95816267,2023-06-18 02:00:00+00:00,35000,26475.52
2023-06-18,3,BTC-230929-35000-P,BTCUSDT,P,230929-35000,7440.0,7440.0,7440.0,7440.0,0.0,0.0,5.0,9095.0,0.02,2.02,,0.50542355,8629.0,0.35271177,-0.91626284,3.091e-05,21.71687736,-3.71234126,30.61,812583.11084401,2023-06-18 03:00:00+00:00,35000,26548.45
2023-06-18,4,BTC-230929-35000-P,BTCUSDT,P,230929-35000,7440.0,7440.0,7440.0,7440.0,0.0,0.0,5.0,9095.0,0.02,2.02,,0.50281525,8638.0,0.35140762,-0.91758627,3.068e-05,21.44382164,-3.6535858,30.61,812226.81044401,2023-06-18 04:00:00+00:00,35000,26535.51
2023-06-18,5,BTC-230929-35000-P,BTCUSDT,P,230929-35000,7440.0,7440.0,7440.0,7440.0,0.0,0.0,5.0,8930.0,0.02,4.2,,0.45815945,8587.0,0.32907972,-0.93246411,2.814e-05,18.42235873,-2.94054488,30.61,812676.2056088,2023-06-18 05:00:00+00:00,35000,26540.01
2023-06-18,6,BTC-230929-35000-P,BTCUSDT,P,230929-35000,7440.0,7440.0,7440.0,7440.0,0.0,0.0,5.0,8930.0,0.02,4.2,,0.45874119,8586.0,0.32937059,-0.93226054,2.818e-05,18.46286844,-2.95080886,30.61,812528.47031199,2023-06-18 06:00:00+00:00,35000,26544.02
2023-06-18,7,BTC-230929-35000-P,BTCUSDT,P,230929-35000,7440.0,7440.0,7440.0,7440.0,0.0,0.0,5.0,8930.0,0.02,4.2,,0.46891689,8557.0,0.33445845,-0.92772654,2.913e-05,19.43270272,-3.15506351,30.61,813784.24388027,2023-06-18 07:00:00+00:00,35000,26584.98
2023-06-18,8,BTC-230929-35000-P,BTCUSDT,P,230929-35000,7440.0,7440.0,7440.0,7440.0,0.0,0.0,5.0,8930.0,0.02,4.2,,0.44787407,8616.0,0.32393703,-0.93710235,2.711e-05,17.3953562,-2.73654365,30.61,811201.27453202,2023-06-18 08:00:00+00:00,35000,26499.32
2023-06-18,9,BTC-230929-35000-P,BTCUSDT,P,230929-35000,7440.0,7440.0,7440.0,7440.0,0.0,0.0,5.0,9055.0,0.02,5.41,,0.49088001,8631.0,0.34544001,-0.92209595,2.994e-05,20.52441798,-3.4445122,30.61,812001.75630562,2023-06-18 09:00:00+00:00,35000,26527.34
2023-06-18,10,BTC-230929-35000-P,BTCUSDT,P,230929-35000,7440.0,7440.0,7440.0,7440.0,0.0,0.0,5.0,9055.0,0.02,5.41,,0.48650742,8645.0,0.34325371,-0.92419765,2.954e-05,20.08321097,-3.3504913,30.61,811224.80050319,2023-06-18 10:00:00+00:00,35000,26508.0
2023-06-18,11,BTC-230929-35000-P,BTCUSDT,P,230929-35000,7440.0,7440.0,7440.0,7440.0,0.0,0.0,5.0,9055.0,0.02,5.41,,0.48492432,8650.0,0.34246216,-0.92498929,2.939e-05,19.91366646,-3.31588805,30.61,811187.58412534,2023-06-18 11:00:00+00:00,35000,26500.0
2023-06-18,12,BTC-230929-35000-P,BTCUSDT,P,230929-35000,7440.0,7440.0,7440.0,7440.0,0.0,0.0,5.0,9055.0,0.02,5.41,,0.49291611,8626.0,0.34645805,-0.92131905,3.009e-05,20.67286578,-3.48388165,30.61,812243.33311654,2023-06-18 12:00:00+00:00,35000,26534.97
2023-06-18,13,BTC-230929-35000-P,BTCUSDT,P,230929-35000,7440.0,7440.0,7440.0,7440.0,0.0,0.0,5.0,9055.0,0.02,5.41,,0.4822588,8658.0,0.3411294,-0.926331,2.913e-05,19.62408341,-3.25759137,30.61,810975.86720106,2023-06-18 13:00:00+00:00,35000,26486.0
2023-06-18,14,BTC-230929-35000-P,BTCUSDT,P,230929-35000,7440.0,7440.0,7440.0,7440.0,0.0,0.0,5.0,9055.0,0.02,5.41,,0.4962492,8616.0,0.3481246,-0.91986148,3.036e-05,20.96462132,-3.55292474,30.61,812564.54974719,2023-06-18 14:00:00+00:00,35000,26549.99
2023-06-18,15,BTC-230929-35000-P,BTCUSDT,P,230929-35000,7440.0,7440.0,7440.0,7440.0,0.0,0.0,5.0,9055.0,0.02,5.41,,0.49896717,8608.0,0.34948359,-0.91862449,3.059e-05,21.21366006,-3.61062913,30.61,813021.41577041,2023-06-18 15:00:00+00:00,35000,26562.09
2023-06-18,16,BTC-230929-35000-P,BTCUSDT,P,230929-35000,7440.0,7440.0,7440.0,7440.0,0.0,0.0,5.0,8950.0,0.02,3.98,,0.48346043,8538.0,0.34173021,-0.92219394,3.018e-05,20.54641245,-3.42086642,30.61,814537.16578695,2023-06-18 16:00:00+00:00,35000,26620.12
2023-06-18,17,BTC-230929-35000-P,BTCUSDT,P,230929-35000,7440.0,7440.0,7440.0,7440.0,0.0,0.0,5.0,8950.0,0.02,3.98,,0.48610687,8530.0,0.34305344,-0.92099799,3.041e-05,20.78995367,-3.47622953,30.61,815203.49166692,2023-06-18 17:00:00+00:00,35000,26630.0
2023-06-18,18,BTC-230929-35000-P,BTCUSDT,P,230929-35000,7440.0,7440.0,7440.0,7440.0,0.0,0.0,5.0,8950.0,0.02,3.98,,0.4840517,8537.0,0.34202585,-0.9220351,3.021e-05,20.57120682,-3.4307438,30.61,814843.95871654,2023-06-18 18:00:00+00:00,35000,26620.87
2023-06-18,19,BTC-230929-35000-P,BTCUSDT,P,230929-35000,7440.0,7440.0,7440.0,7440.0,0.0,0.0,5.0,8950.0,0.02,3.98,,0.49060822,8517.0,0.34530411,-0.91896244,3.078e-05,21.20037887,-3.57101321,30.61,815627.42334825,2023-06-18 19:00:00+00:00,35000,26650.0
2023-06-18,20,BTC-230929-35000-P,BTCUSDT,P,230929-35000,7440.0,7440.0,7440.0,7440.0,0.0,0.0,5.0,9130.0,0.02,2.32,,0.50036907,8689.0,0.35018454,-0.92103866,2.997e-05,20.64694997,-3.52838151,30.61,810365.36252428,2023-06-18 20:00:00+00:00,35000,26473.74
2023-06-18,21,BTC-230929-35000-P,BTCUSDT,P,230929-35000,7440.0,7440.0,7440.0,7440.0,0.0,0.0,5.0,8820.0,0.02,3.46,,0.38305283,8651.0,0.29152641,-0.95959122,2.13e-05,12.15616859,-1.7301109,30.61,808525.1633264,2023-06-18 21:00:00+00:00,35000,26415.34
2023-06-18,22,BTC-230929-35000-P,BTCUSDT,P,230929-35000,7440.0,7440.0,7440.0,7440.0,0.0,0.0,5.0,8820.0,0.02,3.46,,0.38050652,8656.0,0.29025326,-0.9604916,2.102e-05,11.92996922,-1.69119025,30.61,808373.96674507,2023-06-18 22:00:00+00:00,35000,26402.26
2023-06-18,23,BTC-230929-35000-P,BTCUSDT,P,230929-35000,7440.0,7440.0,7440.0,7440.0,0.0,0.0,5.0,9020.0,0.02,3.32,,0.43401241,8753.0,0.31700621,-0.94622359,2.472e-05,15.2418292,-2.36079181,30.61,806300.86244825,2023-06-18 23:00:00+00:00,35000,26339.97
2023-06-19,0,BTC-230929-35000-P,BTCUSDT,P,230929-35000,7440.0,7440.0,7440.0,7440.0,0.0,0.0,5.0,9020.0,0.02,3.32,,0.44167042,8734.0,0.32083521,-0.94323733,2.547e-05,15.91916445,-2.49650214,30.61,806734.58596586,2023-06-19 00:00:00+00:00,35000,26366.1
2023-06-19,1,BTC-230929-35000-P,BTCUSDT,P,230929-35000,7440.0,7440.0,7440.0,7440.0,0.0,0.0,5.0,8915.0,0.02,5.69,,0.4272747,8655.0,0.31363735,-0.94596341,2.499e-05,15.35038502,-2.35425602,30.61,809377.68882747,2023-06-19 01:00:00+00:00,35000,26437.43
2023-06-19,2,BTC-230929-35000-P,BTCUSDT,P,230929-35000,7440.0,7440.0,7440.0,7440.0,0.0,0.0,10.0,8875.0,3.08,4.31,,0.41604042,8639.0,0.30802021,-0.94925553,2.421e-05,14.6046586,-2.2006667,30.61,809532.36351199,2023-06-19 02:00:00+00:00,35000,26446.33
2023-06-19,3,BTC-230929-35000-P,BTCUSDT,P,230929-35000,7440.0,7440.0,7440.0,7440.0,0.0,0.0,10.0,8875.0,3.08,4.31,,0.4019165,8671.0,0.30095825,-0.95455827,2.272e-05,13.3448798,-1.96553894,30.61,807710.88350668,2023-06-19 03:00:00+00:00,35000,26403.36
2023-06-19,4,BTC-230929-35000-P,BTCUSDT,P,230929-35000,7440.0,7440.0,7440.0,7440.0,0.0,0.0,10.0,9140.0,3.08,4.37,,0.49379826,8722.0,0.34689913,-0.92492628,2.921e-05,19.80397188,-3.3635152,30.61,808970.22263521,2023-06-19 04:00:00+00:00,35000,26428.55
2023-06-19,5,BTC-230929-35000-P,BTCUSDT,P,230929-35000,7440.0,7440.0,7440.0,7440.0,0.0,0.0,10.0,9140.0,3.08,4.37,,0.50231457,8697.0,0.35115728,-0.92104478,2.995e-05,20.60201385,-3.5434513,30.61,810152.97958027,2023-06-19 05:00:00+00:00,35000,26465.59
2023-06-19,6,BTC-230929-35000-P,BTCUSDT,P,230929-35000,7440.0,7440.0,7440.0,7440.0,0.0,0.0,8170.0,9320.0,2.89,5.74,,0.541749,8774.0,0.3708745,-0.90898548,3.16e-05,22.88134937,-4.15815829,30.61,808927.05244401,2023-06-19 06:00:00+00:00,35000,26427.98
2023-06-19,7,BTC-230929-35000-P,BTCUSDT,P,230929-35000,7440.0,7440.0,7440.0,7440.0,0.0,0.0,8170.0,9320.0,2.89,5.74,,0.54188251,8774.0,0.37094126,-0.90898805,3.16e-05,22.87629232,-4.15968612,30.61,808982.12689788,2023-06-19 07:00:00+00:00,35000,26428.01
2023-06-19,8,BTC-230929-35000-P,BTCUSDT,P,230929-35000,7440.0,7440.0,7440.0,7440.0,0.0,0.0,8170.0,9320.0,2.89,5.74,,0.53986073,8781.0,0.36993036,-0.91005023,3.143e-05,22.66418779,-4.11156694,30.61,808617.78380425,2023-06-19 08:00:00+00:00,35000,26417.25
2023-06-19,9,BTC-230929-35000-P,BTCUSDT,P,230929-35000,7440.0,7440.0,7440.0,7440.0,0.0,0.0,8170.0,9345.0,2.89,2.29,,0.5426693,8801.0,0.37133465,-0.90972321,3.142e-05,22.7051873,-4.13633121,30.61,808041.94242959,2023-06-19 09:00:00+00:00,35000,26401.03
2023-06-19,10,BTC-230929-35000-P,BTCUSDT,P,230929-35000,7440.0,7440.0,7440.0,7440.0,0.0,0.0,8170.0,9370.0,2.89,5.3,,0.54493427,8822.0,0.37246714,-0.90966439,3.137e-05,22.69368366,-4.14854008,30.61,807368.86553065,2023-06-19 10:00:00+00:00,35000,26377.99
2023-06-19,11,BTC-230929-35000-P,BTCUSDT,P,230929-35000,7440.0,7440.0,7440.0,7440.0,0.0,0.0,8170.0,9370.0,2.89,5.3,,0.55869579,8776.0,0.3793479,-0.90288972,3.241e-05,23.99544852,-4.46937245,30.61,809531.36111866,2023-06-19 11:00:00+00:00,35000,26447.73
2023-06-19,12,BTC-230929-35000-P,BTCUSDT,P,230929-35000,7440.0,7440.0,7440.0,7440.0,0.0,0.0,8010.0,9240.0,4.18,5.7,,0.54271698,8682.0,0.37135849,-0.90570992,3.231e-05,23.54930614,-4.2956531,30.61,812094.85779788,2023-06-19 12:00:00+00:00,35000,26531.39
2023-06-19,13,BTC-230929-35000-P,BTCUSDT,P,230929-35000,7440.0,7440.0,7440.0,7440.0,0.0,0.0,8150.0,9240.0,2.4,5.7,,0.5437994,8679.0,0.3718997,-0.90523457,3.238e-05,23.63626501,-4.31956701,30.61,812191.85113308,2023-06-19 13:00:00+00:00,35000,26535.17
2023-06-19,14,BTC-230929-35000-P,BTCUSDT,P,230929-35000,7440.0,7440.0,7440.0,7440.0,0.0,0.0,8235.0,9305.0,5.63,2.93,,0.53802967,8772.0,0.36901484,-0.9107656,3.135e-05,22.50800217,-4.08313926,30.61,808842.16183202,2023-06-19 14:00:00+00:00,35000,26423.23
2023-06-19,15,BTC-230929-35000-P,BTCUSDT,P,230929-35000,7440.0,7440.0,7440.0,7440.0,0.0,0.0,8235.0,9305.0,5.63,2.93,,0.54226875,8758.0,0.37113438,-0.90875165,3.167e-05,22.89699395,-4.17927571,30.61,809461.69814051,2023-06-19 15:00:00+00:00,35000,26444.0
2023-06-19,16,BTC-230929-35000-P,BTCUSDT,P,230929-35000,7440.0,7440.0,7440.0,7440.0,0.0,0.0,10.0,8945.0,4.91,3.69,,0.45556068,8618.0,0.32778034,-0.93597411,2.734e-05,17.52345927,-2.82599991,30.61,811262.38016479,2023-06-19 16:00:00+00:00,35000,26499.65
2023-06-19,17,BTC-230929-35000-P,BTCUSDT,P,230929-35000,7440.0,7440.0,7440.0,7440.0,0.0,0.0,10.0,8945.0,4.91,3.69,,0.4949522,8504.0,0.3474761,-0.91805421,3.097e-05,21.29604948,-3.64226451,30.61,815797.06329575,2023-06-19 17:00:00+00:00,35000,26665.06
2023-06-19,18,BTC-230929-35000-P,BTCUSDT,P,230929-35000,7440.0,7440.0,7440.0,7440.0,0.0,0.0,10.0,8810.0,4.91,3.81,,0.40942192,8587.0,0.30471096,-0.95071135,2.394e-05,14.24902141,-2.13795609,30.61,812199.78618695,2023-06-19 18:00:00+00:00,35000,26496.0
2023-06-19,19,BTC-230929-35000-P,BTCUSDT,P,230929-35000,7440.0,7440.0,7440.0,7440.0,0.0,0.0,10.0,8925.0,4.91,3.16,,0.49285412,8489.0,0.34642706,-0.9184378,3.095e-05,21.22332006,-3.62183818,30.61,816606.35469438,2023-06-19 19:00:00+00:00,35000,26682.28
2023-06-19,20,BTC-230929-35000-P,BTCUSDT,P,230929-35000,7440.0,7440.0,7440.0,7440.0,0.0,0.0,10.0,8925.0,4.91,3.16,,0.50260544,8459.0,0.35130272,-0.91373111,3.179e-05,22.16883525,-3.83801456,30.61,818198.56916373,2023-06-19 20:00:00+00:00,35000,26723.99
2023-06-19,21,BTC-230929-35000-P,BTCUSDT,P,230929-35000,7440.0,7440.0,7440.0,7440.0,0.0,0.0,10.0,8925.0,4.91,3.16,,0.51205158,8429.0,0.35602579,-0.90905887,3.258e-05,23.09077259,-4.0530368,30.61,819052.41324932,2023-06-19 21:00:00+00:00,35000,26770.18
2023-06-19,22,BTC-230929-35000-P,BTCUSDT,P,230929-35000,7440.0,7440.0,7440.0,7440.0,0.0,0.0,10.0,8925.0,4.91,3.16,,0.50920963,8438.0,0.35460482,-0.91056373,3.233e-05,22.78955181,-3.9858367,30.61,818999.09466586,2023-06-19 22:00:00+00:00,35000,26754.99
2023-06-19,23,BTC-230929-35000-P,BTCUSDT,P,230929-35000,7440.0,7440.0,7440.0,7440.0,0.0,0.0,10.0,8925.0,4.91,3.16,,0.5274868,8378.0,0.3637434,-0.90121704,3.381e-05,24.60119163,-4.4153882,30.61,821920.99408027,2023-06-19 23:00:00+00:00,35000,26844.35
2023-06-20,0,BTC-230929-35000-P,BTCUSDT,P,230929-35000,7440.0,7440.0,7440.0,7440.0,0.0,0.0,10.0,8800.0,4.91,5.44,,0.5253315,8244.0,0.36266575,-0.8970184,3.477e-05,25.49238522,-4.56365968,30.61,825612.21361548,2023-06-20 00:00:00+00:00,35000,26982.28
2023-06-20,1,BTC-230929-35000-P,BTCUSDT,P,230929-35000,7440.0,7440.0,7440.0,7440.0,0.0,0.0,10.0,8800.0,4.91,5.44,,0.5064106,8307.0,0.3532053,-0.90710807,3.323e-05,23.54763132,-4.10723319,30.61,823349.56278027,2023-06-20 01:00:00+00:00,35000,26902.31
2023-06-20,2,BTC-230929-35000-P,BTCUSDT,P,230929-35000,7440.0,7440.0,7440.0,7440.0,0.0,0.0,10.0,8800.0,4.91,5.44,,0.51075935,8293.0,0.35537968,-0.90491529,3.358e-05,23.97023507,-4.20841503,30.61,823865.64065281,2023-06-20 02:00:00+00:00,35000,26914.5
2023-06-20,3,BTC-230929-35000-P,BTCUSDT,P,230929-35000,7440.0,7440.0,7440.0,7440.0,0.0,0.0,10.0,8800.0,4.91,5.44,,0.50693035,8306.0,0.35346518,-0.90697622,3.325e-05,23.56396569,-4.11649439,30.61,823233.03622853,2023-06-20 03:00:00+00:00,35000,26896.52
2023-06-20,4,BTC-230929-35000-P,BTCUSDT,P,230929-35000,7440.0,7440.0,7440.0,7440.0,0.0,0.0,10.0,8800.0,4.91,5.44,,0.52080631,8260.0,0.36040316,-0.89974488,3.437e-05,24.95481005,-4.44686837,30.61,825345.28096055,2023-06-20 04:00:00+00:00,35000,26965.94
2023-06-20,5,BTC-230929-35000-P,BTCUSDT,P,230929-35000,7440.0,7440.0,7440.0,7440.0,0.0,0.0,10.0,8620.0,4.91,4.1,,0.43940067,8307.0,0.31970034,-0.93305131,2.875e-05,18.30769805,-2.89512443,30.61,821016.77468027,2023-06-20 05:00:00+00:00,35000,26820.46
2023-06-20,6,BTC-230929-35000-P,BTCUSDT,P,230929-35000,7440.0,7440.0,7440.0,7440.0,0.0,0.0,7930.0,9015.0,3.36,3.77,,0.53970337,8441.0,0.36985168,-0.89914392,3.388e-05,24.89020038,-4.55538878,30.61,819895.73893202,2023-06-20 06:00:00+00:00,35000,26789.15
2023-06-20,7,BTC-230929-35000-P,BTCUSDT,P,230929-35000,7440.0,7440.0,7440.0,7440.0,0.0,0.0,7930.0,9020.0,3.36,3.44,,0.5493927,8414.0,0.37469635,-0.89428033,3.455e-05,25.7930583,-4.78443747,30.61,821341.06240212,2023-06-20 07:00:00+00:00,35000,26832.44
2023-06-20,8,BTC-230929-35000-P,BTCUSDT,P,230929-35000,7440.0,7440.0,7440.0,7440.0,0.0,0.0,5.0,0.0,0.02,0.0,,-1e-08,8706.0,0.45,-0.84536176,3.757e-05,33.4778468,-7.46101329,30.61,818943.37101093,2023-06-20 08:00:00+00:00,35000,26754.25
2023-06-20,9,BTC-230929-35000-P,BTCUSDT,P,230929-35000,7440.0,7440.0,7440.0,7440.0,0.0,0.0,8005.0,9145.0,5.03,2.22,,0.56981087,8486.0,0.38490543,-0.8890003,3.492e-05,26.65156321,-5.08257489,30.61,819647.15545812,2023-06-20 09:00:00+00:00,35000,26780.56
2023-06-20,10,BTC-230929-35000-P,BTCUSDT,P,230929-35000,7440.0,7440.0,7440.0,7440.0,0.0,0.0,8005.0,9145.0,5.03,2.22,,0.5688858,8490.0,0.3844429,-0.8895802,3.484e-05,26.54052515,-5.05740537,30.61,819549.92329788,2023-06-20 10:00:00+00:00,35000,26775.98
2023-06-20,11,BTC-230929-35000-P,BTCUSDT,P,230929-35000,7440.0,7440.0,7440.0,7440.0,0.0,0.0,8005.0,9145.0,5.03,2.22,,0.59200764,8406.0,0.39600382,-0.87685112,3.638e-05,28.80972407,-5.65723608,30.61,823642.8402176,2023-06-20 11:00:00+00:00,35000,26907.99
2023-06-20,12,BTC-230929-35000-P,BTCUSDT,P,230929-35000,7440.0,7440.0,7440.0,7440.0,0.0,0.0,8005.0,9145.0,5.03,2.22,,0.58288574,8440.0,0.39144287,-0.88205388,3.578e-05,27.88557723,-5.41493633,30.61,821927.06226055,2023-06-20 12:00:00+00:00,35000,26851.99
2023-06-20,13,BTC-230929-35000-P,BTCUSDT,P,230929-35000,7440.0,7440.0,7440.0,7440.0,0.0,0.0,8005.0,9035.0,5.03,5.24,,0.54981232,8432.0,0.37490616,-0.89517002,3.439e-05,25.58441645,-4.76017577,30.61,821484.98994932,2023-06-20 13:00:00+00:00,35000,26812.01
2023-06-20,14,BTC-230929-35000-P,BTCUSDT,P,230929-35000,7440.0,7440.0,7440.0,7440.0,0.0,0.0,8005.0,9215.0,5.03,4.27,,0.58671236,8508.0,0.39335618,-0.88336851,3.543e-05,27.5801714,-5.38626212,30.61,819351.13321199,2023-06-20 14:00:00+00:00,35000,26780.0
2023-06-20,15,BTC-230929-35000-P,BTCUSDT,P,230929-35000,7440.0,7440.0,7440.0,7440.0,0.0,0.0,8005.0,9215.0,5.03,4.27,,0.63467026,8469.0,0.45897961,-0.82763106,3.912e-05,36.29903101,-8.27508927,30.61,828666.83597147,2023-06-20 15:00:00+00:00,35000,27071.93
2023-06-20,16,BTC-230929-35000-P,BTCUSDT,P,230929-35000,7440.0,7440.0,7440.0,7440.0,0.0,0.0,7360.0,9445.0,5.38,4.76,,0.72414637,8230.0,0.46207318,-0.81355877,4.038e-05,38.55579893,-8.8524714,30.61,837857.43128801,2023-06-20 16:00:00+00:00,35000,27380.54
2023-06-20,17,BTC-230929-35000-P,BTCUSDT,P,230929-35000,7440.0,7440.0,7440.0,7440.0,0.0,0.0,5675.0,8135.0,4.35,1.18,,0.51658869,7521.0,0.35829434,-0.87131785,4.019e-05,30.64215369,-5.45761844,30.61,849740.49229575,2023-06-20 17:00:00+00:00,35000,27796.0
2023-06-20,18,BTC-230929-35000-P,BTCUSDT,P,230929-35000,7440.0,7440.0,7440.0,7440.0,0.0,0.0,6075.0,7960.0,2.6,1.18,,0.52642345,7285.0,0.36321173,-0.85548041,4.248e-05,33.51546579,-6.05381292,30.61,859763.58542747,2023-06-20 18:00:00+00:00,35000,28070.54
2023-06-20,19,BTC-230929-35000-P,BTCUSDT,P,230929-35000,7440.0,7440.0,7440.0,7440.0,0.0,0.0,6225.0,8035.0,4.87,1.18,,0.52567959,7374.0,0.36283979,-0.8602798,4.173e-05,32.62797651,-5.88991389,30.61,856090.28451548,2023-06-20 19:00:00+00:00,35000,27982.77
2023-06-20,20,BTC-230929-35000-P,BTCUSDT,P,230929-35000,7440.0,7440.0,7440.0,7440.0,0.0,0.0,10.0,7880.0,4.52,1.18,,0.52174807,7212.0,0.36087403,-0.8541784,4.292e-05,33.79593975,-6.07021601,30.61,861935.72484719,2023-06-20 20:00:00+00:00,35000,28157.99
2023-06-20,21,BTC-230929-35000-P,BTCUSDT,P,230929-35000,7440.0,7440.0,7440.0,7440.0,0.0,0.0,10.0,7905.0,4.52,1.18,,0.523386,7234.0,0.361693,-0.85461355,4.278e-05,33.69255809,-6.06789761,30.61,860891.47983414,2023-06-20 21:00:00+00:00,35000,28130.0
2023-06-20,22,BTC-230929-35000-P,BTCUSDT,P,230929-35000,7440.0,7440.0,7440.0,7440.0,0.0,0.0,15.0,7865.0,10.0,1.18,,0.52776337,7172.0,0.36388168,-0.84944348,4.341e-05,34.58252495,-6.2684655,30.61,863375.48806161,2023-06-20 22:00:00+00:00,35000,28213.47
2023-06-20,23,BTC-230929-35000-P,BTCUSDT,P,230929-35000,7440.0,7440.0,7440.0,7440.0,0.0,0.0,15.0,7915.0,10.0,4.89,,0.52180052,7086.0,0.36090026,-0.84797198,4.393e-05,34.90951077,-6.27849669,30.61,866540.05750106,2023-06-20 23:00:00+00:00,35000,28307.99
2023-06-21,0,BTC-230929-35000-P,BTCUSDT,P,230929-35000,7440.0,7440.0,7440.0,7440.0,0.0,0.0,15.0,7915.0,10.0,4.89,,0.56735039,7076.0,0.38367519,-0.82532788,4.505e-05,38.34891564,-7.33536815,30.61,869487.95186935,2023-06-21 00:00:00+00:00,35000,28414.0
2023-06-21,1,BTC-230929-35000-P,BTCUSDT,P,230929-35000,7440.0,7440.0,7440.0,7440.0,0.0,0.0,10.0,7395.0,4.52,1.19,,0.51793814,6671.0,0.35896907,-0.82748457,4.716e-05,38.54072309,-6.9002124,30.61,882163.76814825,2023-06-21 01:00:00+00:00,35000,28785.93
2023-06-21,2,BTC-230929-35000-P,BTCUSDT,P,230929-35000,7440.0,7440.0,7440.0,7440.0,0.0,0.0,10.0,7435.0,4.52,1.19,,0.5257678,6687.0,0.3628839,-0.82444707,4.719e-05,38.9614127,-7.05453696,30.61,881312.95142534,2023-06-21 02:00:00+00:00,35000,28789.05
2023-06-21,3,BTC-230929-35000-P,BTCUSDT,P,230929-35000,7440.0,7440.0,7440.0,7440.0,0.0,0.0,10.0,7460.0,4.52,1.18,,0.51990032,6739.0,0.35995016,-0.83046739,4.666e-05,37.99425968,-6.82664142,30.61,878856.85884507,2023-06-21 03:00:00+00:00,35000,28711.15
2023-06-21,4,BTC-230929-35000-P,BTCUSDT,P,230929-35000,7440.0,7440.0,7440.0,7440.0,0.0,0.0,10.0,7405.0,4.52,1.18,,0.52045345,6674.0,0.36022673,-0.82657917,4.718e-05,38.64746262,-6.95223338,30.61,880967.18961093,2023-06-21 04:00:00+00:00,35000,28785.53
2023-06-21,5,BTC-230929-35000-P,BTCUSDT,P,230929-35000,7440.0,7440.0,7440.0,7440.0,0.0,0.0,6955.0,7115.0,1.5,1.5,,0.4899931,7034.0,0.4738009,-0.73792613,4.53e-05,49.42102901,-11.69811417,30.61,886166.52684507,2023-06-21 05:00:00+00:00,35000,28982.02
2023-06-21,6,BTC-230929-35000-P,BTCUSDT,P,230929-35000,7440.0,7440.0,7440.0,7440.0,0.0,0.0,6840.0,7165.0,1.5,1.5,,0.48261166,6998.0,0.44798255,-0.7596947,4.596e-05,47.00135258,-10.52350687,30.61,883506.78021654,2023-06-21 06:00:00+00:00,35000,28858.01
2023-06-21,7,BTC-230929-35000-P,BTCUSDT,P,230929-35000,7440.0,7440.0,7440.0,7440.0,0.0,0.0,6650.0,7295.0,3.81,1.17,,0.51080704,6954.0,0.4411149,-0.76361077,4.625e-05,46.5938089,-10.27661055,30.61,883712.33477572,2023-06-21 07:00:00+00:00,35000,28872.28
2023-06-21,8,BTC-230929-35000-P,BTCUSDT,P,230929-35000,7440.0,7440.0,7440.0,7440.0,0.0,0.0,6810.0,7185.0,1.5,1.5,,0.48081398,6991.0,0.44007897,-0.76688444,4.61e-05,46.13881533,-10.15659081,30.61,882138.09947678,2023-06-21 08:00:00+00:00,35000,28824.41
2023-06-21,9,BTC-230929-35000-P,BTCUSDT,P,230929-35000,7440.0,7440.0,7440.0,7440.0,0.0,0.0,6810.0,7255.0,1.5,1.18,,0.51026583,7025.0,0.46421885,-0.74654826,4.556e-05,48.43869191,-11.25245279,30.61,885347.1005088,2023-06-21 09:00:00+00:00,35000,28923.69
2023-06-21,10,BTC-230929-35000-P,BTCUSDT,P,230929-35000,7440.0,7440.0,7440.0,7440.0,0.0,0.0,6790.0,7285.0,1.5,1.18,,0.50384045,7027.0,0.45098305,-0.75902279,4.58e-05,46.99679353,-10.61063943,30.61,882611.68326935,2023-06-21 10:00:00+00:00,35000,28834.91
2023-06-21,11,BTC-230929-35000-P,BTCUSDT,P,230929-35000,7440.0,7440.0,7440.0,7440.0,0.0,0.0,6695.0,7240.0,1.5,1.18,,0.50975323,6956.0,0.45243859,-0.75341688,4.607e-05,47.74365565,-10.81856588,30.61,886488.41285949,2023-06-21 11:00:00+00:00,35000,28930.0
2023-06-21,12,BTC-230929-35000-P,BTCUSDT,P,230929-35000,7440.0,7440.0,7440.0,7440.0,0.0,0.0,6770.0,7255.0,1.5,1.18,,0.50721884,7003.0,0.45624375,-0.75285262,4.581e-05,47.72697477,-10.91029557,30.61,884433.1262736,2023-06-21 12:00:00+00:00,35000,28893.73
2023-06-21,13,BTC-230929-35000-P,BTCUSDT,P,230929-35000,7440.0,7440.0,7440.0,7440.0,0.0,0.0,6735.0,7015.0,1.5,1.5,,0.5167985,6873.0,0.48991084,-0.71399647,4.531e-05,52.10119976,-12.79445596,30.61,895876.0020264,2023-06-21 13:00:00+00:00,35000,29311.99
2023-06-21,14,BTC-230929-35000-P,BTCUSDT,P,230929-35000,7440.0,7440.0,7440.0,7440.0,0.0,0.0,4810.0,6865.0,3.92,1.5,,0.520854,6055.0,0.360427,-0.7891744,5.188e-05,44.62069067,-8.06477212,30.61,902921.88919226,2023-06-21 14:00:00+00:00,35000,29536.01
2023-06-21,15,BTC-230929-35000-P,BTCUSDT,P,230929-35000,7440.0,7440.0,7440.0,7440.0,0.0,0.0,6240.0,6530.0,1.5,1.5,,0.49652576,6383.0,0.46974659,-0.70060925,4.741e-05,54.17734946,-12.76736899,30.61,914600.63349575,2023-06-21 15:00:00+00:00,35000,29851.58
2023-06-21,16,BTC-230929-35000-P,BTCUSDT,P,230929-35000,7440.0,7440.0,7440.0,7440.0,0.0,0.0,6135.0,6330.0,1.5,1.5,,0.49849272,6231.0,0.48119187,-0.67965948,4.719e-05,56.36728581,-13.61278631,30.61,923833.30915281,2023-06-21 16:00:00+00:00,35000,30164.58
2023-06-21,17,BTC-230929-35000-P,BTCUSDT,P,230929-35000,7440.0,7440.0,7440.0,7440.0,0.0,0.0,6140.0,6380.0,1.5,1.5,,0.49841881,6259.0,0.47689378,-0.68561967,4.737e-05,55.76880778,-13.35353704,30.61,921019.10311866,2023-06-21 17:00:00+00:00,35000,30080.23
2023-06-21,18,BTC-230929-35000-P,BTCUSDT,P,230929-35000,7440.0,7440.0,7440.0,7440.0,0.0,0.0,5860.0,6330.0,1.5,1.5,,0.4957509,6090.0,0.45294166,-0.69668578,4.902e-05,54.98231961,-12.50922395,30.61,922817.03024294,2023-06-21 18:00:00+00:00,35000,30131.39
2023-06-21,19,BTC-230929-35000-P,BTCUSDT,P,230929-35000,7440.0,7440.0,7440.0,7440.0,0.0,0.0,5365.0,6325.0,1.5,1.5,,0.49291372,5814.0,0.39917707,-0.73142723,5.254e-05,51.85014226,-10.40069633,30.61,922352.09798027,2023-06-21 19:00:00+00:00,35000,30112.03
2023-06-21,20,BTC-230929-35000-P,BTCUSDT,P,230929-35000,7440.0,7440.0,7440.0,7440.0,0.0,0.0,6150.0,6405.0,1.5,1.5,,0.49192429,6276.0,0.46866775,-0.69478275,4.776e-05,54.84889448,-12.92295169,30.61,916715.45484932,2023-06-21 20:00:00+00:00,35000,29988.01
2023-06-21,21,BTC-230929-35000-P,BTCUSDT,P,230929-35000,7440.0,7440.0,7440.0,7440.0,0.0,0.0,6205.0,6490.0,1.5,1.5,,0.49417019,6345.0,0.46785712,-0.70039555,4.763e-05,54.18903237,-12.75074022,30.61,914677.82115175,2023-06-21 21:00:00+00:00,35000,29880.95
2023-06-21,22,BTC-230929-35000-P,BTCUSDT,P,230929-35000,7440.0,7440.0,7440.0,7440.0,0.0,0.0,6000.0,6305.0,1.5,1.5,,0.49051046,6150.0,0.46292424,-0.69170101,4.837e-05,55.31517892,-12.88389147,30.61,921903.84984932,2023-06-21 22:00:00+00:00,35000,30114.56
2023-06-21,23,BTC-230929-35000-P,BTCUSDT,P,230929-35000,7440.0,7440.0,7440.0,7440.0,0.0,0.0,6055.0,6375.0,1.5,1.5,,0.48780799,6212.0,0.45835674,-0.70046831,4.844e-05,54.36822515,-12.54364401,30.61,918813.96880986,2023-06-21 23:00:00+00:00,35000,29993.89
2023-06-22,0,BTC-230929-35000-P,BTCUSDT,P,230929-35000,7440.0,7440.0,7440.0,7440.0,0.0,0.0,5900.0,6290.0,1.5,1.5,,0.48990011,6092.0,0.45439661,-0.69592945,4.898e-05,54.98341529,-12.58125439,30.61,921567.03893733,2023-06-22 00:00:00+00:00,35000,30139.48
2023-06-22,1,BTC-230929-35000-P,BTCUSDT,P,230929-35000,7440.0,7440.0,7440.0,7440.0,0.0,0.0,5925.0,6275.0,1.5,1.5,,0.4897809,6097.0,0.45808196,-0.69287707,4.877e-05,55.25299085,-12.75082893,30.61,923293.46984719,2023-06-22 01:00:00+00:00,35000,30159.06
2023-06-22,2,BTC-230929-35000-P,BTCUSDT,P,230929-35000,7440.0,7440.0,7440.0,7440.0,0.0,0.0,5810.0,6070.0,1.5,1.5,,0.49126387,5939.0,0.46861887,-0.67160955,4.854e-05,57.42731141,-13.56313412,30.61,933203.7331736,2023-06-22 02:00:00+00:00,35000,30472.11
2023-06-22,3,BTC-230929-35000-P,BTCUSDT,P,230929-35000,7440.0,7440.0,7440.0,7440.0,0.0,0.0,15.0,6210.0,3.61,1.5,,0.49507856,5414.0,0.34753928,-0.75988802,5.666e-05,49.10593766,-8.60482705,30.61,927193.37558027,2023-06-22 03:00:00+00:00,35000,30296.01
2023-06-22,4,BTC-230929-35000-P,BTCUSDT,P,230929-35000,7440.0,7440.0,7440.0,7440.0,0.0,0.0,15.0,6325.0,3.61,1.17,,0.52026033,5442.0,0.36013017,-0.74758703,5.609e-05,50.505132,-9.17448651,30.61,928490.49283065,2023-06-22 04:00:00+00:00,35000,30350.0
2023-06-22,5,BTC-230929-35000-P,BTCUSDT,P,230929-35000,7440.0,7440.0,7440.0,7440.0,0.0,0.0,15.0,6335.0,3.61,1.17,,0.51476717,5476.0,0.35738358,-0.75338617,5.596e-05,49.76780388,-8.97537128,30.61,926807.67276161,2023-06-22 05:00:00+00:00,35000,30285.3
2023-06-22,6,BTC-230929-35000-P,BTCUSDT,P,230929-35000,7440.0,7440.0,7440.0,7440.0,0.0,0.0,5750.0,6405.0,4.91,1.17,,0.51007271,6068.0,0.44994235,-0.69914541,4.93e-05,54.64204514,-12.41183038,30.61,922272.19242534,2023-06-22 06:00:00+00:00,35000,30130.02
2023-06-22,7,BTC-230929-35000-P,BTCUSDT,P,230929-35000,7440.0,7440.0,7440.0,7440.0,0.0,0.0,5790.0,6405.0,2.78,1.17,,0.50652742,6089.0,0.44987798,-0.70077185,4.924e-05,54.44046219,-12.36947439,30.61,920891.29795949,2023-06-22 07:00:00+00:00,35000,30100.75
2023-06-22,8,BTC-230929-35000-P,BTCUSDT,P,230929-35000,7440.0,7440.0,7440.0,7440.0,0.0,0.0,15.0,6250.0,3.67,1.5,,0.4785037,5528.0,0.33925185,-0.77829086,5.594e-05,46.60448051,-7.98854121,30.61,920680.85252747,2023-06-22 08:00:00+00:00,35000,30096.7
2023-06-22,9,BTC-230929-35000-P,BTCUSDT,P,230929-35000,7440.0,7440.0,7440.0,7440.0,0.0,0.0,5.0,6220.0,0.02,1.5,,0.47815084,5496.0,0.33907542,-0.77624427,5.62e-05,46.90180056,-8.038709,30.61,922539.17553627,2023-06-22 09:00:00+00:00,35000,30134.36
2023-06-22,10,BTC-230929-35000-P,BTCUSDT,P,230929-35000,7440.0,7440.0,7440.0,7440.0,0.0,0.0,5.0,6185.0,0.02,1.5,,0.47729731,5460.0,0.33864865,-0.77420652,5.65e-05,47.20156707,-8.08330985,30.61,923985.93868558,2023-06-22 10:00:00+00:00,35000,30178.0
2023-06-22,11,BTC-230929-35000-P,BTCUSDT,P,230929-35000,7440.0,7440.0,7440.0,7440.0,0.0,0.0,5065.0,6350.0,2.58,1.5,,0.47666073,5650.0,0.33833036,-0.78823235,5.496e-05,45.11104343,-7.7212988,30.61,916445.9623912,2023-06-22 11:00:00+00:00,35000,29928.0
2023-06-22,12,BTC-230929-35000-P,BTCUSDT,P,230929-35000,7440.0,7440.0,7440.0,7440.0,0.0,0.0,5630.0,6245.0,3.56,1.5,,0.48057079,5927.0,0.42233348,-0.71707538,5.113e-05,53.00668548,-11.33015365,30.61,922023.57867815,2023-06-22 12:00:00+00:00,35000,30115.49
2023-06-22,13,BTC-230929-35000-P,BTCUSDT,P,230929-35000,7440.0,7440.0,7440.0,7440.0,0.0,0.0,5.0,6115.0,0.02,1.5,,0.4721117,5402.0,0.33605585,-0.77325991,5.699e-05,47.37351922,-8.06083364,30.61,925583.74368452,2023-06-22 13:00:00+00:00,35000,30235.99
2023-06-22,14,BTC-230929-35000-P,BTCUSDT,P,230929-35000,7440.0,7440.0,7440.0,7440.0,0.0,0.0,5865.0,6465.0,4.25,1.5,,0.47439814,6152.0,0.41416407,-0.7412287,5.05e-05,50.05704481,-10.5015573,30.61,910173.21655068,2023-06-22 14:00:00+00:00,35000,29746.76
2023-06-22,15,BTC-230929-35000-P,BTCUSDT,P,230929-35000,7440.0,7440.0,7440.0,7440.0,0.0,0.0,5725.0,6350.0,4.64,1.5,,0.46674967,6023.0,0.4039526,-0.74291947,5.143e-05,50.05167447,-10.24586229,30.61,913648.35639575,2023-06-22 15:00:00+00:00,35000,29850.65
2023-06-22,16,BTC-230929-35000-P,BTCUSDT,P,230929-35000,7440.0,7440.0,7440.0,7440.0,0.0,0.0,4785.0,6270.0,3.36,1.5,,0.46752453,5597.0,0.33376226,-0.7901939,5.539e-05,44.87729585,-7.59358485,30.61,917458.42682428,2023-06-22 16:00:00+00:00,35000,29970.02
2023-06-22,17,BTC-230929-35000-P,BTCUSDT,P,230929-35000,7440.0,7440.0,7440.0,7440.0,0.0,0.0,4755.0,6135.0,5.45,1.5,,0.46392202,5458.0,0.33196101,-0.78252538,5.657e-05,46.06870362,-7.756388,30.61,922668.76683945,2023-06-22 17:00:00+00:00,35000,30145.29
2023-06-22,18,BTC-230929-35000-P,BTCUSDT,P,230929-35000,7440.0,7440.0,7440.0,7440.0,0.0,0.0,4355.0,6165.0,3.23,1.5,,0.46928883,5471.0,0.33464441,-0.78040091,5.645e-05,46.3155175,-7.8643014,30.61,921186.52972747,2023-06-22 18:00:00+00:00,35000,30133.99
2023-06-22,19,BTC-230929-35000-P,BTCUSDT,P,230929-35000,7440.0,7440.0,7440.0,7440.0,0.0,0.0,4410.0,6100.0,2.66,1.5,,0.46759129,5405.0,0.33379564,-0.77662776,5.7e-05,46.88314923,-7.94385233,30.61,925041.91977466,2023-06-22 19:00:00+00:00,35000,30213.11
2023-06-22,20,BTC-230929-35000-P,BTCUSDT,P,230929-35000,7440.0,7440.0,7440.0,7440.0,0.0,0.0,15.0,6145.0,5.79,1.5,,0.467875,5455.0,0.3339375,-0.78020338,5.659e-05,46.3445429,-7.85925209,30.61,922955.83481973,2023-06-22 20:00:00+00:00,35000,30152.07
2023-06-22,21,BTC-230929-35000-P,BTCUSDT,P,230929-35000,7440.0,7440.0,7440.0,7440.0,0.0,0.0,15.0,6165.0,5.79,1.5,,0.45905828,5512.0,0.32952914,-0.7895949,5.611e-05,45.02587991,-7.53802092,30.61,919955.76553839,2023-06-22 21:00:00+00:00,35000,30054.07
2023-06-22,22,BTC-230929-35000-P,BTCUSDT,P,230929-35000,7440.0,7440.0,7440.0,7440.0,0.0,0.0,15.0,6265.0,5.79,1.5,,0.46116352,5618.0,0.33058176,-0.79583157,5.519e-05,44.03530271,-7.39886464,30.61,915575.45099226,2023-06-22 22:00:00+00:00,35000,29927.77
2023-06-22,23,BTC-230929-35000-P,BTCUSDT,P,230929-35000,7440.0,7440.0,7440.0,7440.0,0.0,0.0,15.0,6275.0,5.79,1.5,,0.45804739,5641.0,0.32902369,-0.79935315,5.496e-05,43.5141481,-7.27992412,30.61,915348.06578452,2023-06-22 23:00:00+00:00,35000,29884.92
2023-06-23,0,BTC-230929-35000-P,BTCUSDT,P,230929-35000,7440.0,7440.0,7440.0,7440.0,0.0,0.0,15.0,6190.0,5.79,1.5,,0.45866013,5543.0,0.32933006,-0.79224342,5.584e-05,44.60182227,-7.47200638,30.61,918611.38779332,2023-06-23 00:00:00+00:00,35000,30010.0
2023-06-23,1,BTC-230929-35000-P,BTCUSDT,P,230929-35000,7440.0,7440.0,7440.0,7440.0,0.0,0.0,15.0,6225.0,5.79,1.5,,0.45539379,5595.0,0.3276969,-0.79790201,5.535e-05,43.75593831,-7.29703993,30.61,916792.68287041,2023-06-23 01:00:00+00:00,35000,29933.53
2023-06-23,2,BTC-230929-35000-P,BTCUSDT,P,230929-35000,7440.0,7440.0,7440.0,7440.0,0.0,0.0,15.0,6225.0,5.79,1.5,,0.46163559,5572.0,0.33081779,-0.79267897,5.559e-05,44.4853606,-7.49251358,30.61,917664.64740319,2023-06-23 02:00:00+00:00,35000,29984.91
2023-06-23,3,BTC-230929-35000-P,BTCUSDT,P,230929-35000,7440.0,7440.0,7440.0,7440.0,0.0,0.0,15.0,6190.0,5.79,1.5,,0.45855761,5544.0,0.3292788,-0.79263684,5.582e-05,44.51903551,-7.46647181,30.61,918567.49439894,2023-06-23 03:00:00+00:00,35000,30007.96
2023-06-23,4,BTC-230929-35000-P,BTCUSDT,P,230929-35000,7440.0,7440.0,7440.0,7440.0,0.0,0.0,15.0,6190.0,5.79,1.5,,0.457654,5548.0,0.328827,-0.79351353,5.579e-05,44.3867435,-7.43722611,30.61,918241.40035068,2023-06-23 04:00:00+00:00,35000,30002.0
2023-06-23,5,BTC-230929-35000-P,BTCUSDT,P,230929-35000,7440.0,7440.0,7440.0,7440.0,0.0,0.0,15.0,6155.0,5.79,1.5,,0.45675993,5512.0,0.32837996,-0.79159296,5.61e-05,44.68369321,-7.47998022,30.61,919592.96303627,2023-06-23 05:00:00+00:00,35000,30042.0
2023-06-23,6,BTC-230929-35000-P,BTCUSDT,P,230929-35000,7440.0,7440.0,7440.0,7440.0,0.0,0.0,5580.0,6190.0,4.06,1.5,,0.4594183,5872.0,0.39875507,-0.73905745,5.239e-05,50.54923588,-10.27969036,30.61,919109.58740774,2023-06-23 06:00:00+00:00,35000,30012.18
2023-06-23,7,BTC-230929-35000-P,BTCUSDT,P,230929-35000,7440.0,7440.0,7440.0,7440.0,0.0,0.0,5765.0,6485.0,4.55,5.29,,0.50345898,6111.0,0.43415666,-0.71987502,5e-05,52.22465729,-11.56820403,30.61,916441.87545175,2023-06-23 07:00:00+00:00,35000,29931.99
2023-06-23,8,BTC-230929-35000-P,BTCUSDT,P,230929-35000,7440.0,7440.0,7440.0,7440.0,0.0,0.0,5590.0,6200.0,3.4,1.5,,0.46106577,5882.0,0.40048599,-0.73814288,5.229e-05,50.61344735,-10.34622252,30.61,918939.82636586,2023-06-23 08:00:00+00:00,35000,30008.12
2023-06-23,9,BTC-230929-35000-P,BTCUSDT,P,230929-35000,7440.0,7440.0,7440.0,7440.0,0.0,0.0,5530.0,6130.0,3.25,1.5,,0.46514988,5819.0,0.40711761,-0.72682017,5.233e-05,51.92161056,-10.79397409,30.61,922061.69990106,2023-06-23 09:00:00+00:00,35000,30145.22
2023-06-23,10,BTC-230929-35000-P,BTCUSDT,P,230929-35000,7440.0,7440.0,7440.0,7440.0,0.0,0.0,5555.0,6160.0,3.88,1.5,,0.46202183,5845.0,0.402596,-0.73351156,5.239e-05,51.15319568,-10.52059738,30.61,921539.32511442,2023-06-23 10:00:00+00:00,35000,30075.99
2023-06-23,11,BTC-230929-35000-P,BTCUSDT,P,230929-35000,7440.0,7440.0,7440.0,7440.0,0.0,0.0,5525.0,6125.0,4.22,1.5,,0.4645896,5814.0,0.40648222,-0.72729606,5.238e-05,51.8567109,-10.77282545,30.61,922901.75939575,2023-06-23 11:00:00+00:00,35000,30140.87
2023-06-23,12,BTC-230929-35000-P,BTCUSDT,P,230929-35000,7440.0,7440.0,7440.0,7440.0,0.0,0.0,5515.0,6115.0,4.45,1.5,,0.45831203,5803.0,0.39935827,-0.73404301,5.273e-05,51.13762187,-10.44170256,30.61,921670.44019014,2023-06-23 12:00:00+00:00,35000,30106.5
2023-06-23,13,BTC-230929-35000-P,BTCUSDT,P,230929-35000,7440.0,7440.0,7440.0,7440.0,0.0,0.0,5545.0,6150.0,3.38,1.5,,0.46136856,5835.0,0.40188193,-0.7338076,5.248e-05,51.1035586,-10.50516342,30.61,920776.39609226,2023-06-23 13:00:00+00:00,35000,30077.82
2023-06-23,14,BTC-230929-35000-P,BTCUSDT,P,230929-35000,7440.0,7440.0,7440.0,7440.0,0.0,0.0,5615.0,6035.0,4.39,1.5,,0.46522856,5820.0,0.42613387,-0.70791172,5.145e-05,53.80154867,-11.73219249,30.61,925789.10651093,2023-06-23 14:00:00+00:00,35000,30282.04
2023-06-23,15,BTC-230929-35000-P,BTCUSDT,P,230929-35000,7440.0,7440.0,7440.0,7440.0,0.0,0.0,4050.0,5675.0,4.0,1.16,,0.50931096,4790.0,0.360322,-0.69806128,5.991e-05,56.32611062,-10.3902053,30.61,955243.69674188,2023-06-23 15:00:00+00:00,35000,31238.0
2023-06-23,16,BTC-230929-35000-P,BTCUSDT,P,230929-35000,7440.0,7440.0,7440.0,7440.0,0.0,0.0,4210.0,5600.0,5.51,1.5,,0.48322201,4845.0,0.35320401,-0.71120188,6.015e-05,54.93407477,-9.93748184,30.61,950895.61015281,2023-06-23 16:00:00+00:00,35000,31097.02
2023-06-23,17,BTC-230929-35000-P,BTCUSDT,P,230929-35000,7440.0,7440.0,7440.0,7440.0,0.0,0.0,4050.0,5510.0,4.84,1.5,,0.4842782,4717.0,0.3495574,-0.704671,6.113e-05,55.76733989,-9.98832656,30.61,956472.25095599,2023-06-23 17:00:00+00:00,35000,31241.1
2023-06-23,18,BTC-230929-35000-P,BTCUSDT,P,230929-35000,7440.0,7440.0,7440.0,7440.0,0.0,0.0,4290.0,5705.0,2.45,1.5,,0.48501968,4923.0,0.3480649,-0.72403062,6.004e-05,53.46549108,-9.53923549,30.61,947506.49113521,2023-06-23 18:00:00+00:00,35000,30943.68
2023-06-23,19,BTC-230929-35000-P,BTCUSDT,P,230929-35000,7440.0,7440.0,7440.0,7440.0,0.0,0.0,4215.0,5745.0,3.93,1.5,,0.48507333,4939.0,0.34253666,-0.73202025,6.025e-05,52.57219354,-9.23482136,30.61,944833.73112127,2023-06-23 19:00:00+00:00,35000,30880.87
2023-06-23,20,BTC-230929-35000-P,BTCUSDT,P,230929-35000,7440.0,7440.0,7440.0,7440.0,0.0,0.0,15.0,5715.0,3.58,1.5,,0.483464,4912.0,0.341732,-0.73083807,6.048e-05,52.72976048,-9.24469146,30.61,946387.63508801,2023-06-23 20:00:00+00:00,35000,30906.07
2023-06-23,21,BTC-230929-35000-P,BTCUSDT,P,230929-35000,7440.0,7440.0,7440.0,7440.0,0.0,0.0,15.0,5870.0,3.58,1.5,,0.48220158,5093.0,0.34110079,-0.74636941,5.926e-05,50.71945501,-8.87961199,30.61,939034.11742185,2023-06-23 21:00:00+00:00,35000,30659.8
2023-06-23,22,BTC-230929-35000-P,BTCUSDT,P,230929-35000,7440.0,7440.0,7440.0,7440.0,0.0,0.0,15.0,5870.0,3.58,1.5,,0.48054695,5100.0,0.34027348,-0.7479985,5.925e-05,50.51133581,-8.82550231,30.61,938056.92512747,2023-06-23 22:00:00+00:00,35000,30644.17
2023-06-23,23,BTC-230929-35000-P,BTCUSDT,P,230929-35000,7440.0,7440.0,7440.0,7440.0,0.0,0.0,15.0,5870.0,3.58,1.5,,0.48476219,5083.0,0.3423811,-0.74424069,5.929e-05,50.95482013,-8.96196836,30.61,939016.80427147,2023-06-23 23:00:00+00:00,35000,30688.5
2023-06-24,0,BTC-230929-35000-P,BTCUSDT,P,230929-35000,7440.0,7440.0,7440.0,7440.0,0.0,0.0,15.0,5970.0,3.58,1.5,,0.48008442,5216.0,0.34004221,-0.75750711,5.841e-05,49.20928608,-8.59951985,30.61,932975.46330319,2023-06-24 00:00:00+00:00,35000,30488.2
2023-06-24,1,BTC-230929-35000-P,BTCUSDT,P,230929-35000,7440.0,7440.0,7440.0,7440.0,0.0,0.0,15.0,5875.0,3.58,1.5,,0.47730207,5120.0,0.33865104,-0.7517497,5.918e-05,50.01578844,-8.70843014,30.61,936750.34905068,2023-06-24 01:00:00+00:00,35000,30605.3
2023-06-24,2,BTC-230929-35000-P,BTCUSDT,P,230929-35000,7440.0,7440.0,7440.0,7440.0,0.0,0.0,15.0,5805.0,3.58,1.5,,0.48234701,5020.0,0.34117351,-0.74089345,5.979e-05,51.39250287,-9.01864978,30.61,941151.13529575,2023-06-24 02:00:00+00:00,35000,30756.6
2023-06-24,3,BTC-230929-35000-P,BTCUSDT,P,230929-35000,7440.0,7440.0,7440.0,7440.0,0.0,0.0,15.0,5805.0,3.58,1.5,,0.47953129,5032.0,0.33976564,-0.74361193,5.978e-05,51.05764058,-8.92673932,30.61,941039.33142959,2023-06-24 03:00:00+00:00,35000,30730.01
2023-06-24,4,BTC-230929-35000-P,BTCUSDT,P,230929-35000,7440.0,7440.0,7440.0,7440.0,0.0,0.0,15.0,5805.0,3.58,1.5,,0.47645569,5045.0,0.33822784,-0.74656517,5.975e-05,50.69168499,-8.82642846,30.61,940037.33494401,2023-06-24 04:00:00+00:00,35000,30703.68
2023-06-24,5,BTC-230929-35000-P,BTCUSDT,P,230929-35000,7440.0,7440.0,7440.0,7440.0,0.0,0.0,15.0,5805.0,3.58,1.5,,0.47943592,5033.0,0.33971796,-0.74392323,5.978e-05,50.99900775,-8.92288935,30.61,940639.87429332,2023-06-24 05:00:00+00:00,35000,30725.01
2023-06-24,6,BTC-230929-35000-P,BTCUSDT,P,230929-35000,7440.0,7440.0,7440.0,7440.0,0.0,0.0,15.0,5590.0,3.58,1.5,,0.43886185,4953.0,0.31943092,-0.76229081,6.116e-05,48.95129524,-8.05661945,30.61,939953.59809332,2023-06-24 06:00:00+00:00,35000,30697.94
2023-06-24,7,BTC-230929-35000-P,BTCUSDT,P,230929-35000,7440.0,7440.0,7440.0,7440.0,0.0,0.0,15.0,5710.0,3.58,3.95,,0.44445992,5066.0,0.32222996,-0.76788694,6.01e-05,48.09519534,-7.98851078,30.61,935721.24085068,2023-06-24 07:00:00+00:00,35000,30567.58
2023-06-24,8,BTC-230929-35000-P,BTCUSDT,P,230929-35000,7440.0,7440.0,7440.0,7440.0,0.0,0.0,15.0,5605.0,2.64,1.5,,0.43071985,5002.0,0.31535993,-0.7714189,6.082e-05,47.73715506,-7.76332646,30.61,937089.11092959,2023-06-24 08:00:00+00:00,35000,30608.82
2023-06-24,9,BTC-230929-35000-P,BTCUSDT,P,230929-35000,7440.0,7440.0,7440.0,7440.0,0.0,0.0,15.0,5650.0,2.64,1.5,,0.44047356,5014.0,0.32023678,-0.76647379,6.06e-05,48.32135626,-7.98328819,30.61,937323.81562747,2023-06-24 09:00:00+00:00,35000,30621.63
2023-06-24,10,BTC-230929-35000-P,BTCUSDT,P,230929-35000,7440.0,7440.0,7440.0,7440.0,0.0,0.0,15.0,5615.0,2.64,1.5,,0.44820309,4945.0,0.32410154,-0.75624259,6.108e-05,49.6447035,-8.30447644,30.61,940632.00315068,2023-06-24 10:00:00+00:00,35000,30739.98
2023-06-24,11,BTC-230929-35000-P,BTCUSDT,P,230929-35000,7440.0,7440.0,7440.0,7440.0,0.0,0.0,15.0,5615.0,2.64,1.5,,0.4420054,4970.0,0.3210027,-0.76213768,6.098e-05,48.89281398,-8.10398698,30.61,939306.93997921,2023-06-24 11:00:00+00:00,35000,30684.38
2023-06-24,12,BTC-230929-35000-P,BTCUSDT,P,230929-35000,7440.0,7440.0,7440.0,7440.0,0.0,0.0,15.0,5615.0,2.64,1.5,,0.44373035,4963.0,0.32186518,-0.76063592,6.101e-05,49.07274938,-8.15917725,30.61,939647.80419332,2023-06-24 12:00:00+00:00,35000,30694.57
2023-06-24,13,BTC-230929-35000-P,BTCUSDT,P,230929-35000,7440.0,7440.0,7440.0,7440.0,0.0,0.0,15.0,5690.0,2.64,1.5,,0.45046926,5021.0,0.32523463,-0.76121399,6.042e-05,48.90933495,-8.22067568,30.61,938040.3688176,2023-06-24 13:00:00+00:00,35000,30640.69
2023-06-24,14,BTC-230929-35000-P,BTCUSDT,P,230929-35000,7440.0,7440.0,7440.0,7440.0,0.0,0.0,15.0,5670.0,2.64,1.5,,0.45249939,4991.0,0.32624969,-0.75764537,6.064e-05,49.36925035,-8.32746278,30.61,939330.72159438,2023-06-24 14:00:00+00:00,35000,30688.53
2023-06-24,15,BTC-230929-35000-P,BTCUSDT,P,230929-35000,7440.0,7440.0,7440.0,7440.0,0.0,0.0,15.0,5820.0,2.64,1.5,,0.44426203,5192.0,0.32213101,-0.77843695,5.899e-05,46.5121658,-7.74983241,30.61,930956.59589014,2023-06-24 15:00:00+00:00,35000,30398.71
2023-06-24,16,BTC-230929-35000-P,BTCUSDT,P,230929-35000,7440.0,7440.0,7440.0,7440.0,0.0,0.0,15.0,5755.0,2.64,1.5,,0.44588447,5113.0,0.32294223,-0.77147517,5.969e-05,47.4905613,-7.93619978,30.61,933298.05570212,2023-06-24 16:00:00+00:00,35000,30510.01
2023-06-24,17,BTC-230929-35000-P,BTCUSDT,P,230929-35000,7440.0,7440.0,7440.0,7440.0,0.0,0.0,15.0,5720.0,2.64,1.5,,0.44946909,5060.0,0.32473454,-0.76523246,6.011e-05,48.32502362,-8.12397032,30.61,936403.41665599,2023-06-24 17:00:00+00:00,35000,30584.49
2023-06-24,18,BTC-230929-35000-P,BTCUSDT,P,230929-35000,7440.0,7440.0,7440.0,7440.0,0.0,0.0,15.0,5660.0,2.64,1.5,,0.44507027,5010.0,0.32253513,-0.76406797,6.06e-05,48.52754096,-8.10625897,30.61,937798.12598695,2023-06-24 18:00:00+00:00,35000,30638.38
2023-06-24,19,BTC-230929-35000-P,BTCUSDT,P,230929-35000,7440.0,7440.0,7440.0,7440.0,0.0,0.0,15.0,5690.0,2.64,1.5,,0.44910431,5028.0,0.32455215,-0.76312054,6.039e-05,48.60602886,-8.17367332,30.61,937420.66432185,2023-06-24 19:00:00+00:00,35000,30627.84
2023-06-24,20,BTC-230929-35000-P,BTCUSDT,P,230929-35000,7440.0,7440.0,7440.0,7440.0,0.0,0.0,15.0,5695.0,2.64,1.5,,0.43544054,5087.0,0.31772027,-0.77620573,6.001e-05,46.89201406,-7.72278614,30.61,933634.79261199,2023-06-24 20:00:00+00:00,35000,30507.56
2023-06-24,21,BTC-230929-35000-P,BTCUSDT,P,230929-35000,7440.0,7440.0,7440.0,7440.0,0.0,0.0,15.0,5725.0,2.64,1.5,,0.44154882,5098.0,0.32077441,-0.77334468,5.987e-05,47.22773872,-7.8562394,30.61,933859.92748027,2023-06-24 21:00:00+00:00,35000,30513.78
2023-06-24,22,BTC-230929-35000-P,BTCUSDT,P,230929-35000,7440.0,7440.0,7440.0,7440.0,0.0,0.0,15.0,5725.0,2.64,1.5,,0.4425168,5094.0,0.3212584,-0.7725684,5.989e-05,47.31953817,-7.88679501,30.61,934168.75210668,2023-06-24 22:00:00+00:00,35000,30515.33
2023-06-24,23,BTC-230929-35000-P,BTCUSDT,P,230929-35000,7440.0,7440.0,7440.0,7440.0,0.0,0.0,15.0,5680.0,2.64,1.5,,0.43569446,5070.0,0.31784723,-0.77498518,6.016e-05,47.0395664,-7.7602391,30.61,934568.68016586,2023-06-24 23:00:00+00:00,35000,30527.43
2023-06-25,0,BTC-230929-35000-P,BTCUSDT,P,230929-35000,7440.0,7440.0,7440.0,7440.0,0.0,0.0,15.0,5685.0,2.64,1.5,,0.43479919,5080.0,0.3173996,-0.77634262,6.009e-05,46.84491135,-7.72058202,30.61,934044.01131093,2023-06-25 00:00:00+00:00,35000,30513.23
2023-06-25,1,BTC-230929-35000-P,BTCUSDT,P,230929-35000,7440.0,7440.0,7440.0,7440.0,0.0,0.0,15.0,5610.0,2.64,1.5,,0.43194294,5007.0,0.31597147,-0.77251019,6.078e-05,47.41889096,-7.78338341,30.61,936565.9153912,2023-06-25 01:00:00+00:00,35000,30598.52
2023-06-25,2,BTC-230929-35000-P,BTCUSDT,P,230929-35000,7440.0,7440.0,7440.0,7440.0,0.0,0.0,15.0,5610.0,2.64,1.5,,0.43488503,4996.0,0.31744251,-0.76989735,6.086e-05,47.7493889,-7.87753183,30.61,937428.5253736,2023-06-25 02:00:00+00:00,35000,30621.3
2023-06-25,3,BTC-230929-35000-P,BTCUSDT,P,230929-35000,7440.0,7440.0,7440.0,7440.0,0.0,0.0,15.0,5590.0,2.64,1.5,,0.44672489,4927.0,0.32336245,-0.75719466,6.13e-05,49.37555504,-8.30131628,30.61,941133.28058346,2023-06-25 03:00:00+00:00,35000,30748.46
2023-06-25,4,BTC-230929-35000-P,BTCUSDT,P,230929-35000,7440.0,7440.0,7440.0,7440.0,0.0,0.0,15.0,5470.0,2.64,1.5,,0.4422164,4811.0,0.3211082,-0.7505043,6.237e-05,50.31706104,-8.40427509,30.61,945107.45761305,2023-06-25 04:00:00+00:00,35000,30890.66
2023-06-25,5,BTC-230929-35000-P,BTCUSDT,P,230929-35000,7440.0,7440.0,7440.0,7440.0,0.0,0.0,15.0,5500.0,2.33,1.5,,0.44387341,4838.0,0.3219367,-0.75182964,6.211e-05,50.11267056,-8.39537172,30.61,944572.29390106,2023-06-25 05:00:00+00:00,35000,30858.56
2023-06-25,6,BTC-230929-35000-P,BTCUSDT,P,230929-35000,7440.0,7440.0,7440.0,7440.0,0.0,0.0,15.0,5510.0,2.33,1.5,,0.44778585,4834.0,0.32389293,-0.7491616,6.206e-05,50.41642664,-8.50126961,30.61,945070.18068801,2023-06-25 06:00:00+00:00,35000,30872.66
2023-06-25,7,BTC-230929-35000-P,BTCUSDT,P,230929-35000,7440.0,7440.0,7440.0,7440.0,0.0,0.0,15.0,5805.0,2.33,1.19,,0.48190713,5031.0,0.34095356,-0.7445726,5.982e-05,50.64318317,-8.99321445,30.61,940424.01660986,2023-06-25 07:00:00+00:00,35000,30723.78
2023-06-25,8,BTC-230929-35000-P,BTCUSDT,P,230929-35000,7440.0,7440.0,7440.0,7440.0,0.0,0.0,15.0,5645.0,5.71,1.5,,0.45557261,4956.0,0.3277863,-0.75449021,6.092e-05,49.59983411,-8.47146032,30.61,941019.71748346,2023-06-25 08:00:00+00:00,35000,30735.93
2023-06-25,9,BTC-230929-35000-P,BTCUSDT,P,230929-35000,7440.0,7440.0,7440.0,7440.0,0.0,0.0,15.0,5670.0,5.71,1.5,,0.45367479,4992.0,0.3268374,-0.75862346,6.066e-05,49.04972447,-8.35688044,30.61,939193.03377815,2023-06-25 09:00:00+00:00,35000,30683.99
2023-06-25,10,BTC-230929-35000-P,BTCUSDT,P,230929-35000,7440.0,7440.0,7440.0,7440.0,0.0,0.0,15.0,5700.0,5.71,1.5,,0.45169353,5034.0,0.32584677,-0.76324605,6.034e-05,48.42573456,-8.22913542,30.61,937324.86847678,2023-06-25 10:00:00+00:00,35000,30621.27
2023-06-25,11,BTC-230929-35000-P,BTCUSDT,P,230929-35000,7440.0,7440.0,7440.0,7440.0,0.0,0.0,15.0,5640.0,5.71,1.5,,0.45241594,4963.0,0.32620797,-0.75730053,6.092e-05,49.22570025,-8.37798985,30.61,939830.88226692,2023-06-25 11:00:00+00:00,35000,30716.03
2023-06-25,12,BTC-230929-35000-P,BTCUSDT,P,230929-35000,7440.0,7440.0,7440.0,7440.0,0.0,0.0,15.0,5640.0,5.71,1.5,,0.44700861,4985.0,0.3235043,-0.76242397,6.082e-05,48.57290824,-8.20193633,30.61,938787.16199681,2023-06-25 12:00:00+00:00,35000,30669.4
2023-06-25,13,BTC-230929-35000-P,BTCUSDT,P,230929-35000,7440.0,7440.0,7440.0,7440.0,0.0,0.0,15.0,5640.0,5.71,1.5,,0.44776917,4982.0,0.32388458,-0.76182764,6.084e-05,48.63790604,-8.22614412,30.61,938122.88126798,2023-06-25 13:00:00+00:00,35000,30676.5
2023-06-25,14,BTC-230929-35000-P,BTCUSDT,P,230929-35000,7440.0,7440.0,7440.0,7440.0,0.0,0.0,15.0,5695.0,5.71,1.5,,0.4430604,5063.0,0.3215302,-0.77114934,6.019e-05,47.37609422,-7.95795028,30.61,935048.79969788,2023-06-25 14:00:00+00:00,35000,30551.82
2023-06-25,15,BTC-230929-35000-P,BTCUSDT,P,230929-35000,7440.0,7440.0,7440.0,7440.0,0.0,0.0,15.0,5700.0,5.71,1.5,,0.44782162,5050.0,0.32391081,-0.76734088,6.025e-05,47.85240114,-8.10099725,30.61,936215.36025281,2023-06-25 15:00:00+00:00,35000,30585.16
2023-06-25,16,BTC-230929-35000-P,BTCUSDT,P,230929-35000,7440.0,7440.0,7440.0,7440.0,0.0,0.0,15.0,5700.0,5.71,1.5,,0.44862747,5047.0,0.32431374,-0.7667099,6.027e-05,47.92310527,-8.12659839,30.61,936567.59725949,2023-06-25 16:00:00+00:00,35000,30590.29
2023-06-25,17,BTC-230929-35000-P,BTCUSDT,P,230929-35000,7440.0,7440.0,7440.0,7440.0,0.0,0.0,15.0,5705.0,5.71,1.5,,0.44169188,5080.0,0.32084594,-0.77359204,6.005e-05,47.01699922,-7.89112967,30.61,934416.65274188,2023-06-25 17:00:00+00:00,35000,30526.01
2023-06-25,18,BTC-230929-35000-P,BTCUSDT,P,230929-35000,7440.0,7440.0,7440.0,7440.0,0.0,0.0,15.0,5790.0,5.71,1.5,,0.4480958,5151.0,0.3240479,-0.77526629,5.936e-05,46.69789937,-7.91924345,30.61,932282.58745281,2023-06-25 18:00:00+00:00,35000,30453.03
2023-06-25,19,BTC-230929-35000-P,BTCUSDT,P,230929-35000,7440.0,7440.0,7440.0,7440.0,0.0,0.0,15.0,5815.0,5.71,1.5,,0.4495728,5174.0,0.3247864,-0.77619493,5.915e-05,46.53942152,-7.91380596,30.61,930770.29535706,2023-06-25 19:00:00+00:00,35000,30429.78
2023-06-25,20,BTC-230929-35000-P,BTCUSDT,P,230929-35000,7440.0,7440.0,7440.0,7440.0,0.0,0.0,15.0,5870.0,5.71,1.5,,0.45284748,5223.0,0.32642374,-0.77807155,5.869e-05,46.22367867,-7.90318861,30.61,929663.51595397,2023-06-25 20:00:00+00:00,35000,30374.0
2023-06-25,21,BTC-230929-35000-P,BTCUSDT,P,230929-35000,7440.0,7440.0,7440.0,7440.0,0.0,0.0,15.0,5800.0,9.71,1.5,,0.4496789,5157.0,0.32483945,-0.77502376,5.93e-05,46.68940461,-7.94754164,30.61,931822.69070319,2023-06-25 21:00:00+00:00,35000,30451.52
2023-06-25,22,BTC-230929-35000-P,BTCUSDT,P,230929-35000,7440.0,7440.0,7440.0,7440.0,0.0,0.0,15.0,5740.0,9.71,1.5,,0.44546843,5106.0,0.32273421,-0.77374085,5.979e-05,46.91069135,-7.93692436,30.61,933718.65055706,2023-06-25 22:00:00+00:00,35000,30500.86
2023-06-25,23,BTC-230929-35000-P,BTCUSDT,P,230929-35000,7440.0,7440.0,7440.0,7440.0,0.0,0.0,15.0,5770.0,9.71,1.5,,0.44634581,5137.0,0.3231729,-0.77565225,5.951e-05,46.6185519,-7.90167007,30.61,932638.01328134,2023-06-25 23:00:00+00:00,35000,30462.66
2023-06-26,0,BTC-230929-35000-P,BTCUSDT,P,230929-35000,7440.0,7440.0,7440.0,7440.0,0.0,0.0,15.0,5740.0,9.71,1.5,,0.43253422,5156.0,0.31626711,-0.78561129,5.938e-05,45.30984269,-7.51902552,30.61,931158.47052185,2023-06-26 00:00:00+00:00,35000,30394.89
2023-06-26,1,BTC-230929-35000-P,BTCUSDT,P,230929-35000,7440.0,7440.0,7440.0,7440.0,0.0,0.0,15.0,5970.0,4.0,1.5,,0.44562578,5365.0,0.32281289,-0.79327168,5.739e-05,44.01003127,-7.45774472,30.61,923198.32993065,2023-06-26 01:00:00+00:00,35000,30172.74
2023-06-26,2,BTC-230929-35000-P,BTCUSDT,P,230929-35000,7440.0,7440.0,7440.0,7440.0,0.0,0.0,15.0,5970.0,4.0,1.5,,0.45263052,5339.0,0.32631526,-0.78727891,5.765e-05,44.82410461,-7.68146393,30.61,925135.13563414,2023-06-26 02:00:00+00:00,35000,30222.48
2023-06-26,3,BTC-230929-35000-P,BTCUSDT,P,230929-35000,7440.0,7440.0,7440.0,7440.0,0.0,0.0,15.0,5970.0,4.0,1.5,,0.46214104,5302.0,0.33107052,-0.77904703,5.795e-05,45.92049947,-7.98752455,30.61,927744.10666373,2023-06-26 03:00:00+00:00,35000,30296.36
2023-06-26,4,BTC-230929-35000-P,BTCUSDT,P,230929-35000,7440.0,7440.0,7440.0,7440.0,0.0,0.0,15.0,5970.0,4.0,1.5,,0.45563459,5328.0,0.3278173,-0.78486434,5.775e-05,45.1322677,-7.77668132,30.61,925822.11485493,2023-06-26 04:00:00+00:00,35000,30245.17
2023-06-26,5,BTC-230929-35000-P,BTCUSDT,P,230929-35000,7440.0,7440.0,7440.0,7440.0,0.0,0.0,15.0,5970.0,4.0,1.5,,0.45183897,5343.0,0.32591949,-0.78828523,5.761e-05,44.65829422,-7.65381585,30.61,924909.95030986,2023-06-26 05:00:00+00:00,35000,30215.05
2023-06-26,6,BTC-230929-35000-P,BTCUSDT,P,230929-35000,7440.0,7440.0,7440.0,7440.0,0.0,0.0,4390.0,5770.0,4.46,1.5,,0.44852734,5130.0,0.32426367,-0.77443411,5.956e-05,46.7085609,-7.96802496,30.61,932389.7930912,2023-06-26 06:00:00+00:00,35000,30483.97
2023-06-26,7,BTC-230929-35000-P,BTCUSDT,P,230929-35000,7440.0,7440.0,7440.0,7440.0,0.0,0.0,5440.0,6015.0,2.48,4.01,,0.48358202,5720.0,0.42988896,-0.70280556,5.192e-05,53.69823996,-12.14961996,30.61,930508.32421305,2023-06-26 07:00:00+00:00,35000,30404.29
2023-06-26,8,BTC-230929-35000-P,BTCUSDT,P,230929-35000,7440.0,7440.0,7440.0,7440.0,0.0,0.0,5330.0,5870.0,5.97,1.5,,0.4580164,5592.0,0.40635824,-0.71743979,5.365e-05,52.43619036,-11.21959221,30.61,930889.37162079,2023-06-26 08:00:00+00:00,35000,30405.75
2023-06-26,9,BTC-230929-35000-P,BTCUSDT,P,230929-35000,7440.0,7440.0,7440.0,7440.0,0.0,0.0,5390.0,5975.0,3.41,1.5,,0.45986891,5672.0,0.40257931,-0.72740769,5.347e-05,51.27813541,-10.8745463,30.61,926886.77101973,2023-06-26 09:00:00+00:00,35000,30268.0
2023-06-26,10,BTC-230929-35000-P,BTCUSDT,P,230929-35000,7440.0,7440.0,7440.0,7440.0,0.0,0.0,5325.0,5905.0,3.59,1.5,,0.44677734,5603.0,0.38889766,-0.73690889,5.438e-05,50.35590665,-10.32057536,30.61,926288.75589575,2023-06-26 10:00:00+00:00,35000,30267.99
2023-06-26,11,BTC-230929-35000-P,BTCUSDT,P,230929-35000,7440.0,7440.0,7440.0,7440.0,0.0,0.0,15.0,5880.0,4.0,1.5,,0.4499042,5250.0,0.3249521,-0.7831249,5.847e-05,45.39267882,-7.77703581,30.61,928471.81400319,2023-06-26 11:00:00+00:00,35000,30322.89
2023-06-26,12,BTC-230929-35000-P,BTCUSDT,P,230929-35000,7440.0,7440.0,7440.0,7440.0,0.0,0.0,5280.0,5850.0,2.94,1.5,,0.44865489,5554.0,0.39276183,-0.72935469,5.448e-05,51.21393366,-10.61004431,30.61,929052.47224825,2023-06-26 12:00:00+00:00,35000,30359.3
2023-06-26,13,BTC-230929-35000-P,BTCUSDT,P,230929-35000,7440.0,7440.0,7440.0,7440.0,0.0,0.0,4090.0,5660.0,3.86,1.5,,0.44987917,5003.0,0.32493958,-0.76428661,6.067e-05,48.058586,-8.24070452,30.61,936169.64371305,2023-06-26 13:00:00+00:00,35000,30639.14
2023-06-26,14,BTC-230929-35000-P,BTCUSDT,P,230929-35000,7440.0,7440.0,7440.0,7440.0,0.0,0.0,5395.0,5815.0,2.01,1.5,,0.44660568,5600.0,0.40632188,-0.71863889,5.364e-05,52.23348035,-11.20471809,30.61,930092.33431305,2023-06-26 14:00:00+00:00,35000,30394.56
2023-06-26,15,BTC-230929-35000-P,BTCUSDT,P,230929-35000,7440.0,7440.0,7440.0,7440.0,0.0,0.0,5215.0,5785.0,2.32,1.5,,0.4448688,5489.0,0.38912356,-0.7286467,5.499e-05,51.35110888,-10.55383299,30.61,931168.1177176,2023-06-26 15:00:00+00:00,35000,30419.62
2023-06-26,16,BTC-230929-35000-P,BTCUSDT,P,230929-35000,7440.0,7440.0,7440.0,7440.0,0.0,0.0,15.0,5990.0,7.47,1.5,,0.44061184,5411.0,0.32030592,-0.80075281,5.691e-05,42.80173236,-7.24419898,30.61,920868.13527147,2023-06-26 16:00:00+00:00,35000,30100.47
2023-06-26,17,BTC-230929-35000-P,BTCUSDT,P,230929-35000,7440.0,7440.0,7440.0,7440.0,0.0,0.0,4715.0,6050.0,4.46,1.5,,0.45095921,5440.0,0.3254796,-0.79680422,5.67e-05,43.28614529,-7.44780034,30.61,921544.84836935,2023-06-26 17:00:00+00:00,35000,30084.63
2023-06-26,18,BTC-230929-35000-P,BTCUSDT,P,230929-35000,7440.0,7440.0,7440.0,7440.0,0.0,0.0,15.0,5925.0,8.77,1.5,,0.44442415,5324.0,0.32221208,-0.79240641,5.777e-05,44.01612543,-7.50067453,30.61,924839.8567736,2023-06-26 18:00:00+00:00,35000,30213.36
2023-06-26,19,BTC-230929-35000-P,BTCUSDT,P,230929-35000,7440.0,7440.0,7440.0,7440.0,0.0,0.0,4595.0,5890.0,4.01,1.5,,0.44277906,5291.0,0.32138953,-0.79106587,5.809e-05,44.2273135,-7.52073749,30.61,927594.93505175,2023-06-26 19:00:00+00:00,35000,30243.97
2023-06-26,20,BTC-230929-35000-P,BTCUSDT,P,230929-35000,7440.0,7440.0,7440.0,7440.0,0.0,0.0,15.0,5975.0,8.57,1.5,,0.4471159,5370.0,0.32355795,-0.79436398,5.734e-05,43.67498371,-7.48022219,30.61,923774.53458907,2023-06-26 20:00:00+00:00,35000,30161.78
2023-06-26,21,BTC-230929-35000-P,BTCUSDT,P,230929-35000,7440.0,7440.0,7440.0,7440.0,0.0,0.0,15.0,6110.0,8.57,1.15,,0.47241211,5426.0,0.33620605,-0.78369017,5.685e-05,44.97975649,-8.00836608,30.61,923196.43951093,2023-06-26 21:00:00+00:00,35000,30158.07
2023-06-26,22,BTC-230929-35000-P,BTCUSDT,P,230929-35000,7440.0,7440.0,7440.0,7440.0,0.0,0.0,15.0,5890.0,8.57,1.5,,0.44002295,5302.0,0.32001147,-0.79378597,5.797e-05,43.82383172,-7.43000117,30.61,925219.79414825,2023-06-26 22:00:00+00:00,35000,30227.51
2023-06-26,23,BTC-230929-35000-P,BTCUSDT,P,230929-35000,7440.0,7440.0,7440.0,7440.0,0.0,0.0,15.0,5890.0,8.57,1.5,,0.44552565,5282.0,0.32276282,-0.78908163,5.818e-05,44.46069684,-7.60614396,30.61,926436.19854719,2023-06-26 23:00:00+00:00,35000,30267.99
2023-06-27,0,BTC-230929-35000-P,BTCUSDT,P,230929-35000,7440.0,7440.0,7440.0,7440.0,0.0,0.0,15.0,5830.0,8.57,1.5,,0.44576168,5213.0,0.32288084,-0.78395887,5.882e-05,45.2063334,-7.73995075,30.61,929386.82090562,2023-06-27 00:00:00+00:00,35000,30354.02
2023-06-27,1,BTC-230929-35000-P,BTCUSDT,P,230929-35000,7440.0,7440.0,7440.0,7440.0,0.0,0.0,15.0,5830.0,8.57,1.5,,0.44836998,5204.0,0.32418499,-0.78175249,5.89e-05,45.49162224,-7.82371315,30.61,929758.55412747,2023-06-27 01:00:00+00:00,35000,30373.77
2023-06-27,2,BTC-230929-35000-P,BTCUSDT,P,230929-35000,7440.0,7440.0,7440.0,7440.0,0.0,0.0,15.0,5890.0,8.57,1.16,,0.47309875,5176.0,0.33654938,-0.76498651,5.896e-05,47.59389917,-8.50120929,30.61,933101.21321973,2023-06-27 02:00:00+00:00,35000,30480.06
2023-06-27,3,BTC-230929-35000-P,BTCUSDT,P,230929-35000,7440.0,7440.0,7440.0,7440.0,0.0,0.0,15.0,5800.0,8.57,1.5,,0.44259787,5192.0,0.32129893,-0.78454853,5.902e-05,45.12908632,-7.69907549,30.61,929649.75225777,2023-06-27 03:00:00+00:00,35000,30371.57
2023-06-27,4,BTC-230929-35000-P,BTCUSDT,P,230929-35000,7440.0,7440.0,7440.0,7440.0,0.0,0.0,15.0,5805.0,8.57,1.5,,0.44115782,5204.0,0.32057891,-0.7863527,5.892e-05,44.87104381,-7.64127942,30.61,929423.33909048,2023-06-27 04:00:00+00:00,35000,30348.8
2023-06-27,5,BTC-230929-35000-P,BTCUSDT,P,230929-35000,7440.0,7440.0,7440.0,7440.0,0.0,0.0,15.0,5880.0,8.57,1.5,,0.45089722,5252.0,0.32544861,-0.78416671,5.846e-05,45.07779812,-7.7965482,30.61,927942.40208223,2023-06-27 05:00:00+00:00,35000,30317.9
2023-06-27,6,BTC-230929-35000-P,BTCUSDT,P,230929-35000,7440.0,7440.0,7440.0,7440.0,0.0,0.0,5275.0,5850.0,5.75,1.5,,0.44582367,5551.0,0.38847923,-0.73532778,5.475e-05,50.38107378,-10.40602489,30.61,928048.03539175,2023-06-27 06:00:00+00:00,35000,30320.14
2023-06-27,7,BTC-230929-35000-P,BTCUSDT,P,230929-35000,7440.0,7440.0,7440.0,7440.0,0.0,0.0,5310.0,5950.0,2.65,1.14,,0.47535419,5619.0,0.41416168,-0.71355476,5.325e-05,52.51888087,-11.56984185,30.61,930836.26428,2023-06-27 07:00:00+00:00,35000,30411.22
2023-06-27,8,BTC-230929-35000-P,BTCUSDT,P,230929-35000,7440.0,7440.0,7440.0,7440.0,0.0,0.0,5260.0,5830.0,3.99,1.5,,0.45179605,5535.0,0.39605498,-0.72623563,5.451e-05,51.34354389,-10.82121361,30.61,930382.90857301,2023-06-27 08:00:00+00:00,35000,30395.14
2023-06-27,9,BTC-230929-35000-P,BTCUSDT,P,230929-35000,7440.0,7440.0,7440.0,7440.0,0.0,0.0,5360.0,6125.0,3.45,1.5,,0.50308943,5729.0,0.43075681,-0.7050584,5.198e-05,53.16183233,-12.19156256,30.61,929574.99543524,2023-06-27 09:00:00+00:00,35000,30377.98
2023-06-27,10,BTC-230929-35000-P,BTCUSDT,P,230929-35000,7440.0,7440.0,7440.0,7440.0,0.0,0.0,5080.0,5630.0,5.58,1.5,,0.4481864,5347.0,0.39618015,-0.71192499,5.54e-05,53.05221154,-11.19479664,30.61,938337.32400603,2023-06-27 10:00:00+00:00,35000,30656.57
2023-06-27,11,BTC-230929-35000-P,BTCUSDT,P,230929-35000,7440.0,7440.0,7440.0,7440.0,0.0,0.0,5055.0,5575.0,3.55,1.5,,0.44767141,5308.0,0.39911509,-0.70586997,5.54e-05,53.69098405,-11.41858564,30.61,940777.68284825,2023-06-27 11:00:00+00:00,35000,30729.1
2023-06-27,12,BTC-230929-35000-P,BTCUSDT,P,230929-35000,7440.0,7440.0,7440.0,7440.0,0.0,0.0,5030.0,5575.0,3.82,1.5,,0.44561863,5294.0,0.39432526,-0.71001572,5.575e-05,53.29477673,-11.20327352,30.61,940129.14337651,2023-06-27 12:00:00+00:00,35000,30713.99
2023-06-27,13,BTC-230929-35000-P,BTCUSDT,P,230929-35000,7440.0,7440.0,7440.0,7440.0,0.0,0.0,5105.0,5665.0,5.38,1.5,,0.44861317,5376.0,0.39520502,-0.71552473,5.533e-05,52.61480118,-11.08993655,30.61,936796.94958,2023-06-27 13:00:00+00:00,35000,30610.41
2023-06-27,14,BTC-230929-35000-P,BTCUSDT,P,230929-35000,7440.0,7440.0,7440.0,7440.0,0.0,0.0,230.0,5535.0,5.16,1.5,,0.45011282,4869.0,0.32505641,-0.75549564,6.188e-05,49.02189976,-8.50238191,30.61,942877.83494825,2023-06-27 14:00:00+00:00,35000,30808.63
2023-06-27,15,BTC-230929-35000-P,BTCUSDT,P,230929-35000,7440.0,7440.0,7440.0,7440.0,0.0,0.0,5315.0,5710.0,4.21,1.5,,0.44372082,5508.0,0.40604711,-0.71436521,5.417e-05,52.51086438,-11.38178748,30.61,934159.22826127,2023-06-27 15:00:00+00:00,35000,30498.74
2023-06-27,16,BTC-230929-35000-P,BTCUSDT,P,230929-35000,7440.0,7440.0,7440.0,7440.0,0.0,0.0,230.0,5580.0,3.67,1.5,,0.44714689,4931.0,0.32357345,-0.76258028,6.139e-05,48.07723164,-8.30788341,30.61,939287.46200699,2023-06-27 16:00:00+00:00,35000,30710.65
2023-06-27,17,BTC-230929-35000-P,BTCUSDT,P,230929-35000,7440.0,7440.0,7440.0,7440.0,0.0,0.0,4120.0,5540.0,5.41,1.5,,0.44209719,4906.0,0.32104859,-0.76374169,6.169e-05,47.96311561,-8.22715347,30.61,941406.35462952,2023-06-27 17:00:00+00:00,35000,30733.2
2023-06-27,18,BTC-230929-35000-P,BTCUSDT,P,230929-35000,7440.0,7440.0,7440.0,7440.0,0.0,0.0,4085.0,5570.0,3.46,1.5,,0.44198751,4940.0,0.32099376,-0.7666615,6.138e-05,47.55310117,-8.15906284,30.61,939591.49493175,2023-06-27 18:00:00+00:00,35000,30686.32
2023-06-27,19,BTC-230929-35000-P,BTCUSDT,P,230929-35000,7440.0,7440.0,7440.0,7440.0,0.0,0.0,230.0,5585.0,5.96,1.5,,0.44039249,4964.0,0.32019625,-0.76958203,6.119e-05,47.15541864,-8.07432418,30.61,939092.10538603,2023-06-27 19:00:00+00:00,35000,30648.03
2023-06-27,20,BTC-230929-35000-P,BTCUSDT,P,230929-35000,7440.0,7440.0,7440.0,7440.0,0.0,0.0,230.0,5630.0,5.96,1.5,,0.448457,4984.0,0.3242285,-0.76631523,6.092e-05,47.51356059,-8.24177368,30.61,938192.06335048,2023-06-27 20:00:00+00:00,35000,30649.96
2023-06-27,21,BTC-230929-35000-P,BTCUSDT,P,230929-35000,7440.0,7440.0,7440.0,7440.0,0.0,0.0,230.0,5595.0,5.96,1.5,,0.4503417,4937.0,0.32517085,-0.76154379,6.131e-05,48.13860013,-8.37819855,30.61,940136.91831651,2023-06-27 21:00:00+00:00,35000,30717.42
2023-06-27,22,BTC-230929-35000-P,BTCUSDT,P,230929-35000,7440.0,7440.0,7440.0,7440.0,0.0,0.0,230.0,5655.0,5.96,1.5,,0.44544101,5024.0,0.3227205,-0.77150926,6.059e-05,46.80471097,-8.08826668,30.61,936552.67097651,2023-06-27 22:00:00+00:00,35000,30586.45
2023-06-27,23,BTC-230929-35000-P,BTCUSDT,P,230929-35000,7440.0,7440.0,7440.0,7440.0,0.0,0.0,230.0,5590.0,5.96,1.5,,0.44664383,4946.0,0.32332191,-0.76472145,6.128e-05,47.72528636,-8.26640842,30.61,939170.80189524,2023-06-27 23:00:00+00:00,35000,30692.44
2023-06-28,0,BTC-230929-35000-P,BTCUSDT,P,230929-35000,7440.0,7440.0,7440.0,7440.0,0.0,0.0,230.0,5670.0,5.96,1.5,,0.45146465,5018.0,0.32573233,-0.76757594,6.059e-05,47.2708144,-8.25241471,30.61,937106.96405873,2023-06-28 00:00:00+00:00,35000,30614.0
2023-06-28,1,BTC-230929-35000-P,BTCUSDT,P,230929-35000,7440.0,7440.0,7440.0,7440.0,0.0,0.0,230.0,5720.0,5.96,1.5,,0.44617176,5095.0,0.32308588,-0.77686518,5.994e-05,46.01280334,-7.97109127,30.61,933475.64574127,2023-06-28 01:00:00+00:00,35000,30498.42
2023-06-28,2,BTC-230929-35000-P,BTCUSDT,P,230929-35000,7440.0,7440.0,7440.0,7440.0,0.0,0.0,230.0,5745.0,5.96,1.5,,0.44089317,5143.0,0.32044659,-0.7838458,5.95e-05,45.0552159,-7.74490211,30.61,930917.97137301,2023-06-28 02:00:00+00:00,35000,30420.01
2023-06-28,3,BTC-230929-35000-P,BTCUSDT,P,230929-35000,7440.0,7440.0,7440.0,7440.0,0.0,0.0,230.0,5690.0,5.96,1.5,,0.43505907,5104.0,0.31752954,-0.7844615,5.99e-05,45.01986755,-7.67180815,30.61,932228.96526223,2023-06-28 03:00:00+00:00,35000,30452.75
2023-06-28,4,BTC-230929-35000-P,BTCUSDT,P,230929-35000,7440.0,7440.0,7440.0,7440.0,0.0,0.0,230.0,5690.0,5.96,1.5,,0.43879986,5090.0,0.31939993,-0.78121518,6.002e-05,45.44199872,-7.79284261,30.61,932959.14700603,2023-06-28 04:00:00+00:00,35000,30482.31
2023-06-28,5,BTC-230929-35000-P,BTCUSDT,P,230929-35000,7440.0,7440.0,7440.0,7440.0,0.0,0.0,230.0,5690.0,5.96,1.5,,0.43522596,5104.0,0.31761298,-0.78452551,5.99e-05,44.9916619,-7.67588225,30.61,932189.06664303,2023-06-28 05:00:00+00:00,35000,30452.53
2023-06-28,6,BTC-230929-35000-P,BTCUSDT,P,230929-35000,7440.0,7440.0,7440.0,7440.0,0.0,0.0,5325.0,5750.0,4.78,1.5,,0.43667316,5531.0,0.39470792,-0.7294707,5.467e-05,50.76051379,-10.76699018,30.61,929850.39289876,2023-06-28 06:00:00+00:00,35000,30375.09
2023-06-28,7,BTC-230929-35000-P,BTCUSDT,P,230929-35000,7440.0,7440.0,7440.0,7440.0,0.0,0.0,5405.0,6010.0,3.66,4.44,,0.4605794,5695.0,0.39945364,-0.73662521,5.365e-05,49.75247475,-10.68484122,30.61,923972.16624349,2023-06-28 07:00:00+00:00,35000,30186.13
2023-06-28,8,BTC-230929-35000-P,BTCUSDT,P,230929-35000,7440.0,7440.0,7440.0,7440.0,0.0,0.0,5285.0,5855.0,4.77,1.5,,0.4432869,5558.0,0.38528562,-0.74165858,5.492e-05,49.39639803,-10.23669347,30.61,926781.54998558,2023-06-28 08:00:00+00:00,35000,30278.0
2023-06-28,9,BTC-230929-35000-P,BTCUSDT,P,230929-35000,7440.0,7440.0,7440.0,7440.0,0.0,0.0,5350.0,0.0,2.62,0.0,,-1e-08,6270.0,0.52330408,-0.6603776,4.577e-05,56.00145132,-15.76992881,30.61,927791.77417041,2023-06-28 09:00:00+00:00,35000,30304.42
2023-06-28,10,BTC-230929-35000-P,BTCUSDT,P,230929-35000,7440.0,7440.0,7440.0,7440.0,0.0,0.0,5345.0,5955.0,3.14,1.16,,0.47020435,5639.0,0.41061044,-0.72125314,5.345e-05,51.40311062,-11.36293465,30.61,928504.50615599,2023-06-28 10:00:00+00:00,35000,30337.62
2023-06-28,11,BTC-230929-35000-P,BTCUSDT,P,230929-35000,7440.0,7440.0,7440.0,7440.0,0.0,0.0,5320.0,5955.0,5.86,1.16,,0.46704769,5625.0,0.40427268,-0.72685256,5.381e-05,50.83880356,-11.06969654,30.61,928114.32956798,2023-06-28 11:00:00+00:00,35000,30310.73
2023-06-28,12,BTC-230929-35000-P,BTCUSDT,P,230929-35000,7440.0,7440.0,7440.0,7440.0,0.0,0.0,5485.0,6135.0,5.55,1.16,,0.47361851,5795.0,0.40775537,-0.73578743,5.284e-05,49.63879636,-10.9064123,30.61,921413.25900668,2023-06-28 12:00:00+00:00,35000,30101.99
2023-06-28,13,BTC-230929-35000-P,BTCUSDT,P,230929-35000,7440.0,7440.0,7440.0,7440.0,0.0,0.0,5490.0,5915.0,2.44,1.5,,0.44495344,5696.0,0.40228367,-0.73435283,5.355e-05,49.92535073,-10.82703544,30.61,924263.17446479,2023-06-28 13:00:00+00:00,35000,30202.34
2023-06-28,14,BTC-230929-35000-P,BTCUSDT,P,230929-35000,7440.0,7440.0,7440.0,7440.0,0.0,0.0,5290.0,5840.0,4.36,1.5,,0.44603467,5554.0,0.39070547,-0.73617153,5.475e-05,49.92759667,-10.52061978,30.61,928951.9839912,2023-06-28 14:00:00+00:00,35000,30316.0
2023-06-28,15,BTC-230929-35000-P,BTCUSDT,P,230929-35000,7440.0,7440.0,7440.0,7440.0,0.0,0.0,5145.0,5710.0,5.28,1.5,,0.43460846,5415.0,0.37745833,-0.74012993,5.607e-05,49.69116344,-10.12032811,30.61,930811.35648558,2023-06-28 15:00:00+00:00,35000,30411.06
2023-06-28,16,BTC-230929-35000-P,BTCUSDT,P,230929-35000,7440.0,7440.0,7440.0,7440.0,0.0,0.0,230.0,5875.0,5.73,1.5,,0.44582248,5275.0,0.32291124,-0.79192488,5.823e-05,43.69557082,-7.61662032,30.61,927138.24394294,2023-06-28 16:00:00+00:00,35000,30258.0
2023-06-28,17,BTC-230929-35000-P,BTCUSDT,P,230929-35000,7440.0,7440.0,7440.0,7440.0,0.0,0.0,4710.0,5955.0,5.54,1.5,,0.44676542,5362.0,0.32338271,-0.7977658,5.739e-05,42.80089103,-7.47492338,30.61,922985.16996373,2023-06-28 17:00:00+00:00,35000,30155.23
2023-06-28,18,BTC-230929-35000-P,BTCUSDT,P,230929-35000,7440.0,7440.0,7440.0,7440.0,0.0,0.0,4710.0,5915.0,5.54,1.5,,0.44516563,5323.0,0.32258282,-0.79599301,5.776e-05,43.07751929,-7.50800493,30.61,924249.79688558,2023-06-28 18:00:00+00:00,35000,30198.15
2023-06-28,19,BTC-230929-35000-P,BTCUSDT,P,230929-35000,7440.0,7440.0,7440.0,7440.0,0.0,0.0,4580.0,5980.0,5.09,1.5,,0.44411659,5400.0,0.3220583,-0.80224435,5.698e-05,42.13115586,-7.33442518,30.61,921798.94500668,2023-06-28 19:00:00+00:00,35000,30100.0
2023-06-28,20,BTC-230929-35000-P,BTCUSDT,P,230929-35000,7440.0,7440.0,7440.0,7440.0,0.0,0.0,225.0,6120.0,4.86,1.17,,0.47221899,5453.0,0.3361095,-0.78977941,5.662e-05,43.69738976,-7.94255382,30.61,921370.36464188,2023-06-28 20:00:00+00:00,35000,30108.01
2023-06-28,21,BTC-230929-35000-P,BTCUSDT,P,230929-35000,7440.0,7440.0,7440.0,7440.0,0.0,0.0,225.0,5955.0,4.86,1.5,,0.44466734,5370.0,0.32233367,-0.79997962,5.728e-05,42.45524776,-7.4038345,30.61,922498.1312264,2023-06-28 21:00:00+00:00,35000,30134.38
2023-06-28,22,BTC-230929-35000-P,BTCUSDT,P,230929-35000,7440.0,7440.0,7440.0,7440.0,0.0,0.0,225.0,6140.0,4.86,1.17,,0.4761529,5461.0,0.33807645,-0.7882891,5.655e-05,43.85836922,-8.02569951,30.61,921556.53062534,2023-06-28 22:00:00+00:00,35000,30105.94
2023-06-28,23,BTC-230929-35000-P,BTCUSDT,P,230929-35000,7440.0,7440.0,7440.0,7440.0,0.0,0.0,225.0,6025.0,4.86,1.5,,0.45057774,5428.0,0.32528887,-0.80078383,5.676e-05,42.25341338,-7.4429043,30.61,920760.06178907,2023-06-28 23:00:00+00:00,35000,30077.41
2023-06-29,0,BTC-230929-35000-P,BTCUSDT,P,230929-35000,7440.0,7440.0,7440.0,7440.0,0.0,0.0,225.0,6160.0,4.86,1.14,,0.47640443,5483.0,0.33820221,-0.78991922,5.636e-05,43.59905356,-7.98842145,30.61,920462.80505175,2023-06-29 00:00:00+00:00,35000,30079.99
2023-06-29,1,BTC-230929-35000-P,BTCUSDT,P,230929-35000,7440.0,7440.0,7440.0,7440.0,0.0,0.0,225.0,5940.0,4.86,1.5,,0.44678926,5347.0,0.32339463,-0.79737507,5.753e-05,42.79500553,-7.50117702,30.61,923429.68434719,2023-06-29 01:00:00+00:00,35000,30168.77
2023-06-29,2,BTC-230929-35000-P,BTCUSDT,P,230929-35000,7440.0,7440.0,7440.0,7440.0,0.0,0.0,225.0,5975.0,4.86,1.5,,0.44686317,5386.0,0.32343159,-0.80024501,5.714e-05,42.35130043,-7.42760774,30.61,921929.82125706,2023-06-29 02:00:00+00:00,35000,30121.15
2023-06-29,3,BTC-230929-35000-P,BTCUSDT,P,230929-35000,7440.0,7440.0,7440.0,7440.0,0.0,0.0,225.0,5940.0,4.86,1.5,,0.44767141,5344.0,0.32383571,-0.79683233,5.756e-05,42.85115373,-7.52806433,30.61,923487.96107815,2023-06-29 03:00:00+00:00,35000,30176.0
2023-06-29,4,BTC-230929-35000-P,BTCUSDT,P,230929-35000,7440.0,7440.0,7440.0,7440.0,0.0,0.0,225.0,5905.0,4.86,1.5,,0.44755578,5305.0,0.32377789,-0.79417785,5.793e-05,43.2423027,-7.59886012,30.61,925098.59536692,2023-06-29 04:00:00+00:00,35000,30221.3
2023-06-29,5,BTC-230929-35000-P,BTCUSDT,P,230929-35000,7440.0,7440.0,7440.0,7440.0,0.0,0.0,225.0,5905.0,4.86,1.5,,0.4424715,5325.0,0.32123575,-0.7986575,5.772e-05,42.61500019,-7.4331909,30.61,923948.14038134,2023-06-29 05:00:00+00:00,35000,30183.0
2023-06-29,6,BTC-230929-35000-P,BTCUSDT,P,230929-35000,7440.0,7440.0,7440.0,7440.0,0.0,0.0,5280.0,5855.0,5.73,1.5,,0.44026136,5554.0,0.38050413,-0.74855814,5.517e-05,48.39886184,-10.00414553,30.61,925606.92991866,2023-06-29 06:00:00+00:00,35000,30235.56
2023-06-29,7,BTC-230929-35000-P,BTCUSDT,P,230929-35000,7440.0,7440.0,7440.0,7440.0,0.0,0.0,5310.0,5905.0,5.43,1.14,,0.46364307,5596.0,0.40472627,-0.72616925,5.401e-05,50.7220936,-11.15682664,30.61,928688.34779788,2023-06-29 07:00:00+00:00,35000,30340.29
2023-06-29,8,BTC-230929-35000-P,BTCUSDT,P,230929-35000,7440.0,7440.0,7440.0,7440.0,0.0,0.0,5210.0,5895.0,2.22,1.5,,0.4672575,5537.0,0.39920807,-0.72762699,5.455e-05,50.64662012,-10.99331411,30.61,929956.95738346,2023-06-29 08:00:00+00:00,35000,30383.98
2023-06-29,9,BTC-230929-35000-P,BTCUSDT,P,230929-35000,7440.0,7440.0,7440.0,7440.0,0.0,0.0,5170.0,5660.0,5.51,1.5,,0.43001413,5406.0,0.38059771,-0.73768287,5.606e-05,49.76681572,-10.30342724,30.61,931881.0448,2023-06-29 09:00:00+00:00,35000,30433.33
2023-06-29,10,BTC-230929-35000-P,BTCUSDT,P,230929-35000,7440.0,7440.0,7440.0,7440.0,0.0,0.0,4935.0,5470.0,4.46,1.5,,0.42916059,5193.0,0.37687182,-0.72533945,5.745e-05,51.36210004,-10.53438144,30.61,939568.01973308,2023-06-29 10:00:00+00:00,35000,30697.11
2023-06-29,11,BTC-230929-35000-P,BTCUSDT,P,230929-35000,7440.0,7440.0,7440.0,7440.0,0.0,0.0,4950.0,5490.0,2.37,1.5,,0.42903066,5210.0,0.3759402,-0.72781093,5.74e-05,51.07011872,-10.45334396,30.61,938692.64100774,2023-06-29 11:00:00+00:00,35000,30670.94
2023-06-29,12,BTC-230929-35000-P,BTCUSDT,P,230929-35000,7440.0,7440.0,7440.0,7440.0,0.0,0.0,4980.0,5520.0,2.68,1.5,,0.42917013,5240.0,0.37572324,-0.73048031,5.725e-05,50.73700572,-10.3838783,30.61,937562.37516692,2023-06-29 12:00:00+00:00,35000,30623.93
2023-06-29,13,BTC-230929-35000-P,BTCUSDT,P,230929-35000,7440.0,7440.0,7440.0,7440.0,0.0,0.0,5045.0,5700.0,4.68,1.5,,0.45357347,5359.0,0.38910687,-0.72525124,5.595e-05,51.0946694,-10.83448739,30.61,934251.1670088,2023-06-29 13:00:00+00:00,35000,30564.0
2023-06-29,14,BTC-230929-35000-P,BTCUSDT,P,230929-35000,7440.0,7440.0,7440.0,7440.0,0.0,0.0,5080.0,5630.0,4.7,1.5,,0.42744875,5343.0,0.37120581,-0.74362382,5.683e-05,49.15734825,-9.94865469,30.61,932317.69140425,2023-06-29 14:00:00+00:00,35000,30450.01
2023-06-29,15,BTC-230929-35000-P,BTCUSDT,P,230929-35000,7440.0,7440.0,7440.0,7440.0,0.0,0.0,5025.0,5570.0,2.33,1.5,,0.4191947,5285.0,0.36290407,-0.74850791,5.751e-05,48.68917543,-9.63790788,30.61,932948.33813414,2023-06-29 15:00:00+00:00,35000,30478.8
2023-06-29,16,BTC-230929-35000-P,BTCUSDT,P,230929-35000,7440.0,7440.0,7440.0,7440.0,0.0,0.0,4185.0,6730.0,5.63,1.5,,0.62883496,5528.0,0.41441748,-0.71187061,5.389e-05,52.15099419,-11.79387773,30.61,933690.1159824,2023-06-29 16:00:00+00:00,35000,30502.01
2023-06-29,17,BTC-230929-35000-P,BTCUSDT,P,230929-35000,7440.0,7440.0,7440.0,7440.0,0.0,0.0,4160.0,5525.0,4.42,1.5,,0.41953087,4987.0,0.30976543,-0.78826268,6.111e-05,44.30559479,-7.49281533,30.61,934823.85656267,2023-06-29 17:00:00+00:00,35000,30543.33
2023-06-29,18,BTC-230929-35000-P,BTCUSDT,P,230929-35000,7440.0,7440.0,7440.0,7440.0,0.0,0.0,4160.0,5495.0,4.42,1.5,,0.41724682,4962.0,0.30862341,-0.78783361,6.137e-05,44.38388444,-7.48178644,30.61,935783.63143065,2023-06-29 18:00:00+00:00,35000,30566.8
2023-06-29,19,BTC-230929-35000-P,BTCUSDT,P,230929-35000,7440.0,7440.0,7440.0,7440.0,0.0,0.0,4075.0,5510.0,3.37,1.5,,0.42416573,4953.0,0.31208286,-0.78297513,6.145e-05,45.00579177,-7.6751555,30.61,936776.33727678,2023-06-29 19:00:00+00:00,35000,30584.99
2023-06-29,20,BTC-230929-35000-P,BTCUSDT,P,230929-35000,7440.0,7440.0,7440.0,7440.0,0.0,0.0,230.0,5605.0,2.77,1.5,,0.41583061,5090.0,0.30791531,-0.79869156,5.998e-05,42.77090881,-7.1998993,30.61,930815.68561442,2023-06-29 20:00:00+00:00,35000,30398.98
2023-06-29,21,BTC-230929-35000-P,BTCUSDT,P,230929-35000,7440.0,7440.0,7440.0,7440.0,0.0,0.0,230.0,5575.0,2.77,1.5,,0.41244984,5069.0,0.30622492,-0.79927306,6.019e-05,42.71074577,-7.15356043,30.61,931082.44335493,2023-06-29 21:00:00+00:00,35000,30417.34
2023-06-29,22,BTC-230929-35000-P,BTCUSDT,P,230929-35000,7440.0,7440.0,7440.0,7440.0,0.0,0.0,230.0,5575.0,2.77,1.5,,0.41111231,5074.0,0.30555615,-0.80056037,6.012e-05,42.52188306,-7.109615,30.61,930467.55572959,2023-06-29 22:00:00+00:00,35000,30409.34
2023-06-29,23,BTC-230929-35000-P,BTCUSDT,P,230929-35000,7440.0,7440.0,7440.0,7440.0,0.0,0.0,230.0,5510.0,2.77,1.5,,0.40422082,5027.0,0.30211041,-0.80133104,6.06e-05,42.46973355,-7.02402207,30.61,931979.86128027,2023-06-29 23:00:00+00:00,35000,30447.31
2023-06-30,0,BTC-230929-35000-P,BTCUSDT,P,230929-35000,7440.0,7440.0,7440.0,7440.0,0.0,0.0,230.0,5555.0,2.77,1.5,,0.41213274,5049.0,0.30606637,-0.79818609,6.041e-05,42.8531371,-7.18351572,30.61,931752.19351866,2023-06-30 00:00:00+00:00,35000,30441.34
2023-06-30,1,BTC-230929-35000-P,BTCUSDT,P,230929-35000,7440.0,7440.0,7440.0,7440.0,0.0,0.0,230.0,5555.0,2.77,1.5,,0.40454388,5076.0,0.30227194,-0.80500299,6.003e-05,41.88909455,-6.93802531,30.61,930050.08242185,2023-06-30 01:00:00+00:00,35000,30384.53
2023-06-30,2,BTC-230929-35000-P,BTCUSDT,P,230929-35000,7440.0,7440.0,7440.0,7440.0,0.0,0.0,230.0,5355.0,2.77,1.5,,0.40421247,4855.0,0.30210624,-0.78832188,6.253e-05,44.38132598,-7.35013634,30.61,938489.22242079,2023-06-30 02:00:00+00:00,35000,30661.82
2023-06-30,3,BTC-230929-35000-P,BTCUSDT,P,230929-35000,7440.0,7440.0,7440.0,7440.0,0.0,0.0,230.0,5360.0,2.77,1.5,,0.41527271,4821.0,0.30763636,-0.77867612,6.287e-05,45.64208957,-7.7008214,30.61,940900.47976055,2023-06-30 03:00:00+00:00,35000,30745.05
2023-06-30,4,BTC-230929-35000-P,BTCUSDT,P,230929-35000,7440.0,7440.0,7440.0,7440.0,0.0,0.0,230.0,5360.0,2.77,3.3,,0.43308735,4755.0,0.31654367,-0.76217854,6.334e-05,47.72301614,-8.28884333,30.61,951653.75930562,2023-06-30 04:00:00+00:00,35000,30877.99
2023-06-30,5,BTC-230929-35000-P,BTCUSDT,P,230929-35000,7440.0,7440.0,7440.0,7440.0,0.0,0.0,230.0,5300.0,2.77,1.5,,0.40389061,4796.0,0.3019453,-0.78405581,6.319e-05,44.97637706,-7.45493366,30.61,940590.37355068,2023-06-30 05:00:00+00:00,35000,30736.63
2023-06-30,6,BTC-230929-35000-P,BTCUSDT,P,230929-35000,7440.0,7440.0,7440.0,7440.0,0.0,0.0,4030.0,6580.0,3.03,1.5,,0.62233686,5387.0,0.41116843,-0.70580685,5.472e-05,52.77589799,-11.91749958,30.61,938618.22170668,2023-06-30 06:00:00+00:00,35000,30665.99
2023-06-30,7,BTC-230929-35000-P,BTCUSDT,P,230929-35000,7440.0,7440.0,7440.0,7440.0,0.0,0.0,4860.0,5445.0,3.89,1.19,,0.43521643,5142.0,0.37822127,-0.72175385,5.776e-05,51.55661459,-10.71417909,30.61,942538.21903627,2023-06-30 07:00:00+00:00,35000,30765.09
2023-06-30,8,BTC-230929-35000-P,BTCUSDT,P,230929-35000,7440.0,7440.0,7440.0,7440.0,0.0,0.0,4210.0,5330.0,4.15,1.5,,0.42548537,4751.0,0.31274269,-0.76697292,6.349e-05,47.1155503,-8.0998856,30.61,944960.77852959,2023-06-30 08:00:00+00:00,35000,30854.0
2023-06-30,9,BTC-230929-35000-P,BTCUSDT,P,230929-35000,7440.0,7440.0,7440.0,7440.0,0.0,0.0,4835.0,5360.0,3.65,1.5,,0.42025805,5088.0,0.36849737,-0.72844477,5.859e-05,50.92549457,-10.32038834,30.61,941885.97711973,2023-06-30 09:00:00+00:00,35000,30768.83
2023-06-30,10,BTC-230929-35000-P,BTCUSDT,P,230929-35000,7440.0,7440.0,7440.0,7440.0,0.0,0.0,4805.0,5330.0,4.59,1.5,,0.42001963,5058.0,0.36854386,-0.72608561,5.877e-05,51.20037881,-10.38216397,30.61,943233.00548907,2023-06-30 10:00:00+00:00,35000,30811.52
2023-06-30,11,BTC-230929-35000-P,BTCUSDT,P,230929-35000,7440.0,7440.0,7440.0,7440.0,0.0,0.0,4765.0,5285.0,5.47,1.5,,0.42463541,5017.0,0.37472963,-0.71589631,5.866e-05,52.27705453,-10.78335357,30.61,946831.21771654,2023-06-30 11:00:00+00:00,35000,30910.01
2023-06-30,12,BTC-230929-35000-P,BTCUSDT,P,230929-35000,7440.0,7440.0,7440.0,7440.0,0.0,0.0,4825.0,5255.0,5.21,1.5,,0.43134689,5035.0,0.39133847,-0.69928248,5.751e-05,53.83456611,-11.60212974,30.61,948966.70412476,2023-06-30 12:00:00+00:00,35000,31010.11
2023-06-30,13,BTC-230929-35000-P,BTCUSDT,P,230929-35000,7440.0,7440.0,7440.0,7440.0,0.0,0.0,4500.0,5890.0,0.01,1.5,,0.43368816,5348.0,0.31684408,-0.8082907,5.734e-05,40.97901491,-7.15369515,30.61,918378.35079651,2023-06-30 13:00:00+00:00,35000,30135.62
2023-06-30,14,BTC-230929-35000-P,BTCUSDT,P,230929-35000,7440.0,7440.0,7440.0,7440.0,0.0,0.0,5265.0,5835.0,2.87,1.5,,0.41862011,5530.0,0.35405159,-0.77876189,5.593e-05,44.5589778,-8.6961001,30.61,921447.91439397,2023-06-30 14:00:00+00:00,35000,30092.5
2023-06-30,15,BTC-230929-35000-P,BTCUSDT,P,230929-35000,7440.0,7440.0,7440.0,7440.0,0.0,0.0,4730.0,5905.0,2.11,1.5,,0.42908669,5382.0,0.31454334,-0.81354896,5.691e-05,40.19244487,-6.97183695,30.61,920208.68835048,2023-06-30 15:00:00+00:00,35000,30067.72
2023-06-30,16,BTC-230929-35000-P,BTCUSDT,P,230929-35000,7440.0,7440.0,7440.0,7440.0,0.0,0.0,4500.0,5715.0,0.01,1.5,,0.43854713,5135.0,0.31927357,-0.79005998,5.959e-05,43.64571483,-7.68823243,30.61,931073.81588603,2023-06-30 16:00:00+00:00,35000,30400.53
2023-06-30,17,BTC-230929-35000-P,BTCUSDT,P,230929-35000,7440.0,7440.0,7440.0,7440.0,0.0,0.0,4500.0,5715.0,0.01,1.5,,0.44473171,5113.0,0.32236586,-0.78472018,5.981e-05,44.3469798,-7.89104892,30.61,932337.12299651,2023-06-30 17:00:00+00:00,35000,30455.8
2023-06-30,18,BTC-230929-35000-P,BTCUSDT,P,230929-35000,7440.0,7440.0,7440.0,7440.0,0.0,0.0,4500.0,5775.0,0.01,1.5,,0.44461012,5181.0,0.32230506,-0.79003127,5.914e-05,43.56931037,-7.75477628,30.61,928483.74173301,2023-06-30 18:00:00+00:00,35000,30359.99
2023-06-30,19,BTC-230929-35000-P,BTCUSDT,P,230929-35000,7440.0,7440.0,7440.0,7440.0,0.0,0.0,4500.0,5745.0,0.01,1.5,,0.44224739,5156.0,0.3211237,-0.78967705,5.938e-05,43.63736699,-7.74198384,30.61,931902.50421048,2023-06-30 19:00:00+00:00,35000,30372.36
2023-06-30,20,BTC-230929-35000-P,BTCUSDT,P,230929-35000,7440.0,7440.0,7440.0,7440.0,0.0,0.0,4500.0,5735.0,0.01,1.5,,0.44276476,5143.0,0.32138238,-0.78848613,5.951e-05,43.79698369,-7.78014392,30.61,930365.56890825,2023-06-30 20:00:00+00:00,35000,30397.54
2023-06-30,21,BTC-230929-35000-P,BTCUSDT,P,230929-35000,7440.0,7440.0,7440.0,7440.0,0.0,0.0,4500.0,5655.0,0.01,1.5,,0.43863058,5069.0,0.31931529,-0.78541128,6.025e-05,44.27675567,-7.81838238,30.61,932818.45624349,2023-06-30 21:00:00+00:00,35000,30479.56
2023-06-30,22,BTC-230929-35000-P,BTCUSDT,P,230929-35000,7440.0,7440.0,7440.0,7440.0,0.0,0.0,4500.0,5655.0,0.01,1.5,,0.43840885,5070.0,0.31920443,-0.78571716,6.024e-05,44.22633757,-7.8103684,30.61,932705.39730825,2023-06-30 22:00:00+00:00,35000,30476.68
2023-06-30,23,BTC-230929-35000-P,BTCUSDT,P,230929-35000,7440.0,7440.0,7440.0,7440.0,0.0,0.0,4500.0,5655.0,0.01,1.5,,0.43792486,5072.0,0.31896243,-0.78625698,6.022e-05,44.14488151,-7.79366619,30.61,932740.18107175,2023-06-30 23:00:00+00:00,35000,30472.0
2023-07-01,0,BTC-230929-35000-P,BTCUSDT,P,230929-35000,7440.0,7440.0,7440.0,7440.0,0.0,0.0,4500.0,5635.0,0.01,1.5,,0.4341352,5064.0,0.3170676,-0.78801093,6.031e-05,43.92205973,-7.71181924,30.61,932824.00925777,2023-07-01 00:00:00+00:00,35000,30469.83
2023-07-01,1,BTC-230929-35000-P,BTCUSDT,P,230929-35000,7440.0,7440.0,7440.0,7440.0,0.0,0.0,4500.0,5665.0,0.01,1.5,,0.43661356,5089.0,0.31830678,-0.78849308,6.005e-05,43.81756373,-7.72710572,30.61,931957.32492,2023-07-01 01:00:00+00:00,35000,30447.78
2023-07-01,2,BTC-230929-35000-P,BTCUSDT,P,230929-35000,7440.0,7440.0,7440.0,7440.0,0.0,0.0,4500.0,5665.0,0.01,1.5,,0.43341875,5101.0,0.31670938,-0.7914208,5.993e-05,43.41527891,-7.62126047,30.61,931064.78773651,2023-07-01 02:00:00+00:00,35000,30420.85
2023-07-01,3,BTC-230929-35000-P,BTCUSDT,P,230929-35000,7440.0,7440.0,7440.0,7440.0,0.0,0.0,4500.0,5705.0,0.01,1.5,,0.43779373,5130.0,0.31889687,-0.79107228,5.964e-05,43.4120915,-7.67688252,30.61,930482.85202349,2023-07-01 03:00:00+00:00,35000,30398.01
2023-07-01,4,BTC-230929-35000-P,BTCUSDT,P,230929-35000,7440.0,7440.0,7440.0,7440.0,0.0,0.0,4500.0,5725.0,0.01,1.5,,0.4404664,5143.0,0.3202332,-0.79052937,5.951e-05,43.45505648,-7.7202497,30.61,930169.00949397,2023-07-01 04:00:00+00:00,35000,30389.15
2023-07-01,5,BTC-230929-35000-P,BTCUSDT,P,230929-35000,7440.0,7440.0,7440.0,7440.0,0.0,0.0,4500.0,5725.0,0.01,1.5,,0.44602871,5122.0,0.32301435,-0.78575728,5.971e-05,44.08046237,-7.90302698,30.61,931440.59210825,2023-07-01 05:00:00+00:00,35000,30429.36
2023-07-01,6,BTC-230929-35000-P,BTCUSDT,P,230929-35000,7440.0,7440.0,7440.0,7440.0,0.0,0.0,4500.0,5695.0,0.01,1.5,,0.44325829,5099.0,0.32162914,-0.7857411,5.995e-05,44.10302783,-7.87680632,30.61,932153.86272699,2023-07-01 06:00:00+00:00,35000,30450.26
2023-07-01,7,BTC-230929-35000-P,BTCUSDT,P,230929-35000,7440.0,7440.0,7440.0,7440.0,0.0,0.0,4500.0,5845.0,0.01,1.19,,0.47244072,5159.0,0.33622036,-0.77309707,5.926e-05,45.57623506,-8.51314232,30.61,932308.76733301,2023-07-01 07:00:00+00:00,35000,30459.88
2023-07-01,8,BTC-230929-35000-P,BTCUSDT,P,230929-35000,7440.0,7440.0,7440.0,7440.0,0.0,0.0,4500.0,5665.0,0.01,1.5,,0.43635845,5092.0,0.31817923,-0.78948314,6.002e-05,43.61629944,-7.71345916,30.61,931770.02413048,2023-07-01 08:00:00+00:00,35000,30441.7
2023-07-01,9,BTC-230929-35000-P,BTCUSDT,P,230929-35000,7440.0,7440.0,7440.0,7440.0,0.0,0.0,4500.0,5665.0,0.01,1.5,,0.43671131,5091.0,0.31835566,-0.78928146,6.003e-05,43.63337905,-7.72433617,30.61,931861.35356699,2023-07-01 09:00:00+00:00,35000,30441.23
2023-07-01,10,BTC-230929-35000-P,BTCUSDT,P,230929-35000,7440.0,7440.0,7440.0,7440.0,0.0,0.0,4500.0,5665.0,0.01,1.5,,0.44041514,5077.0,0.32020757,-0.78612019,6.017e-05,44.04343364,-7.84591885,30.61,932573.90395048,2023-07-01 10:00:00+00:00,35000,30469.98
2023-07-01,11,BTC-230929-35000-P,BTCUSDT,P,230929-35000,7440.0,7440.0,7440.0,7440.0,0.0,0.0,4500.0,5605.0,0.01,1.5,,0.43637753,5025.0,0.31818876,-0.7846365,6.07e-05,44.28972885,-7.84368768,30.61,934333.82770127,2023-07-01 11:00:00+00:00,35000,30523.02
2023-07-01,12,BTC-230929-35000-P,BTCUSDT,P,230929-35000,7440.0,7440.0,7440.0,7440.0,0.0,0.0,4500.0,5575.0,0.01,1.5,,0.43646336,4991.0,0.31823168,-0.7820567,6.104e-05,44.64803472,-7.91187963,30.61,935662.94631175,2023-07-01 12:00:00+00:00,35000,30564.01
2023-07-01,13,BTC-230929-35000-P,BTCUSDT,P,230929-35000,7440.0,7440.0,7440.0,7440.0,0.0,0.0,4500.0,5575.0,0.01,1.5,,0.43627739,4992.0,0.31813869,-0.78233377,6.103e-05,44.6017683,-7.90503984,30.61,935608.34167301,2023-07-01 13:00:00+00:00,35000,30565.26
2023-07-01,14,BTC-230929-35000-P,BTCUSDT,P,230929-35000,7440.0,7440.0,7440.0,7440.0,0.0,0.0,4500.0,5510.0,0.01,1.5,,0.43022156,4942.0,0.31511078,-0.78218604,6.156e-05,44.67670047,-7.84659994,30.61,937033.92139651,2023-07-01 14:00:00+00:00,35000,30608.52
2023-07-01,15,BTC-230929-35000-P,BTCUSDT,P,230929-35000,7440.0,7440.0,7440.0,7440.0,0.0,0.0,4500.0,5545.0,0.01,1.5,,0.43200612,4975.0,0.31600306,-0.78376211,6.122e-05,44.42502085,-7.8281268,30.61,935830.37941048,2023-07-01 15:00:00+00:00,35000,30572.58
2023-07-01,16,BTC-230929-35000-P,BTCUSDT,P,230929-35000,7440.0,7440.0,7440.0,7440.0,0.0,0.0,4500.0,5545.0,0.01,1.5,,0.43201685,4975.0,0.31600842,-0.78386302,6.122e-05,44.40171071,-7.82778959,30.61,935829.48271777,2023-07-01 16:00:00+00:00,35000,30572.0
2023-07-01,17,BTC-230929-35000-P,BTCUSDT,P,230929-35000,7440.0,7440.0,7440.0,7440.0,0.0,0.0,4500.0,5545.0,0.01,1.5,,0.4322648,4975.0,0.3161324,-0.78375095,6.123e-05,44.40633038,-7.83531699,30.61,935871.89377301,2023-07-01 17:00:00+00:00,35000,30573.86
2023-07-01,18,BTC-230929-35000-P,BTCUSDT,P,230929-35000,7440.0,7440.0,7440.0,7440.0,0.0,0.0,4500.0,5515.0,0.01,1.5,,0.43140888,4944.0,0.31570444,-0.7819979,6.154e-05,44.65564866,-7.8723042,30.61,936953.35947777,2023-07-01 18:00:00+00:00,35000,30608.87
2023-07-01,19,BTC-230929-35000-P,BTCUSDT,P,230929-35000,7440.0,7440.0,7440.0,7440.0,0.0,0.0,4500.0,5515.0,0.01,1.5,,0.43174982,4943.0,0.31587491,-0.78180172,6.155e-05,44.67105624,-7.88294082,30.61,937213.68492349,2023-07-01 19:00:00+00:00,35000,30609.51
2023-07-01,20,BTC-230929-35000-P,BTCUSDT,P,230929-35000,7440.0,7440.0,7440.0,7440.0,0.0,0.0,4500.0,5515.0,0.01,1.5,,0.42816877,4957.0,0.31408439,-0.78513577,6.142e-05,44.2245105,-7.76351735,30.61,936109.62543777,2023-07-01 20:00:00+00:00,35000,30582.58
2023-07-01,21,BTC-230929-35000-P,BTCUSDT,P,230929-35000,7440.0,7440.0,7440.0,7440.0,0.0,0.0,4500.0,5515.0,0.01,1.5,,0.42864084,4955.0,0.31432042,-0.78482112,6.143e-05,44.2558371,-7.77847804,30.61,936257.74182603,2023-07-01 21:00:00+00:00,35000,30584.65
2023-07-01,22,BTC-230929-35000-P,BTCUSDT,P,230929-35000,7440.0,7440.0,7440.0,7440.0,0.0,0.0,4500.0,5545.0,0.01,1.5,,0.43318391,4973.0,0.31659195,-0.78347975,6.125e-05,44.39139102,-7.86235268,30.61,935801.31071397,2023-07-01 22:00:00+00:00,35000,30577.64
2023-07-01,23,BTC-230929-35000-P,BTCUSDT,P,230929-35000,7440.0,7440.0,7440.0,7440.0,0.0,0.0,4500.0,5545.0,0.01,1.5,,0.43457031,4968.0,0.31728516,-0.78234652,6.129e-05,44.52923001,-7.90772017,30.61,936267.34976476,2023-07-01 23:00:00+00:00,35000,30585.9
2023-07-02,0,BTC-230929-35000-P,BTCUSDT,P,230929-35000,7440.0,7440.0,7440.0,7440.0,0.0,0.0,4500.0,5610.0,0.01,1.5,,0.44533968,5001.0,0.32266984,-0.77852125,6.091e-05,44.94854767,-8.1214403,30.61,935859.62816603,2023-07-02 00:00:00+00:00,35000,30575.77
2023-07-02,1,BTC-230929-35000-P,BTCUSDT,P,230929-35000,7440.0,7440.0,7440.0,7440.0,0.0,0.0,4500.0,5610.0,0.01,1.5,,0.44430971,5005.0,0.32215486,-0.77955444,6.088e-05,44.80521879,-8.08639604,30.61,935547.29452952,2023-07-02 01:00:00+00:00,35000,30567.56
2023-07-02,2,BTC-230929-35000-P,BTCUSDT,P,230929-35000,7440.0,7440.0,7440.0,7440.0,0.0,0.0,4500.0,5650.0,0.01,1.5,,0.4489398,5033.0,0.3244699,-0.77904534,6.059e-05,44.82012597,-8.15102097,30.61,935177.06117777,2023-07-02 02:00:00+00:00,35000,30542.0
2023-07-02,3,BTC-230929-35000-P,BTCUSDT,P,230929-35000,7440.0,7440.0,7440.0,7440.0,0.0,0.0,4500.0,5650.0,0.01,1.5,,0.44467688,5049.0,0.32233844,-0.78294274,6.044e-05,44.30506711,-8.00816315,30.61,933988.75216825,2023-07-02 03:00:00+00:00,35000,30509.31
2023-07-02,4,BTC-230929-35000-P,BTCUSDT,P,230929-35000,7440.0,7440.0,7440.0,7440.0,0.0,0.0,4500.0,5620.0,0.01,1.5,,0.44155121,5027.0,0.3207756,-0.78322263,6.067e-05,44.2887304,-7.97012197,30.61,934507.13431873,2023-07-02 04:00:00+00:00,35000,30527.67
2023-07-02,5,BTC-230929-35000-P,BTCUSDT,P,230929-35000,7440.0,7440.0,7440.0,7440.0,0.0,0.0,4500.0,5650.0,0.01,1.5,,0.44131517,5062.0,0.32065759,-0.78614087,6.032e-05,43.86605723,-7.89484503,30.61,933328.22077873,2023-07-02 05:00:00+00:00,35000,30481.27
2023-07-02,6,BTC-230929-35000-P,BTCUSDT,P,230929-35000,7440.0,7440.0,7440.0,7440.0,0.0,0.0,4500.0,5650.0,0.01,1.5,,0.4410696,5063.0,0.3205348,-0.78646833,6.031e-05,43.81293941,-7.88595415,30.61,932978.44571048,2023-07-02 06:00:00+00:00,35000,30480.0
2023-07-02,7,BTC-230929-35000-P,BTCUSDT,P,230929-35000,7440.0,7440.0,7440.0,7440.0,0.0,0.0,4500.0,5770.0,0.01,1.15,,0.46803474,5098.0,0.33401737,-0.77320886,5.986e-05,45.39069205,-8.51757175,30.61,933978.35557175,2023-07-02 07:00:00+00:00,35000,30513.01
2023-07-02,8,BTC-230929-35000-P,BTCUSDT,P,230929-35000,7440.0,7440.0,7440.0,7440.0,0.0,0.0,4500.0,5620.0,0.01,1.5,,0.4362607,5048.0,0.31813035,-0.78835697,6.047e-05,43.57357707,-7.79133051,30.61,933338.89106476,2023-07-02 08:00:00+00:00,35000,30484.01
2023-07-02,9,BTC-230929-35000-P,BTCUSDT,P,230929-35000,7440.0,7440.0,7440.0,7440.0,0.0,0.0,4500.0,5560.0,0.01,1.5,,0.42930841,5006.0,0.31465421,-0.78945811,6.09e-05,43.47755241,-7.69281706,30.61,934211.24005301,2023-07-02 09:00:00+00:00,35000,30516.81
2023-07-02,10,BTC-230929-35000-P,BTCUSDT,P,230929-35000,7440.0,7440.0,7440.0,7440.0,0.0,0.0,4500.0,5560.0,0.01,1.5,,0.42834163,5010.0,0.31417081,-0.790426,6.086e-05,43.33872343,-7.66006201,30.61,933940.33074952,2023-07-02 10:00:00+00:00,35000,30509.99
2023-07-02,11,BTC-230929-35000-P,BTCUSDT,P,230929-35000,7440.0,7440.0,7440.0,7440.0,0.0,0.0,4500.0,5560.0,0.01,1.5,,0.43295622,4994.0,0.31647811,-0.78643334,6.103e-05,43.85780394,-7.81240135,30.61,934962.94242699,2023-07-02 11:00:00+00:00,35000,30544.74
2023-07-02,12,BTC-230929-35000-P,BTCUSDT,P,230929-35000,7440.0,7440.0,7440.0,7440.0,0.0,0.0,4500.0,5560.0,0.01,1.5,,0.43071032,5002.0,0.31535516,-0.78854247,6.094e-05,43.56922554,-7.73708768,30.61,934494.01883397,2023-07-02 12:00:00+00:00,35000,30525.99
2023-07-02,13,BTC-230929-35000-P,BTCUSDT,P,230929-35000,7440.0,7440.0,7440.0,7440.0,0.0,0.0,4500.0,5560.0,0.01,1.5,,0.42964458,5006.0,0.31482229,-0.78959973,6.09e-05,43.41894111,-7.70098523,30.61,934201.79416699,2023-07-02 13:00:00+00:00,35000,30517.96
2023-07-02,14,BTC-230929-35000-P,BTCUSDT,P,230929-35000,7440.0,7440.0,7440.0,7440.0,0.0,0.0,4500.0,5500.0,0.01,1.5,,0.42822123,4945.0,0.31411061,-0.78576303,6.155e-05,43.97591535,-7.7857961,30.61,936479.34742223,2023-07-02 14:00:00+00:00,35000,30590.23
2023-07-02,15,BTC-230929-35000-P,BTCUSDT,P,230929-35000,7440.0,7440.0,7440.0,7440.0,0.0,0.0,4500.0,5605.0,0.01,1.5,,0.43586731,5034.0,0.31793365,-0.78818919,6.061e-05,43.54100101,-7.80628634,30.61,933285.64767048,2023-07-02 15:00:00+00:00,35000,30498.01
2023-07-02,16,BTC-230929-35000-P,BTCUSDT,P,230929-35000,7440.0,7440.0,7440.0,7440.0,0.0,0.0,4500.0,5520.0,0.01,1.5,,0.42843103,4967.0,0.31421552,-0.78754392,6.132e-05,43.70129222,-7.74703658,30.61,935624.62259175,2023-07-02 16:00:00+00:00,35000,30561.58
2023-07-02,17,BTC-230929-35000-P,BTCUSDT,P,230929-35000,7440.0,7440.0,7440.0,7440.0,0.0,0.0,4500.0,5610.0,0.01,1.5,,0.42930365,5064.0,0.31465182,-0.79461863,6.028e-05,42.65754461,-7.57607098,30.61,932016.12132825,2023-07-02 17:00:00+00:00,35000,30441.2
2023-07-02,18,BTC-230929-35000-P,BTCUSDT,P,230929-35000,7440.0,7440.0,7440.0,7440.0,0.0,0.0,4500.0,5580.0,0.01,1.5,,0.43433785,5013.0,0.31716893,-0.78771749,6.083e-05,43.59832865,-7.80877073,30.61,934237.58265873,2023-07-02 18:00:00+00:00,35000,30523.07
2023-07-02,19,BTC-230929-35000-P,BTCUSDT,P,230929-35000,7440.0,7440.0,7440.0,7440.0,0.0,0.0,4500.0,5550.0,0.01,1.5,,0.43377638,4982.0,0.31688819,-0.78572275,6.116e-05,43.88068277,-7.85608378,30.61,935394.87833651,2023-07-02 19:00:00+00:00,35000,30557.74
2023-07-02,20,BTC-230929-35000-P,BTCUSDT,P,230929-35000,7440.0,7440.0,7440.0,7440.0,0.0,0.0,4500.0,5520.0,0.01,1.5,,0.43226957,4954.0,0.31613479,-0.78455644,6.145e-05,44.05327568,-7.87193741,30.61,936372.92545524,2023-07-02 20:00:00+00:00,35000,30588.47
2023-07-02,21,BTC-230929-35000-P,BTCUSDT,P,230929-35000,7440.0,7440.0,7440.0,7440.0,0.0,0.0,4500.0,5520.0,0.01,1.5,,0.42805791,4969.0,0.31402895,-0.78842985,6.129e-05,43.53414504,-7.73099732,30.61,935250.30190476,2023-07-02 21:00:00+00:00,35000,30557.44
2023-07-02,22,BTC-230929-35000-P,BTCUSDT,P,230929-35000,7440.0,7440.0,7440.0,7440.0,0.0,0.0,4500.0,5455.0,0.01,1.5,,0.42844772,4912.0,0.31791329,-0.77927379,6.187e-05,44.74323808,-8.04778972,30.61,938267.67005048,2023-07-02 22:00:00+00:00,35000,30651.29
2023-07-02,23,BTC-230929-35000-P,BTCUSDT,P,230929-35000,7440.0,7440.0,7440.0,7440.0,0.0,0.0,4500.0,5480.0,0.01,1.5,,0.42885065,4922.0,0.31442533,-0.78443848,6.179e-05,44.07868937,-7.84483853,30.61,937178.15931777,2023-07-02 23:00:00+00:00,35000,30617.03
2023-07-03,0,BTC-230929-35000-P,BTCUSDT,P,230929-35000,7440.0,7440.0,7440.0,7440.0,0.0,0.0,4500.0,5490.0,0.01,1.5,,0.4332602,4923.0,0.31778872,-0.78046676,6.176e-05,44.56085586,-8.0194066,30.61,937458.13638349,2023-07-03 00:00:00+00:00,35000,30637.99
2023-07-03,1,BTC-230929-35000-P,BTCUSDT,P,230929-35000,7440.0,7440.0,7440.0,7440.0,0.0,0.0,4500.0,5465.0,0.01,1.5,,0.43202162,4919.0,0.32141089,-0.77582952,6.176e-05,45.12329044,-8.21706246,30.61,938698.18709651,2023-07-03 01:00:00+00:00,35000,30660.86
2023-07-03,2,BTC-230929-35000-P,BTCUSDT,P,230929-35000,7440.0,7440.0,7440.0,7440.0,0.0,0.0,4500.0,5400.0,0.01,1.5,,0.43203115,4906.0,0.33424973,-0.75949496,6.159e-05,47.05518062,-8.91535923,30.61,941420.91778699,2023-07-03 02:00:00+00:00,35000,30755.0
2023-07-03,3,BTC-230929-35000-P,BTCUSDT,P,230929-35000,7440.0,7440.0,7440.0,7440.0,0.0,0.0,4500.0,5405.0,0.01,1.5,,0.43350577,4909.0,0.33542335,-0.75840694,6.153e-05,47.16476344,-8.97173468,30.61,941721.33513048,2023-07-03 03:00:00+00:00,35000,30756.65
2023-07-03,4,BTC-230929-35000-P,BTCUSDT,P,230929-35000,7440.0,7440.0,7440.0,7440.0,0.0,0.0,4500.0,5510.0,0.01,1.5,,0.44311285,4942.0,0.32967567,-0.76800942,6.139e-05,45.99533948,-8.60342841,30.61,939163.65356,2023-07-03 04:00:00+00:00,35000,30679.99
2023-07-03,5,BTC-230929-35000-P,BTCUSDT,P,230929-35000,7440.0,7440.0,7440.0,7440.0,0.0,0.0,4500.0,5480.0,0.01,1.5,,0.43695927,4928.0,0.32593727,-0.7714721,6.16e-05,45.59249031,-8.43535852,30.61,938921.48944051,2023-07-03 05:00:00+00:00,35000,30673.62
2023-07-03,6,BTC-230929-35000-P,BTCUSDT,P,230929-35000,7440.0,7440.0,7440.0,7440.0,0.0,0.0,4980.0,5510.0,3.28,1.5,,0.43944597,5236.0,0.3862536,-0.72732739,5.715e-05,50.01759889,-10.97177938,30.61,938096.37839014,2023-07-03 06:00:00+00:00,35000,30651.25
2023-07-03,7,BTC-230929-35000-P,BTCUSDT,P,230929-35000,7440.0,7440.0,7440.0,7440.0,0.0,0.0,4875.0,5655.0,2.97,1.16,,0.46900034,5246.0,0.39099574,-0.72314334,5.686e-05,50.41242351,-11.19945471,30.61,938601.55775706,2023-07-03 07:00:00+00:00,35000,30667.19
2023-07-03,8,BTC-230929-35000-P,BTCUSDT,P,230929-35000,7440.0,7440.0,7440.0,7440.0,0.0,0.0,4500.0,5500.0,0.01,1.5,,0.43661594,4928.0,0.32047033,-0.77838269,6.168e-05,44.72503446,-8.14763324,30.61,937956.16104401,2023-07-03 08:00:00+00:00,35000,30640.12
2023-07-03,9,BTC-230929-35000-P,BTCUSDT,P,230929-35000,7440.0,7440.0,7440.0,7440.0,0.0,0.0,5020.0,5565.0,3.68,1.5,,0.44524193,5283.0,0.39048433,-0.72677692,5.669e-05,49.97072891,-11.09731802,30.61,936892.07335068,2023-07-03 09:00:00+00:00,35000,30610.61
2023-07-03,10,BTC-230929-35000-P,BTCUSDT,P,230929-35000,7440.0,7440.0,7440.0,7440.0,0.0,0.0,5020.0,5505.0,3.68,1.5,,0.43822765,5255.0,0.38969159,-0.72553696,5.689e-05,50.1238261,-11.11398633,30.61,938253.05449788,2023-07-03 10:00:00+00:00,35000,30640.09
2023-07-03,11,BTC-230929-35000-P,BTCUSDT,P,230929-35000,7440.0,7440.0,7440.0,7440.0,0.0,0.0,5020.0,5505.0,3.68,1.5,,0.43586016,5254.0,0.38701534,-0.72848139,5.703e-05,49.81436151,-10.97471562,30.61,938101.66954719,2023-07-03 11:00:00+00:00,35000,30625.22
2023-07-03,12,BTC-230929-35000-P,BTCUSDT,P,230929-35000,7440.0,7440.0,7440.0,7440.0,0.0,0.0,4995.0,5535.0,2.41,1.5,,0.44492483,5256.0,0.39093375,-0.7244744,5.683e-05,50.20558033,-11.17819837,30.61,938145.16265706,2023-07-03 12:00:00+00:00,35000,30653.06
2023-07-03,13,BTC-230929-35000-P,BTCUSDT,P,230929-35000,7440.0,7440.0,7440.0,7440.0,0.0,0.0,4995.0,5530.0,2.41,1.5,,0.44392347,5253.0,0.39036989,-0.72498788,5.688e-05,50.14555312,-11.15402369,30.61,938053.04673945,2023-07-03 13:00:00+00:00,35000,30653.84
2023-07-03,14,BTC-230929-35000-P,BTCUSDT,P,230929-35000,7440.0,7440.0,7440.0,7440.0,0.0,0.0,4940.0,5470.0,3.19,1.5,,0.44420242,5196.0,0.39186001,-0.7190158,5.711e-05,50.80803846,-11.34991111,30.61,940416.03830223,2023-07-03 14:00:00+00:00,35000,30736.27
2023-07-03,15,BTC-230929-35000-P,BTCUSDT,P,230929-35000,7440.0,7440.0,7440.0,7440.0,0.0,0.0,4500.0,5275.0,0.01,1.5,,0.44847727,4870.0,0.3731811,-0.71282645,5.998e-05,51.86471958,-11.03893391,30.61,950663.90978603,2023-07-03 15:00:00+00:00,35000,31068.64
2023-07-03,16,BTC-230929-35000-P,BTCUSDT,P,230929-35000,7440.0,7440.0,7440.0,7440.0,0.0,0.0,4500.0,5330.0,0.01,1.5,,0.45650959,4895.0,0.37582159,-0.71209711,5.968e-05,51.8867031,-11.12704177,30.61,950217.95449651,2023-07-03 16:00:00+00:00,35000,31042.22
2023-07-03,17,BTC-230929-35000-P,BTCUSDT,P,230929-35000,7440.0,7440.0,7440.0,7440.0,0.0,0.0,4500.0,5360.0,0.01,1.5,,0.4570055,4907.0,0.37247062,-0.71694111,5.983e-05,51.38759816,-10.92694501,30.61,949022.74941641,2023-07-03 17:00:00+00:00,35000,31000.98
2023-07-03,18,BTC-230929-35000-P,BTCUSDT,P,230929-35000,7440.0,7440.0,7440.0,7440.0,0.0,0.0,4500.0,5185.0,0.01,1.5,,0.44912934,4831.0,0.38461983,-0.6971952,5.941e-05,53.34604204,-11.71879573,30.61,955701.88241393,2023-07-03 18:00:00+00:00,35000,31199.14
2023-07-03,19,BTC-230929-35000-P,BTCUSDT,P,230929-35000,7440.0,7440.0,7440.0,7440.0,0.0,0.0,4500.0,5215.0,0.01,1.5,,0.46088934,4847.0,0.39456964,-0.68782552,5.861e-05,54.14684452,-12.20839879,30.61,956644.69753684,2023-07-03 19:00:00+00:00,35000,31255.84
2023-07-03,20,BTC-230929-35000-P,BTCUSDT,P,230929-35000,7440.0,7440.0,7440.0,7440.0,0.0,0.0,4500.0,5425.0,0.01,1.15,,0.48386812,4943.0,0.39665103,-0.69383968,5.805e-05,53.46243786,-12.12344634,30.61,952654.2152,2023-07-03 20:00:00+00:00,35000,31121.18
2023-07-03,21,BTC-230929-35000-P,BTCUSDT,P,230929-35000,7440.0,7440.0,7440.0,7440.0,0.0,0.0,4500.0,5330.0,0.01,1.5,,0.45805573,4896.0,0.37748039,-0.71078371,5.96e-05,51.95024323,-11.21650682,30.61,950587.97045573,2023-07-03 21:00:00+00:00,35000,31050.23
2023-07-03,22,BTC-230929-35000-P,BTCUSDT,P,230929-35000,7440.0,7440.0,7440.0,7440.0,0.0,0.0,4500.0,5395.0,0.01,5.09,,0.47847271,4929.0,0.39380491,-0.69589299,5.833e-05,53.27280674,-12.0052017,30.61,953175.3756353,2023-07-03 22:00:00+00:00,35000,31120.69
2023-07-03,23,BTC-230929-35000-P,BTCUSDT,P,230929-35000,7440.0,7440.0,7440.0,7440.0,0.0,0.0,4500.0,5395.0,0.01,5.09,,0.48223376,4930.0,0.39823115,-0.69135422,5.802e-05,53.66469312,-12.23527646,30.61,953666.85986966,2023-07-03 23:00:00+00:00,35000,31156.2
2023-07-04,0,BTC-230929-35000-P,BTCUSDT,P,230929-35000,7440.0,7440.0,7440.0,7440.0,0.0,0.0,4500.0,5375.0,0.01,5.17,,0.47378302,4919.0,0.39058745,-0.69873093,5.862e-05,53.00407704,-11.85836248,30.61,952389.31471022,2023-07-04 00:00:00+00:00,35000,31112.86
2023-07-04,1,BTC-230929-35000-P,BTCUSDT,P,230929-35000,7440.0,7440.0,7440.0,7440.0,0.0,0.0,4500.0,5160.0,0.01,1.5,,0.45591354,4821.0,0.39488614,-0.68589394,5.874e-05,54.2747476,-12.28214471,30.61,957403.28695573,2023-07-04 01:00:00+00:00,35000,31288.8
2023-07-04,2,BTC-230929-35000-P,BTCUSDT,P,230929-35000,7440.0,7440.0,7440.0,7440.0,0.0,0.0,4500.0,5160.0,0.01,1.5,,0.45297384,4821.0,0.39155841,-0.68954059,5.9e-05,53.94349398,-12.11009605,30.61,956926.42409048,2023-07-04 02:00:00+00:00,35000,31259.77
2023-07-04,3,BTC-230929-35000-P,BTCUSDT,P,230929-35000,7440.0,7440.0,7440.0,7440.0,0.0,0.0,4500.0,5160.0,0.01,1.5,,0.44523478,4819.0,0.38277507,-0.69910122,5.967e-05,53.07500598,-11.65341473,30.61,954675.98049175,2023-07-04 03:00:00+00:00,35000,31195.69
2023-07-04,4,BTC-230929-35000-P,BTCUSDT,P,230929-35000,7440.0,7440.0,7440.0,7440.0,0.0,0.0,4500.0,5325.0,0.01,1.5,,0.45871973,4893.0,0.37862659,-0.71004085,5.958e-05,51.93718846,-11.28539322,30.61,950800.88053301,2023-07-04 04:00:00+00:00,35000,31058.0
2023-07-04,5,BTC-230929-35000-P,BTCUSDT,P,230929-35000,7440.0,7440.0,7440.0,7440.0,0.0,0.0,4500.0,5355.0,0.01,1.5,,0.45425415,4904.0,0.36917865,-0.72150999,6.011e-05,50.79656941,-10.7672765,30.61,948470.37312534,2023-07-04 05:00:00+00:00,35000,30972.7
2023-07-04,6,BTC-230929-35000-P,BTCUSDT,P,230929-35000,7440.0,7440.0,7440.0,7440.0,0.0,0.0,4500.0,5325.0,0.01,1.5,,0.45213938,4891.0,0.3705442,-0.7190244,6.011e-05,51.04761456,-10.86571263,30.61,948945.76660774,2023-07-04 06:00:00+00:00,35000,30999.55
2023-07-04,7,BTC-230929-35000-P,BTCUSDT,P,230929-35000,7440.0,7440.0,7440.0,7440.0,0.0,0.0,4500.0,5555.0,0.01,1.14,,0.48318148,4992.0,0.37777066,-0.71945651,5.91e-05,50.85004755,-11.0400308,30.61,946388.57867524,2023-07-04 07:00:00+00:00,35000,30911.41
2023-07-04,8,BTC-230929-35000-P,BTCUSDT,P,230929-35000,7440.0,7440.0,7440.0,7440.0,0.0,0.0,4500.0,5405.0,0.01,1.5,,0.45818806,4924.0,0.3670311,-0.72592075,6.012e-05,50.29059533,-10.6132496,30.61,946418.16435812,2023-07-04 08:00:00+00:00,35000,30930.76
2023-07-04,9,BTC-230929-35000-P,BTCUSDT,P,230929-35000,7440.0,7440.0,7440.0,7440.0,0.0,0.0,4500.0,5355.0,0.01,1.5,,0.45983315,4906.0,0.37588418,-0.71460488,5.971e-05,51.42044975,-11.1187713,30.61,949306.50753524,2023-07-04 09:00:00+00:00,35000,31016.91
2023-07-04,10,BTC-230929-35000-P,BTCUSDT,P,230929-35000,7440.0,7440.0,7440.0,7440.0,0.0,0.0,4500.0,5345.0,0.01,1.5,,0.45923471,4901.0,0.37641883,-0.71375676,5.971e-05,51.49592592,-11.1562783,30.61,949611.31882853,2023-07-04 10:00:00+00:00,35000,31025.64
2023-07-04,11,BTC-230929-35000-P,BTCUSDT,P,230929-35000,7440.0,7440.0,7440.0,7440.0,0.0,0.0,4500.0,5315.0,0.01,1.5,,0.45890331,4889.0,0.37982464,-0.70906,5.956e-05,51.94923371,-11.36176369,30.61,951158.46595949,2023-07-04 11:00:00+00:00,35000,31067.99
2023-07-04,12,BTC-230929-35000-P,BTCUSDT,P,230929-35000,7440.0,7440.0,7440.0,7440.0,0.0,0.0,4500.0,5335.0,0.01,1.5,,0.45994282,4898.0,0.37848711,-0.71134772,5.961e-05,51.70744973,-11.27446987,30.61,950345.32980986,2023-07-04 12:00:00+00:00,35000,31044.9
2023-07-04,13,BTC-230929-35000-P,BTCUSDT,P,230929-35000,7440.0,7440.0,7440.0,7440.0,0.0,0.0,4500.0,5510.0,0.01,1.14,,0.48620701,4977.0,0.38771152,-0.70798705,5.861e-05,51.90025988,-11.59788255,30.61,948925.86001654,2023-07-04 13:00:00+00:00,35000,30999.55
2023-07-04,14,BTC-230929-35000-P,BTCUSDT,P,230929-35000,7440.0,7440.0,7440.0,7440.0,0.0,0.0,4500.0,5360.0,0.01,1.5,,0.45591712,4906.0,0.37014306,-0.72150831,6.009e-05,50.68410982,-10.81808868,30.61,948010.04245387,2023-07-04 14:00:00+00:00,35000,30972.4
2023-07-04,15,BTC-230929-35000-P,BTCUSDT,P,230929-35000,7440.0,7440.0,7440.0,7440.0,0.0,0.0,4500.0,5390.0,0.01,1.5,,0.46020985,4919.0,0.37134647,-0.721371,5.994e-05,50.66671571,-10.85475068,30.61,947297.62329575,2023-07-04 15:00:00+00:00,35000,30964.37
2023-07-04,16,BTC-230929-35000-P,BTCUSDT,P,230929-35000,7440.0,7440.0,7440.0,7440.0,0.0,0.0,4500.0,5380.0,0.01,1.5,,0.45803428,4914.0,0.36994457,-0.7226343,6.006e-05,50.53621038,-10.79110779,30.61,947390.38505068,2023-07-04 16:00:00+00:00,35000,30960.29
2023-07-04,17,BTC-230929-35000-P,BTCUSDT,P,230929-35000,7440.0,7440.0,7440.0,7440.0,0.0,0.0,4500.0,5420.0,0.01,1.5,,0.45823574,4929.0,0.36442637,-0.73014498,6.027e-05,49.74757098,-10.46929091,30.61,945815.78310425,2023-07-04 17:00:00+00:00,35000,30900.01
2023-07-04,18,BTC-230929-35000-P,BTCUSDT,P,230929-35000,7440.0,7440.0,7440.0,7440.0,0.0,0.0,4500.0,5405.0,0.01,1.5,,0.4557848,4922.0,0.36339521,-0.73085041,6.037e-05,49.67301557,-10.42904211,30.61,945797.40028558,2023-07-04 18:00:00+00:00,35000,30902.0
2023-07-04,19,BTC-230929-35000-P,BTCUSDT,P,230929-35000,7440.0,7440.0,7440.0,7440.0,0.0,0.0,4500.0,5700.0,0.01,1.14,,0.48512459,5029.0,0.3543663,-0.74984169,6.003e-05,47.50504548,-9.73074281,30.61,939805.47260319,2023-07-04 19:00:00+00:00,35000,30696.84
2023-07-04,20,BTC-230929-35000-P,BTCUSDT,P,230929-35000,7440.0,7440.0,7440.0,7440.0,0.0,0.0,4500.0,5465.0,0.01,1.5,,0.45426846,4940.0,0.35179138,-0.74576418,6.08e-05,48.05777063,-9.77714156,30.61,942723.84009438,2023-07-04 20:00:00+00:00,35000,30797.13
2023-07-04,21,BTC-230929-35000-P,BTCUSDT,P,230929-35000,7440.0,7440.0,7440.0,7440.0,0.0,0.0,4500.0,5465.0,0.01,1.5,,0.45480251,4941.0,0.35247326,-0.74510838,6.077e-05,48.11630256,-9.81275277,30.61,942946.44206935,2023-07-04 21:00:00+00:00,35000,30803.72
2023-07-04,22,BTC-230929-35000-P,BTCUSDT,P,230929-35000,7440.0,7440.0,7440.0,7440.0,0.0,0.0,4500.0,5465.0,0.01,1.5,,0.45705557,4943.0,0.35554171,-0.74183616,6.063e-05,48.45206922,-9.97205733,30.61,943354.21099788,2023-07-04 22:00:00+00:00,35000,30820.01
2023-07-04,23,BTC-230929-35000-P,BTCUSDT,P,230929-35000,7440.0,7440.0,7440.0,7440.0,0.0,0.0,4500.0,5465.0,0.01,1.5,,0.45040369,4936.0,0.34606218,-0.75235634,6.106e-05,47.30943851,-9.4818564,30.61,941745.48731093,2023-07-04 23:00:00+00:00,35000,30766.51
2023-07-05,0,BTC-230929-35000-P,BTCUSDT,P,230929-35000,7440.0,7440.0,7440.0,7440.0,0.0,0.0,4500.0,5475.0,0.01,1.5,,0.45172691,4940.0,0.34611821,-0.75269339,6.103e-05,47.2556674,-9.47718681,30.61,941605.35405812,2023-07-05 00:00:00+00:00,35000,30762.27
2023-07-05,1,BTC-230929-35000-P,BTCUSDT,P,230929-35000,7440.0,7440.0,7440.0,7440.0,0.0,0.0,4500.0,5475.0,0.01,1.5,,0.4562068,4944.0,0.35247684,-0.74579536,6.076e-05,47.99088213,-9.80618666,30.61,942616.2678088,2023-07-05 01:00:00+00:00,35000,30795.93
2023-07-05,2,BTC-230929-35000-P,BTCUSDT,P,230929-35000,7440.0,7440.0,7440.0,7440.0,0.0,0.0,4500.0,5410.0,0.01,1.5,,0.44910669,4919.0,0.35331488,-0.74286572,6.091e-05,48.32808727,-9.90335228,30.61,943786.27955706,2023-07-05 02:00:00+00:00,35000,30837.99
2023-07-05,3,BTC-230929-35000-P,BTCUSDT,P,230929-35000,7440.0,7440.0,7440.0,7440.0,0.0,0.0,4500.0,5380.0,0.01,1.5,,0.4479599,4908.0,0.35640359,-0.73854232,6.086e-05,48.78854494,-10.08998657,30.61,944861.96541305,2023-07-05 03:00:00+00:00,35000,30868.71
2023-07-05,4,BTC-230929-35000-P,BTCUSDT,P,230929-35000,7440.0,7440.0,7440.0,7440.0,0.0,0.0,4500.0,5340.0,0.01,1.5,,0.43652296,4888.0,0.34738183,-0.74733645,6.141e-05,47.86758428,-9.65360046,30.61,943875.69775812,2023-07-05 04:00:00+00:00,35000,30834.86
2023-07-05,5,BTC-230929-35000-P,BTCUSDT,P,230929-35000,7440.0,7440.0,7440.0,7440.0,0.0,0.0,4500.0,5340.0,0.01,1.5,,0.43325901,4886.0,0.34292698,-0.75244062,6.161e-05,47.30112076,-9.4215834,30.61,943101.87133873,2023-07-05 05:00:00+00:00,35000,30814.08
2023-07-05,6,BTC-230929-35000-P,BTCUSDT,P,230929-35000,7440.0,7440.0,7440.0,7440.0,0.0,0.0,4500.0,5410.0,0.01,1.5,,0.44659376,4917.0,0.34962893,-0.74732198,6.11e-05,47.80590495,-9.7129249,30.61,943182.63492349,2023-07-05 06:00:00+00:00,35000,30810.72
2023-07-05,7,BTC-230929-35000-P,BTCUSDT,P,230929-35000,7440.0,7440.0,7440.0,7440.0,0.0,0.0,4500.0,5560.0,0.01,1.18,,0.4700923,4980.0,0.35715222,-0.74392088,6.032e-05,48.07339268,-9.9822772,30.61,941825.02740603,2023-07-05 07:00:00+00:00,35000,30774.25
2023-07-05,8,BTC-230929-35000-P,BTCUSDT,P,230929-35000,7440.0,7440.0,7440.0,7440.0,0.0,0.0,4500.0,5415.0,0.01,1.5,,0.44226885,4915.0,0.34256697,-0.75551924,6.139e-05,46.8860489,-9.34267149,30.61,942009.91540699,2023-07-05 08:00:00+00:00,35000,30764.29
2023-07-05,9,BTC-230929-35000-P,BTCUSDT,P,230929-35000,7440.0,7440.0,7440.0,7440.0,0.0,0.0,4500.0,5455.0,0.01,1.5,,0.43834209,4918.0,0.32877207,-0.772184,6.172e-05,44.95707317,-8.60172333,30.61,939226.32483397,2023-07-05 09:00:00+00:00,35000,30680.0
2023-07-05,10,BTC-230929-35000-P,BTCUSDT,P,230929-35000,7440.0,7440.0,7440.0,7440.0,0.0,0.0,5035.0,5675.0,4.49,1.5,,0.44782996,5338.0,0.37941039,-0.74773037,5.701e-05,47.13677299,-10.41291344,30.61,931962.25132952,2023-07-05 10:00:00+00:00,35000,30430.21
2023-07-05,11,BTC-230929-35000-P,BTCUSDT,P,230929-35000,7440.0,7440.0,7440.0,7440.0,0.0,0.0,5065.0,5645.0,4.52,1.5,,0.43766499,5340.0,0.37496567,-0.75279111,5.714e-05,46.57308914,-10.17280026,30.61,930443.39033175,2023-07-05 11:00:00+00:00,35000,30404.3
2023-07-05,12,BTC-230929-35000-P,BTCUSDT,P,230929-35000,7440.0,7440.0,7440.0,7440.0,0.0,0.0,5155.0,5745.0,3.75,1.5,,0.44605017,5435.0,0.38214803,-0.75231791,5.629e-05,46.48358533,-10.35275845,30.61,929319.66727466,2023-07-05 12:00:00+00:00,35000,30321.22
2023-07-05,13,BTC-230929-35000-P,BTCUSDT,P,230929-35000,7440.0,7440.0,7440.0,7440.0,0.0,0.0,5225.0,5715.0,4.28,1.5,,0.44522524,5461.0,0.39343238,-0.74244476,5.576e-05,47.49487828,-10.89563873,30.61,929272.34623308,2023-07-05 13:00:00+00:00,35000,30357.31
2023-07-05,14,BTC-230929-35000-P,BTCUSDT,P,230929-35000,7440.0,7440.0,7440.0,7440.0,0.0,0.0,5125.0,5680.0,4.62,1.5,,0.44666529,5390.0,0.38795829,-0.74300448,5.638e-05,47.52185217,-10.75536836,30.61,931220.38681548,2023-07-05 14:00:00+00:00,35000,30417.65
2023-07-05,15,BTC-230929-35000-P,BTCUSDT,P,230929-35000,7440.0,7440.0,7440.0,7440.0,0.0,0.0,5130.0,5705.0,4.18,1.5,,0.4432714,5403.0,0.38118303,-0.75127316,5.653e-05,46.60680805,-10.36909834,30.61,929250.89232322,2023-07-05 15:00:00+00:00,35000,30356.11
2023-07-05,16,BTC-230929-35000-P,BTCUSDT,P,230929-35000,7440.0,7440.0,7440.0,7440.0,0.0,0.0,4500.0,5590.0,0.01,1.5,,0.4357481,5038.0,0.31787405,-0.79519606,6.054e-05,41.89893589,-7.77727454,30.61,932706.13903202,2023-07-05 16:00:00+00:00,35000,30462.6
2023-07-05,17,BTC-230929-35000-P,BTCUSDT,P,230929-35000,7440.0,7440.0,7440.0,7440.0,0.0,0.0,4500.0,5565.0,0.01,1.5,,0.43931723,4998.0,0.31965861,-0.7900497,6.099e-05,42.59193874,-7.9541645,30.61,934428.54018558,2023-07-05 17:00:00+00:00,35000,30523.21
2023-07-05,18,BTC-230929-35000-P,BTCUSDT,P,230929-35000,7440.0,7440.0,7440.0,7440.0,0.0,0.0,4500.0,5595.0,0.01,1.5,,0.44199586,5022.0,0.32099793,-0.79041666,6.074e-05,42.50440562,-7.97495822,30.61,933055.46640668,2023-07-05 18:00:00+00:00,35000,30505.52
2023-07-05,19,BTC-230929-35000-P,BTCUSDT,P,230929-35000,7440.0,7440.0,7440.0,7440.0,0.0,0.0,4500.0,5625.0,0.01,1.5,,0.43814182,5070.0,0.31907091,-0.79644061,6.021e-05,41.66930842,-7.77512317,30.61,931619.6454912,2023-07-05 19:00:00+00:00,35000,30431.95
2023-07-05,20,BTC-230929-35000-P,BTCUSDT,P,230929-35000,7440.0,7440.0,7440.0,7440.0,0.0,0.0,4500.0,5595.0,0.01,1.5,,0.43655157,5042.0,0.31827579,-0.79537894,6.05e-05,41.8299296,-7.78944041,30.61,932651.38749681,2023-07-05 20:00:00+00:00,35000,30460.29
2023-07-05,21,BTC-230929-35000-P,BTCUSDT,P,230929-35000,7440.0,7440.0,7440.0,7440.0,0.0,0.0,4500.0,5625.0,0.01,1.5,,0.44378877,5050.0,0.32189438,-0.7917821,6.044e-05,42.26577009,-7.96396701,30.61,932300.69444507,2023-07-05 21:00:00+00:00,35000,30469.99
2023-07-05,22,BTC-230929-35000-P,BTCUSDT,P,230929-35000,7440.0,7440.0,7440.0,7440.0,0.0,0.0,4500.0,5625.0,0.01,1.5,,0.439744,5065.0,0.319872,-0.7953977,6.027e-05,41.77829137,-7.82647363,30.61,931425.89091866,2023-07-05 22:00:00+00:00,35000,30436.92
2023-07-05,23,BTC-230929-35000-P,BTCUSDT,P,230929-35000,7440.0,7440.0,7440.0,7440.0,0.0,0.0,4500.0,5565.0,0.01,1.5,,0.43738842,5006.0,0.31869421,-0.79242254,6.089e-05,42.22010523,-7.88396558,30.61,933999.07852185,2023-07-05 23:00:00+00:00,35000,30504.81
2023-07-06,0,BTC-230929-35000-P,BTCUSDT,P,230929-35000,7440.0,7440.0,7440.0,7440.0,0.0,0.0,4500.0,5590.0,0.01,1.5,,0.42944431,5063.0,0.31472216,-0.80154734,6.022e-05,40.96780112,-7.55845997,30.61,930911.50500562,2023-07-06 00:00:00+00:00,35000,30413.1
2023-07-06,1,BTC-230929-35000-P,BTCUSDT,P,230929-35000,7440.0,7440.0,7440.0,7440.0,0.0,0.0,4500.0,5580.0,0.01,1.5,,0.43627262,5028.0,0.31813631,-0.79490938,6.066e-05,41.85698993,-7.81010354,30.61,932884.57514932,2023-07-06 01:00:00+00:00,35000,30476.71
2023-07-06,2,BTC-230929-35000-P,BTCUSDT,P,230929-35000,7440.0,7440.0,7440.0,7440.0,0.0,0.0,4500.0,5555.0,0.01,1.5,,0.43110251,5018.0,0.31555126,-0.79737648,6.073e-05,41.54302419,-7.69229441,30.61,932833.36226479,2023-07-06 02:00:00+00:00,35000,30471.65
2023-07-06,3,BTC-230929-35000-P,BTCUSDT,P,230929-35000,7440.0,7440.0,7440.0,7440.0,0.0,0.0,4500.0,5525.0,0.01,1.5,,0.42813063,4995.0,0.31406531,-0.79751223,6.097e-05,41.54406606,-7.66000882,30.61,933561.27479226,2023-07-06 03:00:00+00:00,35000,30490.85
2023-07-06,4,BTC-230929-35000-P,BTCUSDT,P,230929-35000,7440.0,7440.0,7440.0,7440.0,0.0,0.0,4500.0,5555.0,0.01,1.5,,0.43037176,5021.0,0.31518588,-0.79823636,6.069e-05,41.40819543,-7.66594817,30.61,932502.17888346,2023-07-06 04:00:00+00:00,35000,30465.4
2023-07-06,5,BTC-230929-35000-P,BTCUSDT,P,230929-35000,7440.0,7440.0,7440.0,7440.0,0.0,0.0,4500.0,5495.0,0.01,1.5,,0.43483973,4939.0,0.31741986,-0.78926956,6.162e-05,42.64033829,-7.95390117,30.61,936421.66156161,2023-07-06 05:00:00+00:00,35000,30582.51
2023-07-06,6,BTC-230929-35000-P,BTCUSDT,P,230929-35000,7440.0,7440.0,7440.0,7440.0,0.0,0.0,4875.0,5400.0,3.95,1.5,,0.43168783,5127.0,0.37727833,-0.73564118,5.853e-05,48.46708614,-10.75095271,30.61,936670.16430562,2023-07-06 06:00:00+00:00,35000,30692.56
2023-07-06,7,BTC-230929-35000-P,BTCUSDT,P,230929-35000,7440.0,7440.0,7440.0,7440.0,0.0,0.0,4930.0,5510.0,5.79,1.19,,0.46708107,5211.0,0.41009903,-0.70764821,5.636e-05,51.07441537,-12.32092078,,,2023-07-06 07:00:00+00:00,35000,30803.19
2023-07-06,8,BTC-230929-35000-P,BTCUSDT,P,230929-35000,7440.0,7440.0,7440.0,7440.0,0.0,0.0,4500.0,5015.0,0.01,1.5,,0.44256806,4752.0,0.39445639,-0.68603046,5.947e-05,53.64329754,-12.45312538,,,2023-07-06 08:00:00+00:00,35000,31329.97
2023-07-06,9,BTC-230929-35000-P,BTCUSDT,P,230929-35000,7440.0,7440.0,7440.0,7440.0,0.0,0.0,4500.0,5230.0,0.01,1.5,,0.44830561,4849.0,0.37611604,-0.71443878,6.029e-05,50.92065449,-11.27698067,,,2023-07-06 09:00:00+00:00,35000,31069.6
2023-07-06,10,BTC-230929-35000-P,BTCUSDT,P,230929-35000,7440.0,7440.0,7440.0,7440.0,0.0,0.0,4500.0,5110.0,0.01,1.5,,0.44669628,4796.0,0.38854361,-0.69642823,5.973e-05,52.6450462,-12.05001077,,,2023-07-06 10:00:00+00:00,35000,31231.64
2023-07-06,11,BTC-230929-35000-P,BTCUSDT,P,230929-35000,7440.0,7440.0,7440.0,7440.0,0.0,0.0,4500.0,5415.0,0.02,1.5,,0.45522213,4923.0,0.35872698,-0.74022944,6.078e-05,48.21402462,-10.193911,,,2023-07-06 11:00:00+00:00,35000,30846.55
2023-07-06,12,BTC-230929-35000-P,BTCUSDT,P,230929-35000,7440.0,7440.0,7440.0,7440.0,0.0,0.0,4500.0,5580.0,0.02,1.5,,0.45484304,4964.0,0.32742152,-0.77995748,6.132e-05,43.67712111,-8.43292041,,,2023-07-06 12:00:00+00:00,35000,30600.31
2023-07-06,13,BTC-230929-35000-P,BTCUSDT,P,230929-35000,7440.0,7440.0,7440.0,7440.0,0.0,0.0,5090.0,5760.0,3.16,1.5,,0.45770645,5406.0,0.3851068,-0.74949642,5.646e-05,46.54454262,-10.57499558,,,2023-07-06 13:00:00+00:00,35000,30373.47
2023-07-06,14,BTC-230929-35000-P,BTCUSDT,P,230929-35000,7440.0,7440.0,7440.0,7440.0,0.0,0.0,5320.0,5865.0,5.4,1.5,,0.45673132,5580.0,0.39754272,-0.74954977,5.498e-05,46.28867456,-10.86181378,,,2023-07-06 14:00:00+00:00,35000,30214.35
2023-07-06,15,BTC-230929-35000-P,BTCUSDT,P,230929-35000,7440.0,7440.0,7440.0,7440.0,0.0,0.0,5170.0,5730.0,2.38,1.5,,0.45865297,5439.0,0.39980412,-0.73677414,5.574e-05,47.81212251,-11.28866972,,,2023-07-06 15:00:00+00:00,35000,30407.01
2023-07-06,16,BTC-230929-35000-P,BTCUSDT,P,230929-35000,7440.0,7440.0,7440.0,7440.0,0.0,0.0,4710.0,5815.0,2.57,1.5,,0.46189308,5204.0,0.33094654,-0.7945844,5.889e-05,41.52145086,-8.11898296,30.61,928165.22289788,2023-07-06 16:00:00+00:00,35000,30313.99
2023-07-06,17,BTC-230929-35000-P,BTCUSDT,P,230929-35000,7440.0,7440.0,7440.0,7440.0,0.0,0.0,4720.0,5840.0,5.86,1.5,,0.46351194,5227.0,0.33175597,-0.79542406,5.866e-05,41.37653684,-8.11441146,30.61,927316.71369788,2023-07-06 17:00:00+00:00,35000,30294.86
2023-07-06,18,BTC-230929-35000-P,BTCUSDT,P,230929-35000,7440.0,7440.0,7440.0,7440.0,0.0,0.0,4720.0,5770.0,5.86,1.5,,0.4614377,5156.0,0.33071885,-0.79141652,5.938e-05,41.96023737,-8.20721908,30.61,929879.86727572,2023-07-06 18:00:00+00:00,35000,30378.01
2023-07-06,19,BTC-230929-35000-P,BTCUSDT,P,230929-35000,7440.0,7440.0,7440.0,7440.0,0.0,0.0,4720.0,5815.0,5.86,1.5,,0.46167135,5206.0,0.33083568,-0.79512229,5.887e-05,41.42065635,-8.10853785,30.61,927683.21630986,2023-07-06 19:00:00+00:00,35000,30309.88
2023-07-06,20,BTC-230929-35000-P,BTCUSDT,P,230929-35000,7440.0,7440.0,7440.0,7440.0,0.0,0.0,4500.0,5785.0,0.02,1.5,,0.45620203,5192.0,0.32810102,-0.79734683,5.898e-05,41.1455695,-7.99204811,30.61,927721.31062322,2023-07-06 20:00:00+00:00,35000,30315.16
2023-07-06,21,BTC-230929-35000-P,BTCUSDT,P,230929-35000,7440.0,7440.0,7440.0,7440.0,0.0,0.0,4500.0,5870.0,0.02,1.5,,0.46088696,5272.0,0.33044348,-0.8005673,5.819e-05,40.62408092,-7.95101327,30.61,925186.58061654,2023-07-06 21:00:00+00:00,35000,30224.72
2023-07-06,22,BTC-230929-35000-P,BTCUSDT,P,230929-35000,7440.0,7440.0,7440.0,7440.0,0.0,0.0,4500.0,5900.0,0.02,1.5,,0.45868158,5314.0,0.32934079,-0.80495518,5.773e-05,39.99374017,-7.8053727,30.61,923126.77653308,2023-07-06 22:00:00+00:00,35000,30167.3
2023-07-06,23,BTC-230929-35000-P,BTCUSDT,P,230929-35000,7440.0,7440.0,7440.0,7440.0,0.0,0.0,4500.0,6080.0,0.02,1.5,,0.45719624,5522.0,0.32859812,-0.82040998,5.547e-05,37.66582573,-7.33809352,30.61,915783.09779575,2023-07-06 23:00:00+00:00,35000,29895.43
2023-07-07,0,BTC-230929-35000-P,BTCUSDT,P,230929-35000,7440.0,7440.0,7440.0,7440.0,0.0,0.0,4500.0,5975.0,0.02,1.5,,0.45759439,5403.0,0.3287972,-0.81206198,5.676e-05,38.92800182,-7.5923378,30.61,919424.56430774,2023-07-07 00:00:00+00:00,35000,30052.6
2023-07-07,1,BTC-230929-35000-P,BTCUSDT,P,230929-35000,7440.0,7440.0,7440.0,7440.0,0.0,0.0,4500.0,5940.0,0.02,1.5,,0.45565367,5370.0,0.32782683,-0.81098458,5.708e-05,39.1009773,-7.60732809,30.61,921120.41260223,2023-07-07 01:00:00+00:00,35000,30086.0
2023-07-07,2,BTC-230929-35000-P,BTCUSDT,P,230929-35000,7440.0,7440.0,7440.0,7440.0,0.0,0.0,4500.0,6090.0,0.02,1.17,,0.48729897,5427.0,0.34364948,-0.79731906,5.681e-05,40.79435762,-8.32397306,30.61,920988.84722127,2023-07-07 02:00:00+00:00,35000,30102.98
2023-07-07,3,BTC-230929-35000-P,BTCUSDT,P,230929-35000,7440.0,7440.0,7440.0,7440.0,0.0,0.0,4500.0,5905.0,0.02,1.5,,0.45605898,5330.0,0.32802949,-0.80808805,5.752e-05,39.5138031,-7.70001332,30.61,922653.46583651,2023-07-07 03:00:00+00:00,35000,30135.4
2023-07-07,4,BTC-230929-35000-P,BTCUSDT,P,230929-35000,7440.0,7440.0,7440.0,7440.0,0.0,0.0,4500.0,5905.0,0.02,1.5,,0.44909954,5355.0,0.32454977,-0.81389142,5.715e-05,38.70236179,-7.46558152,30.61,921038.78833651,2023-07-07 04:00:00+00:00,35000,30087.81
2023-07-07,5,BTC-230929-35000-P,BTCUSDT,P,230929-35000,7440.0,7440.0,7440.0,7440.0,0.0,0.0,4500.0,5835.0,0.02,1.5,,0.45262575,5264.0,0.32631288,-0.80549459,5.818e-05,39.91518311,-7.74519508,30.61,924757.14708952,2023-07-07 05:00:00+00:00,35000,30208.4
2023-07-07,6,BTC-230929-35000-P,BTCUSDT,P,230929-35000,7440.0,7440.0,7440.0,7440.0,0.0,0.0,5305.0,6050.0,2.1,1.16,,0.48327923,5653.0,0.40073395,-0.75322296,5.449e-05,45.61221771,-10.87458297,30.61,922289.75421524,2023-07-07 06:00:00+00:00,35000,30117.0
2023-07-07,7,BTC-230929-35000-P,BTCUSDT,P,230929-35000,7440.0,7440.0,7440.0,7440.0,0.0,0.0,5460.0,6155.0,4.51,1.16,,0.48511744,5786.0,0.40735602,-0.75611975,5.352e-05,45.1069738,-10.93713835,30.61,918243.29947651,2023-07-07 07:00:00+00:00,35000,30007.4
2023-07-07,8,BTC-230929-35000-P,BTCUSDT,P,230929-35000,7440.0,7440.0,7440.0,7440.0,0.0,0.0,5355.0,5935.0,3.8,1.5,,0.45077801,5627.0,0.38421035,-0.76860102,5.501e-05,43.91998465,-10.04933614,30.61,920466.14365873,2023-07-07 08:00:00+00:00,35000,30055.41
2023-07-07,9,BTC-230929-35000-P,BTCUSDT,P,230929-35000,7440.0,7440.0,7440.0,7440.0,0.0,0.0,5320.0,5900.0,5.45,1.5,,0.45594931,5594.0,0.39105654,-0.75919866,5.511e-05,45.00660317,-10.48666771,30.61,922492.98470986,2023-07-07 09:00:00+00:00,35000,30138.79
2023-07-07,10,BTC-230929-35000-P,BTCUSDT,P,230929-35000,7440.0,7440.0,7440.0,7440.0,0.0,0.0,5325.0,5900.0,3.05,1.5,,0.46019077,5598.0,0.39672136,-0.75372656,5.495e-05,45.58765145,-10.78127733,30.61,923321.34176586,2023-07-07 10:00:00+00:00,35000,30165.88
2023-07-07,11,BTC-230929-35000-P,BTCUSDT,P,230929-35000,7440.0,7440.0,7440.0,7440.0,0.0,0.0,5410.0,5935.0,4.39,1.5,,0.46037912,5661.0,0.40256023,-0.75240684,5.441e-05,45.63341137,-10.95637827,30.61,922063.86278346,2023-07-07 11:00:00+00:00,35000,30118.7
2023-07-07,12,BTC-230929-35000-P,BTCUSDT,P,230929-35000,7440.0,7440.0,7440.0,7440.0,0.0,0.0,5335.0,5870.0,2.85,1.5,,0.45972586,5591.0,0.40143967,-0.74855728,5.487e-05,46.12861345,-11.04993694,30.61,924582.32576161,2023-07-07 12:00:00+00:00,35000,30203.98
2023-07-07,13,BTC-230929-35000-P,BTCUSDT,P,230929-35000,7440.0,7440.0,7440.0,7440.0,0.0,0.0,5345.0,5775.0,5.51,1.5,,0.46634912,5554.0,0.42195797,-0.72523333,5.431e-05,48.54533911,-12.2293074,30.61,930078.24362185,2023-07-07 13:00:00+00:00,35000,30385.39
2023-07-07,14,BTC-230929-35000-P,BTCUSDT,P,230929-35000,7440.0,7440.0,7440.0,7440.0,0.0,0.0,5185.0,5745.0,3.28,1.5,,0.46345949,5454.0,0.40441275,-0.73553048,5.556e-05,47.64638509,-11.50948897,30.61,930507.14017815,2023-07-07 14:00:00+00:00,35000,30411.49
2023-07-07,15,BTC-230929-35000-P,BTCUSDT,P,230929-35000,7440.0,7440.0,7440.0,7440.0,0.0,0.0,5300.0,6070.0,2.34,1.5,,0.52434921,5670.0,0.44659376,-0.71001707,5.268e-05,49.80566889,-13.29256849,30.61,931023.79324932,2023-07-07 15:00:00+00:00,35000,30390.83
2023-07-07,16,BTC-230929-35000-P,BTCUSDT,P,230929-35000,7440.0,7440.0,7440.0,7440.0,0.0,0.0,4790.0,5770.0,2.05,1.5,,0.46162128,5209.0,0.34204602,-0.78454857,5.886e-05,42.50686957,-8.69315614,30.61,929192.93178346,2023-07-07 16:00:00+00:00,35000,30354.85
2023-07-07,17,BTC-230929-35000-P,BTCUSDT,P,230929-35000,7440.0,7440.0,7440.0,7440.0,0.0,0.0,4710.0,5855.0,5.06,1.5,,0.46227217,5256.0,0.33113608,-0.80050694,5.834e-05,40.4502561,-8.01268447,30.61,925425.0897,2023-07-07 17:00:00+00:00,35000,30238.46
2023-07-07,18,BTC-230929-35000-P,BTCUSDT,P,230929-35000,7440.0,7440.0,7440.0,7440.0,0.0,0.0,4765.0,5890.0,5.8,1.5,,0.45905828,5307.0,0.32952914,-0.80613448,5.777e-05,39.65031371,-7.82000921,30.61,923140.21802322,2023-07-07 18:00:00+00:00,35000,30166.32
2023-07-07,19,BTC-230929-35000-P,BTCUSDT,P,230929-35000,7440.0,7440.0,7440.0,7440.0,0.0,0.0,4690.0,5820.0,5.57,1.5,,0.45650005,5238.0,0.32825003,-0.80266188,5.848e-05,40.17591966,-7.89685322,30.61,925065.39529014,2023-07-07 19:00:00+00:00,35000,30246.2
2023-07-07,20,BTC-230929-35000-P,BTCUSDT,P,230929-35000,7440.0,7440.0,7440.0,7440.0,0.0,0.0,4500.0,5790.0,0.02,1.5,,0.45342684,5215.0,0.32671342,-0.80287062,5.869e-05,40.166787,-7.86202286,30.61,926387.60937678,2023-07-07 20:00:00+00:00,35000,30264.12
2023-07-07,21,BTC-230929-35000-P,BTCUSDT,P,230929-35000,7440.0,7440.0,7440.0,7440.0,0.0,0.0,4500.0,5880.0,0.02,1.19,,0.47497034,5240.0,0.33748517,-0.79247057,5.856e-05,41.44345979,-8.38354714,30.61,927005.35281442,2023-07-07 21:00:00+00:00,35000,30289.64
2023-07-07,22,BTC-230929-35000-P,BTCUSDT,P,230929-35000,7440.0,7440.0,7440.0,7440.0,0.0,0.0,4500.0,5880.0,0.02,1.19,,0.47700405,5232.0,0.33850203,-0.79089002,5.864e-05,41.63796043,-8.45249295,30.61,927835.36819226,2023-07-07 22:00:00+00:00,35000,30304.08
2023-07-07,23,BTC-230929-35000-P,BTCUSDT,P,230929-35000,7440.0,7440.0,7440.0,7440.0,0.0,0.0,4500.0,5850.0,0.02,1.19,,0.47669172,5200.0,0.33834586,-0.78874064,5.895e-05,41.93352131,-8.51281885,30.61,928841.28679438,2023-07-07 23:00:00+00:00,35000,30344.7
2023-07-08,0,BTC-230929-35000-P,BTCUSDT,P,230929-35000,7440.0,7440.0,7440.0,7440.0,0.0,0.0,4500.0,5700.0,0.02,1.5,,0.43864965,5167.0,0.31932483,-0.8082792,5.906e-05,39.48085752,-7.56811381,30.61,926978.5572912,2023-07-08 00:00:00+00:00,35000,30286.29
2023-07-08,1,BTC-230929-35000-P,BTCUSDT,P,230929-35000,7440.0,7440.0,7440.0,7440.0,0.0,0.0,4500.0,5730.0,0.02,1.5,,0.44685841,5172.0,0.3234292,-0.8039912,5.909e-05,40.02437248,-7.77480318,30.61,927536.34885706,2023-07-08 01:00:00+00:00,35000,30304.58
2023-07-08,2,BTC-230929-35000-P,BTCUSDT,P,230929-35000,7440.0,7440.0,7440.0,7440.0,0.0,0.0,4500.0,5670.0,0.02,1.5,,0.44272423,5120.0,0.32136211,-0.80260332,5.963e-05,40.25829008,-7.77415367,30.61,929355.26569575,2023-07-08 02:00:00+00:00,35000,30355.42
2023-07-08,3,BTC-230929-35000-P,BTCUSDT,P,230929-35000,7440.0,7440.0,7440.0,7440.0,0.0,0.0,4500.0,5730.0,0.02,1.5,,0.4433465,5185.0,0.32167325,-0.80715684,5.891e-05,39.57645042,-7.65371763,30.61,926754.63673202,2023-07-08 03:00:00+00:00,35000,30274.83
2023-07-08,4,BTC-230929-35000-P,BTCUSDT,P,230929-35000,7440.0,7440.0,7440.0,7440.0,0.0,0.0,4500.0,5730.0,0.02,1.5,,0.43754578,5205.0,0.31877289,-0.81209295,5.859e-05,38.89032916,-7.45695087,30.61,925469.13109894,2023-07-08 04:00:00+00:00,35000,30235.89
2023-07-08,5,BTC-230929-35000-P,BTCUSDT,P,230929-35000,7440.0,7440.0,7440.0,7440.0,0.0,0.0,4500.0,5730.0,0.02,1.5,,0.43830395,5203.0,0.31915197,-0.81157722,5.863e-05,38.95196942,-7.48140192,30.61,925670.28925493,2023-07-08 05:00:00+00:00,35000,30239.49
2023-07-08,6,BTC-230929-35000-P,BTCUSDT,P,230929-35000,7440.0,7440.0,7440.0,7440.0,0.0,0.0,4500.0,5760.0,0.02,1.5,,0.43521643,5248.0,0.31760821,-0.81664502,5.806e-05,38.21029239,-7.30711551,30.61,923751.73518452,2023-07-08 06:00:00+00:00,35000,30176.71
2023-07-08,7,BTC-230929-35000-P,BTCUSDT,P,230929-35000,7440.0,7440.0,7440.0,7440.0,0.0,0.0,4500.0,5880.0,0.02,1.18,,0.4624939,5288.0,0.33124695,-0.80400575,5.799e-05,39.82094243,-7.94612278,30.61,924262.98945949,2023-07-08 07:00:00+00:00,35000,30193.36
2023-07-08,8,BTC-230929-35000-P,BTCUSDT,P,230929-35000,7440.0,7440.0,7440.0,7440.0,0.0,0.0,4500.0,5670.0,0.02,1.5,,0.43158054,5160.0,0.31579027,-0.81263352,5.902e-05,38.83386672,-7.3912741,30.61,926770.27137815,2023-07-08 08:00:00+00:00,35000,30276.01
2023-07-08,9,BTC-230929-35000-P,BTCUSDT,P,230929-35000,7440.0,7440.0,7440.0,7440.0,0.0,0.0,4500.0,5820.0,0.02,1.18,,0.45837641,5235.0,0.3291882,-0.80273109,5.85e-05,40.02963904,-7.94598947,30.61,925909.84782428,2023-07-08 09:00:00+00:00,35000,30248.72
2023-07-08,10,BTC-230929-35000-P,BTCUSDT,P,230929-35000,7440.0,7440.0,7440.0,7440.0,0.0,0.0,4500.0,5670.0,0.02,1.5,,0.42353153,5188.0,0.31176577,-0.8195249,5.854e-05,37.8514989,-7.11963795,30.61,925125.90890562,2023-07-08 10:00:00+00:00,35000,30222.8
2023-07-08,11,BTC-230929-35000-P,BTCUSDT,P,230929-35000,7440.0,7440.0,7440.0,7440.0,0.0,0.0,4500.0,5700.0,0.02,1.5,,0.42668819,5211.0,0.3133441,-0.81942634,5.832e-05,37.82833284,-7.15489928,30.61,924483.82883627,2023-07-08 11:00:00+00:00,35000,30201.71
2023-07-08,12,BTC-230929-35000-P,BTCUSDT,P,230929-35000,7440.0,7440.0,7440.0,7440.0,0.0,0.0,4500.0,5880.0,0.02,1.18,,0.45982361,5299.0,0.3299118,-0.80678225,5.783e-05,39.39802555,-7.84974648,30.61,923590.6626736,2023-07-08 12:00:00+00:00,35000,30171.85
2023-07-08,13,BTC-230929-35000-P,BTCUSDT,P,230929-35000,7440.0,7440.0,7440.0,7440.0,0.0,0.0,4500.0,5700.0,0.02,1.5,,0.42839289,5206.0,0.31419644,-0.81824619,5.841e-05,37.97599528,-7.20961993,30.61,924848.46457466,2023-07-08 13:00:00+00:00,35000,30209.32
2023-07-08,14,BTC-230929-35000-P,BTCUSDT,P,230929-35000,7440.0,7440.0,7440.0,7440.0,0.0,0.0,4500.0,5670.0,0.02,1.5,,0.42136431,5196.0,0.31068215,-0.82174668,5.838e-05,37.49947271,-7.04307223,30.61,924606.92812853,2023-07-08 14:00:00+00:00,35000,30204.99
2023-07-08,15,BTC-230929-35000-P,BTCUSDT,P,230929-35000,7440.0,7440.0,7440.0,7440.0,0.0,0.0,4500.0,27355.0,0.02,5.1,,4.98680115,7118.0,0.7,-0.60849679,3.817e-05,55.21840381,-23.3787564,30.61,924681.34070212,2023-07-08 15:00:00+00:00,35000,30208.0
2023-07-08,16,BTC-230929-35000-P,BTCUSDT,P,230929-35000,7440.0,7440.0,7440.0,7440.0,0.0,0.0,4500.0,5640.0,0.02,1.5,,0.42289495,5158.0,0.31144748,-0.8183141,5.887e-05,37.99403745,-7.16075368,30.61,926109.8354,2023-07-08 16:00:00+00:00,35000,30254.57
2023-07-08,17,BTC-230929-35000-P,BTCUSDT,P,230929-35000,7440.0,7440.0,7440.0,7440.0,0.0,0.0,4500.0,5670.0,0.02,1.5,,0.42928457,5170.0,0.31464229,-0.8155502,5.884e-05,38.34361809,-7.30445326,30.61,926224.34034613,2023-07-08 17:00:00+00:00,35000,30254.69
2023-07-08,18,BTC-230929-35000-P,BTCUSDT,P,230929-35000,7440.0,7440.0,7440.0,7440.0,0.0,0.0,4500.0,5700.0,0.02,1.5,,0.42735338,5211.0,0.31367669,-0.81965575,5.832e-05,37.73086329,-7.1692826,30.61,924432.34348907,2023-07-08 18:00:00+00:00,35000,30201.74
2023-07-08,19,BTC-230929-35000-P,BTCUSDT,P,230929-35000,7440.0,7440.0,7440.0,7440.0,0.0,0.0,4500.0,5795.0,0.02,1.5,,0.43377876,5295.0,0.31688938,-0.82202371,5.743e-05,37.29888402,-7.16340523,30.61,921745.28332185,2023-07-08 19:00:00+00:00,35000,30112.0
2023-07-08,20,BTC-230929-35000-P,BTCUSDT,P,230929-35000,7440.0,7440.0,7440.0,7440.0,0.0,0.0,4500.0,5765.0,0.02,1.5,,0.43469667,5259.0,0.31734834,-0.81903036,5.788e-05,37.74020773,-7.26232773,30.61,923257.89809873,2023-07-08 20:00:00+00:00,35000,30158.21
2023-07-08,21,BTC-230929-35000-P,BTCUSDT,P,230929-35000,7440.0,7440.0,7440.0,7440.0,0.0,0.0,4500.0,5735.0,0.02,1.5,,0.43208361,5235.0,0.3160418,-0.81889698,5.811e-05,37.77739302,-7.24321562,30.61,923777.6897736,2023-07-08 21:00:00+00:00,35000,30180.8
2023-07-08,22,BTC-230929-35000-P,BTCUSDT,P,230929-35000,7440.0,7440.0,7440.0,7440.0,0.0,0.0,4500.0,5705.0,0.02,1.5,,0.43251038,5200.0,0.31625519,-0.81626383,5.853e-05,38.164424,-7.32606701,30.61,925179.89972539,2023-07-08 22:00:00+00:00,35000,30224.5
2023-07-08,23,BTC-230929-35000-P,BTCUSDT,P,230929-35000,7440.0,7440.0,7440.0,7440.0,0.0,0.0,4500.0,5645.0,0.02,1.5,,0.42932987,5144.0,0.31466494,-0.81416393,5.914e-05,38.50257204,-7.35753502,30.61,927103.27790425,2023-07-08 23:00:00+00:00,35000,30284.63
2023-07-09,0,BTC-230929-35000-P,BTCUSDT,P,230929-35000,7440.0,7440.0,7440.0,7440.0,0.0,0.0,4500.0,5575.0,0.02,1.5,,0.42272568,5088.0,0.31136284,-0.81408041,5.97e-05,38.56981197,-7.29673182,30.61,928845.07772534,2023-07-09 00:00:00+00:00,35000,30336.01
2023-07-09,1,BTC-230929-35000-P,BTCUSDT,P,230929-35000,7440.0,7440.0,7440.0,7440.0,0.0,0.0,4500.0,5575.0,0.02,1.5,,0.42199612,5091.0,0.31099806,-0.81480328,5.965e-05,38.46001868,-7.27111821,30.61,928467.58915068,2023-07-09 01:00:00+00:00,35000,30332.26
2023-07-09,2,BTC-230929-35000-P,BTCUSDT,P,230929-35000,7440.0,7440.0,7440.0,7440.0,0.0,0.0,4500.0,5605.0,0.02,1.5,,0.42369843,5119.0,0.31184921,-0.81593639,5.933e-05,38.26509746,-7.25774283,30.61,927536.97787572,2023-07-09 02:00:00+00:00,35000,30301.04
2023-07-09,3,BTC-230929-35000-P,BTCUSDT,P,230929-35000,7440.0,7440.0,7440.0,7440.0,0.0,0.0,4500.0,5600.0,0.02,1.5,,0.42083502,5123.0,0.31041751,-0.81802339,5.922e-05,37.96867341,-7.17209292,30.61,927085.3962824,2023-07-09 03:00:00+00:00,35000,30287.99
2023-07-09,4,BTC-230929-35000-P,BTCUSDT,P,230929-35000,7440.0,7440.0,7440.0,7440.0,0.0,0.0,4500.0,5600.0,0.02,1.5,,0.4191637,5129.0,0.30958185,-0.81952017,5.912e-05,37.74898463,-7.11500695,30.61,926878.32804188,2023-07-09 04:00:00+00:00,35000,30275.35
2023-07-09,5,BTC-230929-35000-P,BTCUSDT,P,230929-35000,7440.0,7440.0,7440.0,7440.0,0.0,0.0,4500.0,5600.0,0.02,1.5,,0.41649103,5138.0,0.30824552,-0.82183864,5.894e-05,37.4119897,-7.02461509,30.61,926294.98217147,2023-07-09 05:00:00+00:00,35000,30260.67
2023-07-09,6,BTC-230929-35000-P,BTCUSDT,P,230929-35000,7440.0,7440.0,7440.0,7440.0,0.0,0.0,4500.0,5630.0,0.02,1.5,,0.42226553,5153.0,0.31113276,-0.81958635,5.888e-05,37.69331883,-7.14735897,30.61,926164.51293308,2023-07-09 06:00:00+00:00,35000,30254.79
2023-07-09,7,BTC-230929-35000-P,BTCUSDT,P,230929-35000,7440.0,7440.0,7440.0,7440.0,0.0,0.0,4500.0,5780.0,0.02,1.15,,0.45516968,5208.0,0.32758484,-0.80468124,5.873e-05,39.59017124,-7.908011,30.61,926420.44953414,2023-07-09 07:00:00+00:00,35000,30265.0
2023-07-09,8,BTC-230929-35000-P,BTCUSDT,P,230929-35000,7440.0,7440.0,7440.0,7440.0,0.0,0.0,4500.0,5600.0,0.02,1.5,,0.42374611,5115.0,0.31187305,-0.81616387,5.937e-05,38.18119079,-7.26447356,30.61,927596.5530088,2023-07-09 08:00:00+00:00,35000,30305.51
2023-07-09,9,BTC-230929-35000-P,BTCUSDT,P,230929-35000,7440.0,7440.0,7440.0,7440.0,0.0,0.0,4500.0,5600.0,0.02,1.5,,0.41937828,5130.0,0.30968914,-0.81989753,5.91e-05,37.64906233,-7.11668612,30.61,926741.64129876,2023-07-09 09:00:00+00:00,35000,30276.0
2023-07-09,10,BTC-230929-35000-P,BTCUSDT,P,230929-35000,7440.0,7440.0,7440.0,7440.0,0.0,0.0,4500.0,5570.0,0.02,1.5,,0.41105747,5124.0,0.30552874,-0.82447553,5.898e-05,37.0177469,-6.90686035,30.61,926698.22014719,2023-07-09 10:00:00+00:00,35000,30262.89
2023-07-09,11,BTC-230929-35000-P,BTCUSDT,P,230929-35000,7440.0,7440.0,7440.0,7440.0,0.0,0.0,4500.0,5600.0,0.02,1.5,,0.4182148,5134.0,0.3091074,-0.82107935,5.901e-05,37.46369328,-7.07554164,30.61,926452.42857466,2023-07-09 11:00:00+00:00,35000,30266.69
2023-07-09,12,BTC-230929-35000-P,BTCUSDT,P,230929-35000,7440.0,7440.0,7440.0,7440.0,0.0,0.0,4500.0,5540.0,0.02,1.5,,0.41541576,5077.0,0.30770788,-0.81867633,5.967e-05,37.84775816,-7.11933888,30.61,928358.1096264,2023-07-09 12:00:00+00:00,35000,30329.99
2023-07-09,13,BTC-230929-35000-P,BTCUSDT,P,230929-35000,7440.0,7440.0,7440.0,7440.0,0.0,0.0,4500.0,5600.0,0.02,1.5,,0.41790247,5136.0,0.30895123,-0.82155836,5.898e-05,37.37735097,-7.06286061,30.61,926377.45425706,2023-07-09 13:00:00+00:00,35000,30265.14
2023-07-09,14,BTC-230929-35000-P,BTCUSDT,P,230929-35000,7440.0,7440.0,7440.0,7440.0,0.0,0.0,4500.0,5565.0,0.02,1.5,,0.42249918,5082.0,0.31124959,-0.81502723,5.974e-05,38.31433654,-7.29749302,30.61,928839.6553824,2023-07-09 14:00:00+00:00,35000,30341.02
2023-07-09,15,BTC-230929-35000-P,BTCUSDT,P,230929-35000,7440.0,7440.0,7440.0,7440.0,0.0,0.0,4500.0,5565.0,0.02,1.5,,0.42402506,5077.0,0.31201253,-0.81386525,5.982e-05,38.46539936,-7.34797031,30.61,928922.56475387,2023-07-09 15:00:00+00:00,35000,30349.47
2023-07-09,16,BTC-230929-35000-P,BTCUSDT,P,230929-35000,7440.0,7440.0,7440.0,7440.0,0.0,0.0,4500.0,5565.0,0.02,1.5,,0.41446447,5109.0,0.30723224,-0.82192579,5.923e-05,37.32946136,-7.02530615,30.61,927013.56369438,2023-07-09 16:00:00+00:00,35000,30287.99
2023-07-09,17,BTC-230929-35000-P,BTCUSDT,P,230929-35000,7440.0,7440.0,7440.0,7440.0,0.0,0.0,4500.0,5565.0,0.02,1.5,,0.41488409,5108.0,0.30744205,-0.82168894,5.925e-05,37.35366848,-7.03825433,30.61,927120.96106586,2023-07-09 17:00:00+00:00,35000,30288.29
2023-07-09,18,BTC-230929-35000-P,BTCUSDT,P,230929-35000,7440.0,7440.0,7440.0,7440.0,0.0,0.0,4500.0,5565.0,0.02,1.5,,0.41021824,5124.0,0.30510912,-0.82564251,5.893e-05,36.78178896,-6.88142523,30.61,926237.25372959,2023-07-09 18:00:00+00:00,35000,30258.01
2023-07-09,19,BTC-230929-35000-P,BTCUSDT,P,230929-35000,7440.0,7440.0,7440.0,7440.0,0.0,0.0,4500.0,5565.0,0.02,1.5,,0.40762901,5132.0,0.30381451,-0.82787365,5.875e-05,36.4520154,-6.7942635,30.61,925727.06635301,2023-07-09 19:00:00+00:00,35000,30242.42
2023-07-09,20,BTC-230929-35000-P,BTCUSDT,P,230929-35000,7440.0,7440.0,7440.0,7440.0,0.0,0.0,4500.0,5610.0,0.02,1.5,,0.40968895,5176.0,0.30484447,-0.82982884,5.823e-05,36.11965536,-6.75859384,30.61,924123.87660603,2023-07-09 20:00:00+00:00,35000,30193.99
2023-07-09,21,BTC-230929-35000-P,BTCUSDT,P,230929-35000,7440.0,7440.0,7440.0,7440.0,0.0,0.0,4500.0,5640.0,0.02,1.5,,0.40941,5210.0,0.304705,-0.8324867,5.777e-05,35.69681485,-6.67983404,30.61,922894.61501777,2023-07-09 21:00:00+00:00,35000,30153.9
2023-07-09,22,BTC-230929-35000-P,BTCUSDT,P,230929-35000,7440.0,7440.0,7440.0,7440.0,0.0,0.0,4500.0,5610.0,0.02,1.5,,0.40638685,5187.0,0.30319343,-0.83271555,5.798e-05,35.6812417,-6.64719901,30.61,923555.36968,2023-07-09 22:00:00+00:00,35000,30174.0
2023-07-09,23,BTC-230929-35000-P,BTCUSDT,P,230929-35000,7440.0,7440.0,7440.0,7440.0,0.0,0.0,4500.0,5640.0,0.02,1.5,,0.41120768,5205.0,0.30560384,-0.83125541,5.788e-05,35.85847883,-6.73677491,30.61,923350.57871635,2023-07-09 23:00:00+00:00,35000,30160.71
2023-07-10,0,BTC-230929-35000-P,BTCUSDT,P,230929-35000,7440.0,7440.0,7440.0,7440.0,0.0,0.0,4500.0,5690.0,0.02,1.5,,0.41052341,5263.0,0.30526171,-0.83574026,5.71e-05,35.14792057,-6.59926974,30.61,921432.33210349,2023-07-10 00:00:00+00:00,35000,30090.27
2023-07-10,1,BTC-230929-35000-P,BTCUSDT,P,230929-35000,7440.0,7440.0,7440.0,7440.0,0.0,0.0,4500.0,27110.0,0.02,1.5,,4.94293213,7183.0,0.7,-0.61664038,3.847e-05,54.12454737,-23.31518631,30.61,919747.07514603,2023-07-10 01:00:00+00:00,35000,30048.8
2023-07-10,2,BTC-230929-35000-P,BTCUSDT,P,230929-35000,7440.0,7440.0,7440.0,7440.0,0.0,0.0,4500.0,5535.0,0.02,1.5,,0.39486408,5142.0,0.29743204,-0.83666052,5.82e-05,35.13156184,-6.43360738,30.61,924778.39403048,2023-07-10 02:00:00+00:00,35000,30200.0
2023-07-10,3,BTC-230929-35000-P,BTCUSDT,P,230929-35000,7440.0,7440.0,7440.0,7440.0,0.0,0.0,4500.0,5565.0,0.02,1.5,,0.39409637,5177.0,0.29704819,-0.83967199,5.767e-05,34.64800819,-6.34011903,30.61,923242.31220699,2023-07-10 03:00:00+00:00,35000,30156.17
2023-07-10,4,BTC-230929-35000-P,BTCUSDT,P,230929-35000,7440.0,7440.0,7440.0,7440.0,0.0,0.0,4500.0,5595.0,0.02,1.5,,0.39466619,5209.0,0.2973331,-0.84158675,5.725e-05,34.3258727,-6.29042536,30.61,922168.96355397,2023-07-10 04:00:00+00:00,35000,30118.07
2023-07-10,5,BTC-230929-35000-P,BTCUSDT,P,230929-35000,7440.0,7440.0,7440.0,7440.0,0.0,0.0,4500.0,27110.0,0.02,1.5,,4.94949341,7158.0,0.7,-0.61558049,3.85e-05,54.17440658,-23.3846326,30.61,920963.51654603,2023-07-10 05:00:00+00:00,35000,30082.25
2023-07-10,6,BTC-230929-35000-P,BTCUSDT,P,230929-35000,7440.0,7440.0,7440.0,7440.0,0.0,0.0,5085.0,5640.0,2.54,1.5,,0.39991617,5329.0,0.32408118,-0.81947208,5.721e-05,37.2735023,-7.45273356,30.61,920745.22763301,2023-07-10 06:00:00+00:00,35000,30089.64
2023-07-10,7,BTC-230929-35000-P,BTCUSDT,P,230929-35000,7440.0,7440.0,7440.0,7440.0,0.0,0.0,5165.0,5790.0,2.12,1.19,,0.4363203,5450.0,0.35883784,-0.7898172,5.665e-05,40.8999597,-9.05944847,30.61,921672.59179397,2023-07-10 07:00:00+00:00,35000,30112.1
2023-07-10,8,BTC-230929-35000-P,BTCUSDT,P,230929-35000,7440.0,7440.0,7440.0,7440.0,0.0,0.0,4500.0,5790.0,0.02,1.19,,0.43483973,5297.0,0.31741986,-0.82490685,5.731e-05,36.55392969,-7.16599589,30.61,921125.81765175,2023-07-10 08:00:00+00:00,35000,30099.21
2023-07-10,9,BTC-230929-35000-P,BTCUSDT,P,230929-35000,7440.0,7440.0,7440.0,7440.0,0.0,0.0,5055.0,5610.0,2.84,1.5,,0.40317297,5302.0,0.32952428,-0.81175359,5.769e-05,38.2998111,-7.79858856,30.61,923260.03767253,2023-07-10 09:00:00+00:00,35000,30140.0
2023-07-10,10,BTC-230929-35000-P,BTCUSDT,P,230929-35000,7440.0,7440.0,7440.0,7440.0,0.0,0.0,5030.0,5580.0,3.06,1.5,,0.40276766,5277.0,0.33062339,-0.80876693,5.8e-05,38.70955826,-7.91238546,30.61,923833.05014507,2023-07-10 10:00:00+00:00,35000,30183.45
2023-07-10,11,BTC-230929-35000-P,BTCUSDT,P,230929-35000,7440.0,7440.0,7440.0,7440.0,0.0,0.0,5005.0,5550.0,3.66,1.5,,0.40559292,5252.0,0.33607006,-0.80098567,5.836e-05,39.72317799,-8.25758785,30.61,925852.22365812,2023-07-10 11:00:00+00:00,35000,30240.0
2023-07-10,12,BTC-230929-35000-P,BTCUSDT,P,230929-35000,7440.0,7440.0,7440.0,7440.0,0.0,0.0,5065.0,5615.0,4.78,1.5,,0.40692568,5313.0,0.33531189,-0.80629039,5.771e-05,38.96549925,-8.08597833,30.61,923175.60452853,2023-07-10 12:00:00+00:00,35000,30161.47
2023-07-10,13,BTC-230929-35000-P,BTCUSDT,P,230929-35000,7440.0,7440.0,7440.0,7440.0,0.0,0.0,5160.0,5705.0,4.59,1.19,,0.43579817,5415.0,0.37142754,-0.77444238,5.689e-05,42.68691133,-9.81739444,30.61,925094.50842747,2023-07-10 13:00:00+00:00,35000,30209.7
2023-07-10,14,BTC-230929-35000-P,BTCUSDT,P,230929-35000,7440.0,7440.0,7440.0,7440.0,0.0,0.0,5100.0,5860.0,5.05,1.5,,0.48155069,5455.0,0.39645314,-0.75128549,5.608e-05,45.16778932,-11.09359387,30.61,927730.08661093,2023-07-10 14:00:00+00:00,35000,30310.03
2023-07-10,15,BTC-230929-35000-P,BTCUSDT,P,230929-35000,7440.0,7440.0,7440.0,7440.0,0.0,0.0,4960.0,5500.0,3.66,1.5,,0.40705204,5207.0,0.33978939,-0.79389642,5.886e-05,40.61955008,-8.55501458,30.61,928044.02411654,2023-07-10 15:00:00+00:00,35000,30312.81
2023-07-10,16,BTC-230929-35000-P,BTCUSDT,P,230929-35000,7440.0,7440.0,7440.0,7440.0,0.0,0.0,4500.0,5470.0,0.02,1.5,,0.40694475,5034.0,0.30347238,-0.82316481,5.994e-05,37.01671304,-6.96654154,30.61,929058.48997253,2023-07-10 16:00:00+00:00,35000,30351.18
2023-07-10,17,BTC-230929-35000-P,BTCUSDT,P,230929-35000,7440.0,7440.0,7440.0,7440.0,0.0,0.0,4500.0,5545.0,0.02,1.5,,0.41127443,5104.0,0.30563722,-0.825718,5.913e-05,36.57719479,-6.93651524,30.61,926764.96502476,2023-07-10 17:00:00+00:00,35000,30278.2
2023-07-10,18,BTC-230929-35000-P,BTCUSDT,P,230929-35000,7440.0,7440.0,7440.0,7440.0,0.0,0.0,4500.0,5335.0,0.02,1.5,,0.40479422,4892.0,0.30239711,-0.81406768,6.176e-05,38.38948222,-7.20674603,30.61,934427.09817175,2023-07-10 18:00:00+00:00,35000,30529.0
2023-07-10,19,BTC-230929-35000-P,BTCUSDT,P,230929-35000,7440.0,7440.0,7440.0,7440.0,0.0,0.0,4500.0,5155.0,0.02,1.5,,0.41386366,4804.0,0.33972383,-0.76281403,6.28e-05,44.72025133,-9.4363557,30.61,943755.64332,2023-07-10 19:00:00+00:00,35000,30837.4
2023-07-10,20,BTC-230929-35000-P,BTCUSDT,P,230929-35000,7440.0,7440.0,7440.0,7440.0,0.0,0.0,4500.0,5165.0,0.02,1.5,,0.40932775,4805.0,0.33207119,-0.77196193,6.296e-05,43.67632374,-9.01314127,30.61,942323.26097397,2023-07-10 20:00:00+00:00,35000,30779.01
2023-07-10,21,BTC-230929-35000-P,BTCUSDT,P,230929-35000,7440.0,7440.0,7440.0,7440.0,0.0,0.0,4500.0,5630.0,0.02,1.14,,0.43464899,5122.0,0.3173245,-0.81379057,5.937e-05,38.12698985,-7.52246181,30.61,927283.84773873,2023-07-10 21:00:00+00:00,35000,30302.21
2023-07-10,22,BTC-230929-35000-P,BTCUSDT,P,230929-35000,7440.0,7440.0,7440.0,7440.0,0.0,0.0,4500.0,5600.0,0.02,1.14,,0.43442965,5089.0,0.31721482,-0.81162665,5.975e-05,38.43998314,-7.58552453,30.61,928423.92619175,2023-07-10 22:00:00+00:00,35000,30347.37
2023-07-10,23,BTC-230929-35000-P,BTCUSDT,P,230929-35000,7440.0,7440.0,7440.0,7440.0,0.0,0.0,4500.0,5540.0,0.02,1.14,,0.4319334,5031.0,0.3159667,-0.80884983,6.042e-05,38.86137217,-7.64246752,30.61,931002.51979397,2023-07-10 23:00:00+00:00,35000,30411.57
2023-07-11,0,BTC-230929-35000-P,BTCUSDT,P,230929-35000,7440.0,7440.0,7440.0,7440.0,0.0,0.0,4500.0,5545.0,0.02,1.19,,0.43424129,5029.0,0.31712065,-0.80744648,6.047e-05,39.0354483,-7.70873577,30.61,931133.15247048,2023-07-11 00:00:00+00:00,35000,30419.99
2023-07-11,1,BTC-230929-35000-P,BTCUSDT,P,230929-35000,7440.0,7440.0,7440.0,7440.0,0.0,0.0,4500.0,5305.0,0.02,1.5,,0.40928841,4846.0,0.3046442,-0.80846128,6.242e-05,39.11161153,-7.42375328,30.61,936506.50749524,2023-07-11 01:00:00+00:00,35000,30586.26
2023-07-11,2,BTC-230929-35000-P,BTCUSDT,P,230929-35000,7440.0,7440.0,7440.0,7440.0,0.0,0.0,4500.0,5365.0,0.02,1.5,,0.40584326,4924.0,0.30292163,-0.81659217,6.134e-05,37.93657883,-7.16372484,30.61,932818.11413175,2023-07-11 02:00:00+00:00,35000,30483.69
2023-07-11,3,BTC-230929-35000-P,BTCUSDT,P,230929-35000,7440.0,7440.0,7440.0,7440.0,0.0,0.0,4500.0,5365.0,0.02,1.5,,0.40515423,4926.0,0.30257711,-0.81728863,6.129e-05,37.83055477,-7.139288,30.61,933153.36925651,2023-07-11 03:00:00+00:00,35000,30476.0
2023-07-11,4,BTC-230929-35000-P,BTCUSDT,P,230929-35000,7440.0,7440.0,7440.0,7440.0,0.0,0.0,4500.0,5365.0,0.02,1.5,,0.39977551,4944.0,0.29988775,-0.82193405,6.093e-05,37.17258308,-6.95638114,30.61,931874.75354476,2023-07-11 04:00:00+00:00,35000,30441.19
2023-07-11,5,BTC-230929-35000-P,BTCUSDT,P,230929-35000,7440.0,7440.0,7440.0,7440.0,0.0,0.0,4500.0,5365.0,0.02,1.5,,0.40237427,4936.0,0.30118713,-0.81986042,6.11e-05,37.45368294,-7.04301714,30.61,932067.33726,2023-07-11 05:00:00+00:00,35000,30456.0
2023-07-11,6,BTC-230929-35000-P,BTCUSDT,P,230929-35000,7440.0,7440.0,7440.0,7440.0,0.0,0.0,4700.0,5215.0,5.38,1.5,,0.39916039,4941.0,0.33859372,-0.7762932,6.153e-05,42.89215592,-9.07215779,30.61,937763.90507524,2023-07-11 06:00:00+00:00,35000,30634.59
2023-07-11,7,BTC-230929-35000-P,BTCUSDT,P,230929-35000,7440.0,7440.0,7440.0,7440.0,0.0,0.0,4815.0,5425.0,2.15,1.17,,0.42728901,5099.0,0.35652637,-0.76857049,5.978e-05,43.55849479,-9.70609375,30.61,934840.37638603,2023-07-11 07:00:00+00:00,35000,30535.38
2023-07-11,8,BTC-230929-35000-P,BTCUSDT,P,230929-35000,7440.0,7440.0,7440.0,7440.0,0.0,0.0,4730.0,5705.0,5.11,5.55,,0.47866344,5164.0,0.36457181,-0.76485405,5.908e-05,43.87727459,-10.00296931,30.61,933609.28179873,2023-07-11 08:00:00+00:00,35000,30495.91
2023-07-11,9,BTC-230929-35000-P,BTCUSDT,P,230929-35000,7440.0,7440.0,7440.0,7440.0,0.0,0.0,4910.0,5515.0,4.01,1.14,,0.43332577,5192.0,0.36286712,-0.76897928,5.888e-05,43.37009722,-9.84624392,30.61,931726.06401548,2023-07-11 09:00:00+00:00,35000,30449.83
2023-07-11,10,BTC-230929-35000-P,BTCUSDT,P,230929-35000,7440.0,7440.0,7440.0,7440.0,0.0,0.0,4910.0,5545.0,4.01,1.14,,0.43160915,5202.0,0.35566568,-0.77774646,5.889e-05,42.34759473,-9.42822163,30.61,930409.32945493,2023-07-11 10:00:00+00:00,35000,30394.94
2023-07-11,11,BTC-230929-35000-P,BTCUSDT,P,230929-35000,7440.0,7440.0,7440.0,7440.0,0.0,0.0,5010.0,5545.0,4.01,1.14,,0.43347597,5262.0,0.37184358,-0.76485032,5.814e-05,43.71551939,-10.18079294,30.61,930755.76065281,2023-07-11 11:00:00+00:00,35000,30404.31
2023-07-11,12,BTC-230929-35000-P,BTCUSDT,P,230929-35000,7440.0,7440.0,7440.0,7440.0,0.0,0.0,5010.0,5545.0,4.01,1.14,,0.43756008,5263.0,0.37670732,-0.75982361,5.802e-05,44.25248158,-10.44609783,30.61,931580.7304264,2023-07-11 12:00:00+00:00,35000,30433.05
2023-07-11,13,BTC-230929-35000-P,BTCUSDT,P,230929-35000,7440.0,7440.0,7440.0,7440.0,0.0,0.0,4840.0,5365.0,4.73,1.5,,0.40220737,5082.0,0.33770084,-0.78902466,6.012e-05,41.13404073,-8.70908855,30.61,931600.42510212,2023-07-11 13:00:00+00:00,35000,30450.0
2023-07-11,14,BTC-230929-35000-P,BTCUSDT,P,230929-35000,7440.0,7440.0,7440.0,7440.0,0.0,0.0,4830.0,5310.0,2.44,1.5,,0.40224552,5055.0,0.34520388,-0.77855317,6.036e-05,42.39597089,-9.18050269,30.61,934176.72997873,2023-07-11 14:00:00+00:00,35000,30527.43
2023-07-11,15,BTC-230929-35000-P,BTCUSDT,P,230929-35000,7440.0,7440.0,7440.0,7440.0,0.0,0.0,4785.0,5305.0,5.38,1.5,,0.41240215,5029.0,0.35221338,-0.76877574,6.049e-05,43.53380636,-9.6233391,30.61,936645.17079524,2023-07-11 15:00:00+00:00,35000,30596.45
2023-07-11,16,BTC-230929-35000-P,BTCUSDT,P,230929-35000,7440.0,7440.0,7440.0,7440.0,0.0,0.0,4730.0,5245.0,3.6,1.5,,0.40752172,4972.0,0.34793496,-0.76915836,6.109e-05,43.5531228,-9.51563698,30.61,937933.14236349,2023-07-11 16:00:00+00:00,35000,30649.3
2023-07-11,17,BTC-230929-35000-P,BTCUSDT,P,230929-35000,7440.0,7440.0,7440.0,7440.0,0.0,0.0,4500.0,5455.0,0.01,1.14,,0.4404521,4912.0,0.32022605,-0.7965114,6.187e-05,40.38548306,-8.12511946,30.61,935762.19473524,2023-07-11 17:00:00+00:00,35000,30575.6
2023-07-11,18,BTC-230929-35000-P,BTCUSDT,P,230929-35000,7440.0,7440.0,7440.0,7440.0,0.0,0.0,4500.0,5515.0,0.01,1.14,,0.43903828,4984.0,0.31951914,-0.80300483,6.102e-05,39.47327372,-7.92821241,30.61,933137.00551048,2023-07-11 18:00:00+00:00,35000,30480.0
2023-07-11,19,BTC-230929-35000-P,BTCUSDT,P,230929-35000,7440.0,7440.0,7440.0,7440.0,0.0,0.0,4500.0,5470.0,0.01,1.14,,0.44484615,4914.0,0.32242308,-0.79429586,6.187e-05,40.63530209,-8.24009888,30.61,935998.38509651,2023-07-11 19:00:00+00:00,35000,30581.99
2023-07-11,20,BTC-230929-35000-P,BTCUSDT,P,230929-35000,7440.0,7440.0,7440.0,7440.0,0.0,0.0,4500.0,5440.0,0.01,1.14,,0.43739796,4906.0,0.31869898,-0.7981892,6.192e-05,40.15167415,-8.05220493,30.61,935665.26907048,2023-07-11 20:00:00+00:00,35000,30571.52
2023-07-11,21,BTC-230929-35000-P,BTCUSDT,P,230929-35000,7440.0,7440.0,7440.0,7440.0,0.0,0.0,4500.0,5435.0,0.01,1.14,,0.43602467,4906.0,0.31801233,-0.79905313,6.191e-05,40.03395913,-8.01550318,30.61,935730.45756699,2023-07-11 21:00:00+00:00,35000,30570.18
2023-07-11,22,BTC-230929-35000-P,BTCUSDT,P,230929-35000,7440.0,7440.0,7440.0,7440.0,0.0,0.0,4500.0,5435.0,0.01,1.14,,0.4382205,4898.0,0.31911025,-0.79729109,6.201e-05,40.25192479,-8.09121255,30.61,935890.87197301,2023-07-11 22:00:00+00:00,35000,30584.57
2023-07-11,23,BTC-230929-35000-P,BTCUSDT,P,230929-35000,7440.0,7440.0,7440.0,7440.0,0.0,0.0,4500.0,5255.0,0.01,1.5,,0.40658951,4820.0,0.3072834,-0.8054233,6.277e-05,39.30899534,-7.61281515,30.61,937337.08643777,2023-07-11 23:00:00+00:00,35000,30622.1
2023-07-12,0,BTC-230929-35000-P,BTCUSDT,P,230929-35000,7440.0,7440.0,7440.0,7440.0,0.0,0.0,4500.0,5470.0,0.01,1.19,,0.43506384,4949.0,0.31753192,-0.80324848,6.139e-05,39.42233114,-7.89354492,30.61,933858.77130476,2023-07-12 00:00:00+00:00,35000,30509.98
2023-07-12,1,BTC-230929-35000-P,BTCUSDT,P,230929-35000,7440.0,7440.0,7440.0,7440.0,0.0,0.0,4500.0,5440.0,0.01,1.19,,0.4328084,4923.0,0.3164042,-0.80271318,6.167e-05,39.51038338,-7.8872236,30.61,934812.30521524,2023-07-12 01:00:00+00:00,35000,30535.92
2023-07-12,2,BTC-230929-35000-P,BTCUSDT,P,230929-35000,7440.0,7440.0,7440.0,7440.0,0.0,0.0,4500.0,5290.0,0.01,1.5,,0.41212082,4831.0,0.30729532,-0.80652076,6.263e-05,39.12473878,-7.58938293,30.61,936875.98099873,2023-07-12 02:00:00+00:00,35000,30607.23
2023-07-12,3,BTC-230929-35000-P,BTCUSDT,P,230929-35000,7440.0,7440.0,7440.0,7440.0,0.0,0.0,4500.0,5930.0,0.01,1.5,,0.53761244,5102.0,0.36880622,-0.75742855,5.951e-05,44.54654583,-10.37623626,30.61,936448.86706476,2023-07-12 03:00:00+00:00,35000,30588.32
2023-07-12,4,BTC-230929-35000-P,BTCUSDT,P,230929-35000,7440.0,7440.0,7440.0,7440.0,0.0,0.0,4500.0,5270.0,0.01,1.5,,0.41262388,4830.0,0.31328678,-0.79948122,6.274e-05,39.99771476,-7.91832764,30.61,937630.96764603,2023-07-12 04:00:00+00:00,35000,30635.36
2023-07-12,5,BTC-230929-35000-P,BTCUSDT,P,230929-35000,7440.0,7440.0,7440.0,7440.0,0.0,0.0,4500.0,5255.0,0.01,1.5,,0.41223764,4828.0,0.31618237,-0.79591615,6.281e-05,40.43394628,-8.08292895,30.61,938341.96592223,2023-07-12 05:00:00+00:00,35000,30654.0
2023-07-12,6,BTC-230929-35000-P,BTCUSDT,P,230929-35000,7440.0,7440.0,7440.0,7440.0,0.0,0.0,4780.0,5255.0,4.79,1.5,,0.42207956,5007.0,0.36962509,-0.74931485,6.023e-05,45.4938828,-10.63722391,30.61,940291.92268695,2023-07-12 06:00:00+00:00,35000,30720.01
2023-07-12,7,BTC-230929-35000-P,BTCUSDT,P,230929-35000,7440.0,7440.0,7440.0,7440.0,0.0,0.0,5085.0,5275.0,2.5,2.5,,0.42987347,5178.0,0.4101193,-0.72040204,5.734e-05,48.1147373,-12.48899101,30.61,941077.65447678,2023-07-12 07:00:00+00:00,35000,30740.0
2023-07-12,8,BTC-230929-35000-P,BTCUSDT,P,230929-35000,7440.0,7440.0,7440.0,7440.0,0.0,0.0,4790.0,5255.0,3.38,1.5,,0.42454958,5013.0,0.37361026,-0.74565875,6.004e-05,45.8409749,-10.8453758,30.61,940808.70338223,2023-07-12 08:00:00+00:00,35000,30735.48
2023-07-12,9,BTC-230929-35000-P,BTCUSDT,P,230929-35000,7440.0,7440.0,7440.0,7440.0,0.0,0.0,4740.0,5240.0,2.08,1.5,,0.42006969,4978.0,0.36431789,-0.75311309,6.065e-05,45.0973172,-10.40956107,30.61,940493.30874603,2023-07-12 09:00:00+00:00,35000,30724.01
2023-07-12,10,BTC-230929-35000-P,BTCUSDT,P,230929-35000,7440.0,7440.0,7440.0,7440.0,0.0,0.0,4740.0,5575.0,2.08,1.5,,0.48125505,5131.0,0.39035439,-0.73737833,5.856e-05,46.49954855,-11.50637114,30.61,939070.91966476,2023-07-12 10:00:00+00:00,35000,30679.99
2023-07-12,11,BTC-230929-35000-P,BTCUSDT,P,230929-35000,7440.0,7440.0,7440.0,7440.0,0.0,0.0,4740.0,5575.0,2.08,1.5,,0.49407244,5136.0,0.40632606,-0.72130043,5.779e-05,48.03738432,-12.3798127,30.61,941659.03837873,2023-07-12 11:00:00+00:00,35000,30776.25
2023-07-12,12,BTC-230929-35000-P,BTCUSDT,P,230929-35000,7440.0,7440.0,7440.0,7440.0,0.0,0.0,4625.0,5140.0,4.01,1.5,,0.39868593,4866.0,0.3381753,-0.7738792,6.231e-05,42.92639326,-9.21204251,30.61,940188.15945651,2023-07-12 12:00:00+00:00,35000,30721.17
2023-07-12,13,BTC-230929-35000-P,BTCUSDT,P,230929-35000,7440.0,7440.0,7440.0,7440.0,0.0,0.0,4600.0,5115.0,2.84,1.5,,0.38506508,4837.0,0.32138109,-0.79125696,6.273e-05,40.90771198,-8.34727823,30.61,939038.76115873,2023-07-12 13:00:00+00:00,35000,30666.33
2023-07-12,14,BTC-230929-35000-P,BTCUSDT,P,230929-35000,7440.0,7440.0,7440.0,7440.0,0.0,0.0,4565.0,5075.0,5.75,1.5,,0.38715363,4801.0,0.32561779,-0.78353935,6.312e-05,41.86395532,-8.65959552,30.61,940963.97890952,2023-07-12 14:00:00+00:00,35000,30736.57
2023-07-12,15,BTC-230929-35000-P,BTCUSDT,P,230929-35000,7440.0,7440.0,7440.0,7440.0,0.0,0.0,4705.0,5230.0,5.31,1.5,,0.38732767,4943.0,0.31995177,-0.80143675,6.148e-05,39.50171004,-8.03303408,30.61,933844.48903873,2023-07-12 15:00:00+00:00,35000,30524.63
2023-07-12,16,BTC-230929-35000-P,BTCUSDT,P,230929-35000,7440.0,7440.0,7440.0,7440.0,0.0,0.0,4500.0,5235.0,0.01,1.5,,0.38182259,4866.0,0.29091129,-0.83032739,6.14e-05,35.75960947,-6.61549933,30.61,932469.55266,2023-07-12 16:00:00+00:00,35000,30487.03
2023-07-12,17,BTC-230929-35000-P,BTCUSDT,P,230929-35000,7440.0,7440.0,7440.0,7440.0,0.0,0.0,4500.0,5235.0,0.01,1.5,,0.37571192,4885.0,0.28785596,-0.83551578,6.091e-05,34.99982533,-6.41033306,30.61,932067.07077301,2023-07-12 17:00:00+00:00,35000,30447.95
2023-07-12,18,BTC-230929-35000-P,BTCUSDT,P,230929-35000,7440.0,7440.0,7440.0,7440.0,0.0,0.0,4500.0,5175.0,0.01,1.5,,0.37467718,4822.0,0.28733859,-0.83164205,6.182e-05,35.60484022,-6.51287624,30.61,934076.56325524,2023-07-12 18:00:00+00:00,35000,30521.67
2023-07-12,19,BTC-230929-35000-P,BTCUSDT,P,230929-35000,7440.0,7440.0,7440.0,7440.0,0.0,0.0,4500.0,5350.0,0.01,1.5,,0.37301302,5019.0,0.28650651,-0.84688561,5.874e-05,33.19454674,-6.05761295,30.61,927196.86492223,2023-07-12 19:00:00+00:00,35000,30287.47
2023-07-12,20,BTC-230929-35000-P,BTCUSDT,P,230929-35000,7440.0,7440.0,7440.0,7440.0,0.0,0.0,4500.0,5290.0,0.01,1.5,,0.37109852,4960.0,0.28554926,-0.84393234,5.958e-05,33.68133196,-6.12916281,30.61,928578.48148349,2023-07-12 20:00:00+00:00,35000,30348.0
2023-07-12,21,BTC-230929-35000-P,BTCUSDT,P,230929-35000,7440.0,7440.0,7440.0,7440.0,0.0,0.0,4500.0,5170.0,0.01,1.5,,0.34376383,4908.0,0.27188191,-0.85685776,5.906e-05,31.79285869,-5.51152012,30.61,929673.73249175,2023-07-12 21:00:00+00:00,35000,30356.01
2023-07-12,22,BTC-230929-35000-P,BTCUSDT,P,230929-35000,7440.0,7440.0,7440.0,7440.0,0.0,0.0,4500.0,5170.0,0.01,1.5,,0.34607172,4902.0,0.27303586,-0.85511595,5.929e-05,32.05671018,-5.58381508,30.61,929575.02064349,2023-07-12 22:00:00+00:00,35000,30368.68
2023-07-12,23,BTC-230929-35000-P,BTCUSDT,P,230929-35000,7440.0,7440.0,7440.0,7440.0,0.0,0.0,4500.0,5140.0,0.01,1.5,,0.34107685,4883.0,0.27053843,-0.8569568,5.931e-05,31.78546775,-5.48884412,30.61,930349.69852349,2023-07-12 23:00:00+00:00,35000,30380.0
2023-07-13,0,BTC-230929-35000-P,BTCUSDT,P,230929-35000,7440.0,7440.0,7440.0,7440.0,0.0,0.0,4500.0,5155.0,0.01,1.5,,0.33974409,4903.0,0.26987205,-0.85923206,5.888e-05,31.40691611,-5.41299464,30.61,929123.72480952,2023-07-13 00:00:00+00:00,35000,30353.51
2023-07-13,1,BTC-230929-35000-P,BTCUSDT,P,230929-35000,7440.0,7440.0,7440.0,7440.0,0.0,0.0,4500.0,5155.0,0.01,1.5,,0.34607887,4886.0,0.27303944,-0.85428075,5.953e-05,32.17391009,-5.61325558,30.61,930116.23425301,2023-07-13 01:00:00+00:00,35000,30383.78
2023-07-13,2,BTC-230929-35000-P,BTCUSDT,P,230929-35000,7440.0,7440.0,7440.0,7440.0,0.0,0.0,4500.0,5155.0,0.01,1.5,,0.3365469,4912.0,0.26827345,-0.86195178,5.852e-05,30.95922008,-5.30987886,30.61,928156.87014699,2023-07-13 02:00:00+00:00,35000,30337.55
2023-07-13,3,BTC-230929-35000-P,BTCUSDT,P,230929-35000,7440.0,7440.0,7440.0,7440.0,0.0,0.0,4500.0,5185.0,0.01,1.5,,0.33631086,4945.0,0.26815543,-0.86441417,5.792e-05,30.53316066,-5.23729104,30.61,927465.18137873,2023-07-13 03:00:00+00:00,35000,30298.01
2023-07-13,4,BTC-230929-35000-P,BTCUSDT,P,230929-35000,7440.0,7440.0,7440.0,7440.0,0.0,0.0,4500.0,5185.0,0.01,1.5,,0.33626795,4946.0,0.26813397,-0.8645439,5.79e-05,30.50435775,-5.23472221,30.61,927286.60624,2023-07-13 04:00:00+00:00,35000,30297.33
2023-07-13,5,BTC-230929-35000-P,BTCUSDT,P,230929-35000,7440.0,7440.0,7440.0,7440.0,0.0,0.0,4500.0,5200.0,0.01,1.5,,0.34498215,4938.0,0.27249107,-0.85890929,5.855e-05,31.38013114,-5.47543502,30.61,928164.54785524,2023-07-13 05:00:00+00:00,35000,30323.0
2023-07-13,6,BTC-230929-35000-P,BTCUSDT,P,230929-35000,7440.0,7440.0,7440.0,7440.0,0.0,0.0,4650.0,5170.0,3.15,1.5,,0.34991503,4892.0,0.27495751,-0.8528419,5.959e-05,32.34202028,-5.69739253,30.61,930025.98877048,2023-07-13 06:00:00+00:00,35000,30383.98
2023-07-13,7,BTC-230929-35000-P,BTCUSDT,P,230929-35000,7440.0,7440.0,7440.0,7440.0,0.0,0.0,4820.0,5380.0,2.56,1.14,,0.39572954,5068.0,0.32042027,-0.81190546,5.996e-05,37.85608494,-7.77554806,30.61,929486.47491651,2023-07-13 07:00:00+00:00,35000,30366.02
2023-07-13,8,BTC-230929-35000-P,BTCUSDT,P,230929-35000,7440.0,7440.0,7440.0,7440.0,0.0,0.0,4500.0,5185.0,0.01,1.5,,0.3588748,4883.0,0.2794374,-0.84696645,6.016e-05,33.20930215,-5.95184584,30.61,930904.70463873,2023-07-13 08:00:00+00:00,35000,30411.99
2023-07-13,9,BTC-230929-35000-P,BTCUSDT,P,230929-35000,7440.0,7440.0,7440.0,7440.0,0.0,0.0,4560.0,5070.0,4.32,1.5,,0.36173344,4781.0,0.28965473,-0.82711187,6.251e-05,36.13589397,-6.71674724,30.61,935809.06044603,2023-07-13 09:00:00+00:00,35000,30576.68
2023-07-13,10,BTC-230929-35000-P,BTCUSDT,P,230929-35000,7440.0,7440.0,7440.0,7440.0,0.0,0.0,4560.0,5065.0,3.16,1.5,,0.36143303,4780.0,0.29031754,-0.82628855,6.257e-05,36.24074154,-6.75526241,30.61,936226.89054699,2023-07-13 10:00:00+00:00,35000,30578.84
2023-07-13,11,BTC-230929-35000-P,BTCUSDT,P,230929-35000,7440.0,7440.0,7440.0,7440.0,0.0,0.0,4575.0,5085.0,4.85,1.5,,0.35974503,4793.0,0.28579235,-0.83293267,6.208e-05,35.29553432,-6.47999501,30.61,934922.46160223,2023-07-13 11:00:00+00:00,35000,30543.99
2023-07-13,12,BTC-230929-35000-P,BTCUSDT,P,230929-35000,7440.0,7440.0,7440.0,7440.0,0.0,0.0,4575.0,5085.0,3.92,1.5,,0.35561323,4788.0,0.27881265,-0.84122464,6.162e-05,34.11111114,-6.11287055,30.61,934273.50079301,2023-07-13 12:00:00+00:00,35000,30520.02
2023-07-13,13,BTC-230929-35000-P,BTCUSDT,P,230929-35000,7440.0,7440.0,7440.0,7440.0,0.0,0.0,4500.0,4995.0,0.01,1.5,,0.36041498,4719.0,0.29286504,-0.81879158,6.357e-05,37.29292424,-7.02366048,30.61,938510.40014825,2023-07-13 13:00:00+00:00,35000,30663.43
2023-07-13,14,BTC-230929-35000-P,BTCUSDT,P,230929-35000,7440.0,7440.0,7440.0,7440.0,0.0,0.0,4500.0,5205.0,0.01,1.15,,0.39202452,4806.0,0.29601226,-0.82172773,6.246e-05,36.7912713,-7.00739883,30.61,935572.04901651,2023-07-13 14:00:00+00:00,35000,30571.99
2023-07-13,15,BTC-230929-35000-P,BTCUSDT,P,230929-35000,7440.0,7440.0,7440.0,7440.0,0.0,0.0,4500.0,4875.0,0.01,1.5,,0.37461996,4679.0,0.33116698,-0.76951261,6.438e-05,43.34556178,-9.24116959,30.61,946495.58403301,2023-07-13 15:00:00+00:00,35000,30917.48
2023-07-13,16,BTC-230929-35000-P,BTCUSDT,P,230929-35000,7440.0,7440.0,7440.0,7440.0,0.0,0.0,4500.0,4880.0,0.01,1.5,,0.36355257,4679.0,0.31741858,-0.78601274,6.456e-05,41.43347153,-8.47133755,30.61,942870.87747524,2023-07-13 16:00:00+00:00,35000,30826.46
2023-07-13,17,BTC-230929-35000-P,BTCUSDT,P,230929-35000,7440.0,7440.0,7440.0,7440.0,0.0,0.0,4500.0,4845.0,0.01,1.5,,0.39384842,4667.0,0.35669982,-0.73920594,6.357e-05,46.54532937,-10.69991944,30.61,952131.69529777,2023-07-13 17:00:00+00:00,35000,31070.08
2023-07-13,18,BTC-230929-35000-P,BTCUSDT,P,230929-35000,7440.0,7440.0,7440.0,7440.0,0.0,0.0,4660.0,4725.0,2.5,1.5,,0.39685726,4692.0,0.39032578,-0.70442469,6.14e-05,49.76711403,-12.52577212,30.61,956411.9088912,2023-07-13 18:00:00+00:00,35000,31255.0
2023-07-13,19,BTC-230929-35000-P,BTCUSDT,P,230929-35000,7440.0,7440.0,4500.0,4500.0,0.01,0.01,4435.0,4515.0,2.5,1.5,,0.4028976,4474.0,0.39521992,-0.67990225,6.212e-05,52.10360839,-13.28540708,30.61,968142.58255493,2023-07-13 19:00:00+00:00,35000,31606.01
2023-07-13,20,BTC-230929-35000-P,BTCUSDT,P,230929-35000,7440.0,7440.0,4500.0,4500.0,0.01,0.01,4580.0,4630.0,2.5,1.5,,0.39173603,4604.0,0.38675308,-0.70079362,6.215e-05,50.17465665,-12.52621853,30.61,958793.17515812,2023-07-13 20:00:00+00:00,35000,31372.91
2023-07-13,21,BTC-230929-35000-P,BTCUSDT,P,230929-35000,7440.0,7440.0,4500.0,4500.0,0.01,0.01,4635.0,4695.0,2.5,1.5,,0.3893888,4664.0,0.38330019,-0.70991505,6.205e-05,49.27629039,-12.19867066,30.61,956952.08120668,2023-07-13 21:00:00+00:00,35000,31254.01
2023-07-13,22,BTC-230929-35000-P,BTCUSDT,P,230929-35000,7440.0,7440.0,4500.0,4500.0,0.01,0.01,4600.0,4655.0,2.5,1.5,,0.38981915,4627.0,0.38428426,-0.70567199,6.221e-05,49.69077375,-12.33950194,30.61,958629.97003839,2023-07-13 22:00:00+00:00,35000,31309.17
2023-07-13,23,BTC-230929-35000-P,BTCUSDT,P,230929-35000,7440.0,7440.0,4500.0,4500.0,0.01,0.01,4510.0,4570.0,2.5,1.5,,0.39270878,4539.0,0.38679123,-0.69528295,6.252e-05,50.69378667,-12.67752745,30.61,963183.42954507,2023-07-13 23:00:00+00:00,35000,31454.23
2023-07-14,0,BTC-230929-35000-P,BTCUSDT,P,230929-35000,7440.0,7440.0,4500.0,4500.0,0.01,0.01,4475.0,4560.0,2.5,1.5,,0.38938284,4517.0,0.38093805,-0.6997163,6.311e-05,50.33100663,-12.40301421,30.61,962646.57723733,2023-07-14 00:00:00+00:00,35000,31444.01
2023-07-14,1,BTC-230929-35000-P,BTCUSDT,P,230929-35000,7440.0,7440.0,4500.0,4500.0,0.01,0.01,4495.0,4590.0,2.5,1.5,,0.39199352,4542.0,0.38253665,-0.70033089,6.285e-05,50.23099889,-12.43701951,30.61,961650.73975281,2023-07-14 01:00:00+00:00,35000,31418.88
2023-07-14,2,BTC-230929-35000-P,BTCUSDT,P,230929-35000,7440.0,7440.0,4500.0,4500.0,0.01,0.01,4470.0,4550.0,2.5,1.5,,0.38975477,4509.0,0.38182378,-0.69829877,6.31e-05,50.43580679,-12.47118264,30.61,963433.42242428,2023-07-14 02:00:00+00:00,35000,31459.24
2023-07-14,3,BTC-230929-35000-P,BTCUSDT,P,230929-35000,7440.0,7440.0,4500.0,4500.0,0.01,0.01,4475.0,4665.0,2.5,2.33,,0.4122591,4569.0,0.39360881,-0.69105635,6.187e-05,50.95519846,-12.9955153,30.61,962788.95410212,2023-07-14 03:00:00+00:00,35000,31460.0
2023-07-14,4,BTC-230929-35000-P,BTCUSDT,P,230929-35000,7440.0,7440.0,4500.0,4580.0,1.51,1.51,4535.0,4610.0,2.5,1.5,,0.39250135,4572.0,0.38501918,-0.70066664,6.252e-05,50.12112123,-12.51059336,30.61,960870.60521973,2023-07-14 04:00:00+00:00,35000,31390.53
2023-07-14,5,BTC-230929-35000-P,BTCUSDT,P,230929-35000,7440.0,7440.0,4500.0,4580.0,1.51,1.51,4555.0,4630.0,2.5,1.5,,0.39224863,4592.0,0.38473129,-0.70287065,6.243e-05,49.88945771,-12.45018336,30.61,959922.72788695,2023-07-14 05:00:00+00:00,35000,31360.48
2023-07-14,6,BTC-230929-35000-P,BTCUSDT,P,230929-35000,7440.0,7440.0,4500.0,4580.0,1.51,1.51,4570.0,4650.0,2.5,1.5,,0.38688183,4609.0,0.37873983,-0.71104293,6.276e-05,49.12902022,-12.07600703,30.61,957909.3702736,2023-07-14 06:00:00+00:00,35000,31291.22
2023-07-14,7,BTC-230929-35000-P,BTCUSDT,P,230929-35000,4500.0,4580.0,4500.0,4580.0,1.51,1.51,4670.0,4860.0,2.5,2.33,,0.40182352,4763.0,0.38202286,-0.7209672,6.159e-05,48.00236868,-11.90779175,30.61,952274.90011654,2023-07-14 07:00:00+00:00,35000,31098.74
2023-07-14,8,BTC-230929-35000-P,BTCUSDT,P,230929-35000,4500.0,4580.0,4500.0,4580.0,1.51,1.51,4585.0,4665.0,2.5,1.5,,0.38292408,4624.0,0.37468195,-0.71703429,6.294e-05,48.53794502,-11.81567242,30.61,956123.74096935,2023-07-14 08:00:00+00:00,35000,31243.71
2023-07-14,9,BTC-230929-35000-P,BTCUSDT,P,230929-35000,4500.0,4580.0,4500.0,4580.0,1.51,1.51,4670.0,4755.0,2.5,1.5,,0.39374828,4712.0,0.38502574,-0.71351783,6.174e-05,48.72940153,-12.19636254,30.61,955086.16288134,2023-07-14 09:00:00+00:00,35000,31187.04
2023-07-14,10,BTC-230929-35000-P,BTCUSDT,P,230929-35000,4500.0,4580.0,4500.0,4580.0,1.51,1.51,4675.0,4760.0,2.5,1.5,,0.39275646,4717.0,0.38400292,-0.71516369,6.178e-05,48.55997867,-12.12824129,30.61,954143.79871199,2023-07-14 10:00:00+00:00,35000,31175.0
2023-07-14,11,BTC-230929-35000-P,BTCUSDT,P,230929-35000,4500.0,4580.0,4500.0,4580.0,1.51,1.51,4645.0,4730.0,2.5,1.5,,0.39170504,4687.0,0.38297892,-0.71378194,6.203e-05,48.7123246,-12.14042764,30.61,955431.32595068,2023-07-14 11:00:00+00:00,35000,31209.59
2023-07-14,12,BTC-230929-35000-P,BTCUSDT,P,230929-35000,4500.0,4580.0,4500.0,4580.0,1.51,1.51,4710.0,4790.0,2.5,1.5,,0.39281607,4749.0,0.38452744,-0.71762227,6.156e-05,48.26544605,-12.08424472,30.61,953315.90248801,2023-07-14 12:00:00+00:00,35000,31126.75
2023-07-14,13,BTC-230929-35000-P,BTCUSDT,P,230929-35000,4500.0,4580.0,4500.0,4580.0,1.51,1.51,4640.0,4735.0,2.5,1.5,,0.39913893,4687.0,0.38950205,-0.70699505,6.162e-05,49.29327389,-12.50803144,30.61,956883.95881973,2023-07-14 13:00:00+00:00,35000,31253.43
2023-07-14,14,BTC-230929-35000-P,BTCUSDT,P,230929-35000,4500.0,4580.0,4500.0,4580.0,1.51,1.51,4140.0,4680.0,4.16,1.5,,0.39577842,4397.0,0.33738673,-0.74007874,6.698e-05,46.54614564,-10.23620818,30.61,958348.20667041,2023-07-14 14:00:00+00:00,35000,31300.56
2023-07-14,15,BTC-230929-35000-P,BTCUSDT,P,230929-35000,4500.0,4580.0,4500.0,4580.0,1.51,1.51,4660.0,4740.0,2.5,1.5,,0.39874792,4699.0,0.39062381,-0.70711812,6.148e-05,49.23888626,-12.5438337,30.61,956155.30290668,2023-07-14 15:00:00+00:00,35000,31240.48
2023-07-14,16,BTC-230929-35000-P,BTCUSDT,P,230929-35000,4500.0,4580.0,4500.0,4580.0,1.51,1.51,4720.0,4905.0,2.5,2.33,,0.42775154,4811.0,0.4092145,-0.69742805,5.964e-05,49.91585566,-13.32873648,30.61,955463.05271093,2023-07-14 16:00:00+00:00,35000,31214.0
2023-07-14,17,BTC-230929-35000-P,BTCUSDT,P,230929-35000,4500.0,4580.0,4500.0,4580.0,1.51,1.51,3795.0,5140.0,3.0,1.5,,0.4020381,4708.0,0.30101905,-0.8107516,6.394e-05,38.07318206,-7.48253622,30.61,940545.79059014,2023-07-14 17:00:00+00:00,35000,30688.64
2023-07-14,18,BTC-230929-35000-P,BTCUSDT,P,230929-35000,4500.0,4580.0,4500.0,4580.0,1.51,1.51,4420.0,5500.0,2.68,0.01,,0.38051367,5172.0,0.29025683,-0.85705089,5.642e-05,31.12047039,-5.90065965,30.61,921159.70729438,2023-07-14 18:00:00+00:00,35000,30091.83
2023-07-14,19,BTC-230929-35000-P,BTCUSDT,P,230929-35000,4580.0,4580.0,4580.0,4580.0,1.5,1.5,4435.0,5500.0,5.92,0.01,,0.38177013,5168.0,0.29088507,-0.85619884,5.652e-05,31.24333634,-5.94001216,30.61,921319.94223521,2023-07-14 19:00:00+00:00,35000,30115.17
2023-07-14,20,BTC-230929-35000-P,BTCUSDT,P,230929-35000,4580.0,4580.0,4580.0,4580.0,1.5,1.5,4295.0,5500.0,3.96,0.01,,0.39673567,5124.0,0.29836783,-0.8447632,5.786e-05,32.95897161,-6.43088533,30.61,924375.91681305,2023-07-14 20:00:00+00:00,35000,30189.18
2023-07-14,21,BTC-230929-35000-P,BTCUSDT,P,230929-35000,4580.0,4580.0,4580.0,4580.0,1.5,1.5,4300.0,5500.0,4.18,0.01,,0.40587425,5096.0,0.30293713,-0.83768896,5.859e-05,33.98401043,-6.73610702,30.61,925563.79336479,2023-07-14 21:00:00+00:00,35000,30241.99
2023-07-14,22,BTC-230929-35000-P,BTCUSDT,P,230929-35000,4580.0,4580.0,4580.0,4580.0,1.5,1.5,4270.0,5365.0,4.82,1.5,,0.37236452,5048.0,0.28618226,-0.85385452,5.789e-05,31.68752903,-5.9367642,30.61,925939.18633202,2023-07-14 22:00:00+00:00,35000,30227.6
2023-07-14,23,BTC-230929-35000-P,BTCUSDT,P,230929-35000,4580.0,4580.0,4580.0,4580.0,1.5,1.5,4215.0,5305.0,5.31,1.5,,0.37289858,4981.0,0.28644929,-0.84903645,5.897e-05,32.45844389,-6.09019439,30.61,927848.64822322,2023-07-14 23:00:00+00:00,35000,30312.01
2023-07-15,0,BTC-230929-35000-P,BTCUSDT,P,230929-35000,4580.0,4580.0,4580.0,4580.0,1.5,1.5,4205.0,5310.0,5.93,1.5,,0.37706137,4975.0,0.28853068,-0.8462246,5.925e-05,32.86622634,-6.21490769,30.61,928184.62156479,2023-07-15 00:00:00+00:00,35000,30328.76
2023-07-15,1,BTC-230929-35000-P,BTCUSDT,P,230929-35000,4580.0,4580.0,4580.0,4580.0,1.5,1.5,4150.0,5280.0,3.58,1.5,,0.37158966,4958.0,0.28579483,-0.84838108,5.926e-05,32.56023973,-6.10199789,30.61,928695.7379264,2023-07-15 01:00:00+00:00,35000,30336.45
2023-07-15,2,BTC-230929-35000-P,BTCUSDT,P,230929-35000,4580.0,4580.0,4580.0,4580.0,1.5,1.5,4220.0,5290.0,2.53,1.5,,0.36524296,4988.0,0.28262148,-0.85424522,5.847e-05,31.65530848,-5.86974439,30.61,927199.2654824,2023-07-15 02:00:00+00:00,35000,30288.7
2023-07-15,3,BTC-230929-35000-P,BTCUSDT,P,230929-35000,4580.0,4580.0,4580.0,4580.0,1.5,1.5,4220.0,5430.0,2.53,1.18,,0.39929867,5040.0,0.29964933,-0.83814302,5.912e-05,33.92373792,-6.67301352,30.61,927258.0467736,2023-07-15 03:00:00+00:00,35000,30292.91
2023-07-15,4,BTC-230929-35000-P,BTCUSDT,P,230929-35000,4580.0,4580.0,4580.0,4580.0,0.0,0.0,4215.0,5430.0,2.37,1.18,,0.40000439,5039.0,0.30000219,-0.83769271,5.917e-05,33.97969795,-6.69555492,30.61,927558.99352959,2023-07-15 04:00:00+00:00,35000,30295.99
2023-07-15,5,BTC-230929-35000-P,BTCUSDT,P,230929-35000,4580.0,4580.0,4580.0,4580.0,0.0,0.0,4215.0,5285.0,2.37,1.5,,0.36547899,4982.0,0.2827395,-0.85400039,5.855e-05,31.67135712,-5.8848251,30.61,927336.20318558,2023-07-15 05:00:00+00:00,35000,30295.43
2023-07-15,6,BTC-230929-35000-P,BTCUSDT,P,230929-35000,4580.0,4580.0,4580.0,4580.0,0.0,0.0,4215.0,5430.0,2.37,1.18,,0.40286779,5030.0,0.3014339,-0.83563252,5.938e-05,34.2576521,-6.78997113,30.61,927823.26210562,2023-07-15 06:00:00+00:00,35000,30311.49
2023-07-15,7,BTC-230929-35000-P,BTCUSDT,P,230929-35000,4580.0,4580.0,4580.0,4580.0,0.0,0.0,4190.0,5400.0,3.08,1.18,,0.40049076,5005.0,0.30024538,-0.83528568,5.966e-05,34.3238306,-6.77998027,30.61,928596.40343065,2023-07-15 07:00:00+00:00,35000,30338.0
2023-07-15,8,BTC-230929-35000-P,BTCUSDT,P,230929-35000,4580.0,4580.0,4580.0,4580.0,0.0,0.0,4200.0,5255.0,2.7,1.5,,0.36265373,4958.0,0.28132687,-0.85428238,5.877e-05,31.62729623,-5.85689969,30.61,928023.34386586,2023-07-15 08:00:00+00:00,35000,30316.19
2023-07-15,9,BTC-230929-35000-P,BTCUSDT,P,230929-35000,4580.0,4580.0,4580.0,4580.0,0.0,0.0,4200.0,5250.0,2.7,1.5,,0.36776781,4938.0,0.28388391,-0.8499756,5.934e-05,32.27596425,-6.03465997,30.61,929019.35290106,2023-07-15 09:00:00+00:00,35000,30350.06
2023-07-15,10,BTC-230929-35000-P,BTCUSDT,P,230929-35000,4580.0,4580.0,4580.0,4580.0,0.0,0.0,4200.0,5280.0,2.7,1.5,,0.37050962,4963.0,0.28525481,-0.8501956,5.907e-05,32.20943727,-6.05462641,30.61,928310.26384188,2023-07-15 10:00:00+00:00,35000,30325.43
2023-07-15,11,BTC-230929-35000-P,BTCUSDT,P,230929-35000,4580.0,4580.0,4580.0,4580.0,0.0,0.0,4200.0,5285.0,2.7,1.5,,0.3693819,4972.0,0.28469095,-0.85156924,5.886e-05,31.98945552,-6.00468604,30.61,927864.52842185,2023-07-15 11:00:00+00:00,35000,30311.99
2023-07-15,12,BTC-230929-35000-P,BTCUSDT,P,230929-35000,4580.0,4580.0,4580.0,4580.0,0.0,0.0,4190.0,5260.0,4.58,1.5,,0.37043095,4942.0,0.28521547,-0.84894678,5.939e-05,32.39616481,-6.09558179,30.61,929015.45671517,2023-07-15 12:00:00+00:00,35000,30351.1
2023-07-15,13,BTC-230929-35000-P,BTCUSDT,P,230929-35000,4580.0,4580.0,4580.0,4580.0,0.0,0.0,4190.0,5280.0,4.58,1.5,,0.370965,4962.0,0.2854825,-0.85015612,5.908e-05,32.18939281,-6.06568026,30.61,928283.27658558,2023-07-15 13:00:00+00:00,35000,30324.99
2023-07-15,14,BTC-230929-35000-P,BTCUSDT,P,230929-35000,4580.0,4580.0,4580.0,4580.0,0.0,0.0,4190.0,5315.0,4.58,1.5,,0.37163019,4999.0,0.2858151,-0.85238335,5.852e-05,31.81591777,-6.00559265,30.61,926933.17039788,2023-07-15 14:00:00+00:00,35000,30284.48
2023-07-15,15,BTC-230929-35000-P,BTCUSDT,P,230929-35000,4580.0,4580.0,4580.0,4580.0,0.0,0.0,4225.0,5310.0,2.63,1.5,,0.37405729,4987.0,0.28702865,-0.85021011,5.882e-05,32.13923421,-6.09573534,30.61,927560.81667466,2023-07-15 15:00:00+00:00,35000,30303.41
2023-07-15,16,BTC-230929-35000-P,BTCUSDT,P,230929-35000,4580.0,4580.0,4580.0,4580.0,0.0,0.0,4225.0,5330.0,2.63,1.5,,0.37469625,5007.0,0.28734813,-0.85132624,5.852e-05,31.94615121,-6.06920021,30.61,926869.1416353,2023-07-15 16:00:00+00:00,35000,30280.01
2023-07-15,17,BTC-230929-35000-P,BTCUSDT,P,230929-35000,4580.0,4580.0,4580.0,4580.0,0.0,0.0,4225.0,5330.0,2.63,1.5,,0.37544727,5005.0,0.28772364,-0.85084516,5.858e-05,32.00999054,-6.09263251,30.61,926963.78039788,2023-07-15 17:00:00+00:00,35000,30283.13
2023-07-15,18,BTC-230929-35000-P,BTCUSDT,P,230929-35000,4580.0,4580.0,4580.0,4580.0,0.0,0.0,4170.0,5290.0,5.01,1.5,,0.37345171,4967.0,0.28672585,-0.84949044,5.908e-05,32.2376562,-6.11805943,30.61,928211.22535493,2023-07-15 18:00:00+00:00,35000,30321.99
2023-07-15,19,BTC-230929-35000-P,BTCUSDT,P,230929-35000,4580.0,4580.0,4580.0,4580.0,0.0,0.0,4170.0,5500.0,5.01,0.01,,0.42321444,5047.0,0.31160722,-0.82639068,5.967e-05,35.37673501,-7.30042668,30.61,928355.46572959,2023-07-15 19:00:00+00:00,35000,30326.47
2023-07-15,20,BTC-230929-35000-P,BTCUSDT,P,230929-35000,4580.0,4580.0,4580.0,4580.0,0.0,0.0,4225.0,5305.0,2.23,1.5,,0.37321568,4985.0,0.28660784,-0.85102791,5.877e-05,31.97708841,-6.07281022,30.61,927558.48658483,2023-07-15 20:00:00+00:00,35000,30302.01
2023-07-15,21,BTC-230929-35000-P,BTCUSDT,P,230929-35000,4580.0,4580.0,4580.0,4580.0,0.0,0.0,4225.0,5320.0,2.23,1.5,,0.37719965,4990.0,0.28859982,-0.84914407,5.887e-05,32.23863423,-6.16843846,30.61,927587.26909681,2023-07-15 21:00:00+00:00,35000,30302.98
2023-07-15,22,BTC-230929-35000-P,BTCUSDT,P,230929-35000,4580.0,4580.0,4580.0,4580.0,0.0,0.0,4215.0,5335.0,2.65,1.5,,0.37764788,5005.0,0.28882394,-0.8500374,5.865e-05,32.08388144,-6.14699275,30.61,927049.8785912,2023-07-15 22:00:00+00:00,35000,30285.42
2023-07-15,23,BTC-230929-35000-P,BTCUSDT,P,230929-35000,4580.0,4580.0,4580.0,4580.0,0.0,0.0,4215.0,5335.0,2.65,1.5,,0.37847042,5003.0,0.28923521,-0.84950054,5.871e-05,32.15556097,-6.17291085,30.61,927017.56654051,2023-07-15 23:00:00+00:00,35000,30289.52
2023-07-16,0,BTC-230929-35000-P,BTCUSDT,P,230929-35000,4580.0,4580.0,4580.0,4580.0,0.0,0.0,4215.0,5330.0,2.65,1.5,,0.37934065,4995.0,0.28967032,-0.84854631,5.887e-05,32.29341368,-6.21213648,30.61,927484.28158346,2023-07-16 00:00:00+00:00,35000,30299.99
2023-07-16,1,BTC-230929-35000-P,BTCUSDT,P,230929-35000,4580.0,4580.0,4580.0,4580.0,0.0,0.0,4215.0,5355.0,2.65,1.5,,0.37908316,5024.0,0.28954158,-0.85074805,5.84e-05,31.9349003,-6.1438396,30.61,926464.03010106,2023-07-16 01:00:00+00:00,35000,30265.0
2023-07-16,2,BTC-230929-35000-P,BTCUSDT,P,230929-35000,4580.0,4580.0,4580.0,4580.0,0.0,0.0,4295.0,5025.0,3.19,0.01,,0.28645277,4903.0,0.24322639,-0.89704373,5.367e-05,24.61761341,-3.9807106,30.61,926245.1316,2023-07-16 02:00:00+00:00,35000,30252.0
2023-07-16,3,BTC-230929-35000-P,BTCUSDT,P,230929-35000,4580.0,4580.0,4580.0,4580.0,0.0,0.0,4295.0,5025.0,3.19,0.01,,0.26745319,4940.0,0.2337266,-0.91012252,5.067e-05,22.22376045,-3.45517723,30.61,924104.45320562,2023-07-16 03:00:00+00:00,35000,30188.0
2023-07-16,4,BTC-230929-35000-P,BTCUSDT,P,230929-35000,4580.0,4580.0,4580.0,4580.0,0.0,0.0,4390.0,5025.0,4.92,0.01,,0.25895119,4954.0,0.22947559,-0.91576248,4.922e-05,21.14924098,-3.23010574,30.61,923293.64139788,2023-07-16 04:00:00+00:00,35000,30152.25
2023-07-16,5,BTC-230929-35000-P,BTCUSDT,P,230929-35000,4580.0,4580.0,4580.0,4580.0,0.0,0.0,4320.0,5025.0,5.79,0.01,,0.28245211,4911.0,0.24122605,-0.90009105,5.301e-05,24.05248625,-3.86376389,30.61,925581.80953627,2023-07-16 05:00:00+00:00,35000,30238.01
2023-07-16,6,BTC-230929-35000-P,BTCUSDT,P,230929-35000,4580.0,4580.0,4580.0,4580.0,0.0,0.0,4255.0,5025.0,3.63,0.01,,0.28800964,4900.0,0.24400482,-0.89628363,5.384e-05,24.72571358,-4.019895,30.61,926237.4891912,2023-07-16 06:00:00+00:00,35000,30258.77
2023-07-16,7,BTC-230929-35000-P,BTCUSDT,P,230929-35000,4580.0,4580.0,4580.0,4580.0,0.0,0.0,4255.0,5025.0,3.63,0.01,,0.29000759,4896.0,0.2450038,-0.89495532,5.411e-05,24.9537422,-4.07583978,30.61,926419.06031093,2023-07-16 07:00:00+00:00,35000,30265.22
2023-07-16,8,BTC-230929-35000-P,BTCUSDT,P,230929-35000,4580.0,4580.0,4580.0,4580.0,0.0,0.0,4255.0,5025.0,3.63,0.01,,0.29851913,4878.0,0.24925957,-0.88893666,5.532e-05,25.99576284,-4.32219562,30.61,927405.12661022,2023-07-16 08:00:00+00:00,35000,30298.49
2023-07-16,9,BTC-230929-35000-P,BTCUSDT,P,230929-35000,4580.0,4580.0,4580.0,4580.0,0.0,0.0,4255.0,5025.0,3.63,0.01,,0.30009031,4874.0,0.25004516,-0.88788351,5.553e-05,26.16972869,-4.36726111,30.61,927584.60195201,2023-07-16 09:00:00+00:00,35000,30303.13
2023-07-16,10,BTC-230929-35000-P,BTCUSDT,P,230929-35000,4580.0,4580.0,4580.0,4580.0,0.0,0.0,4225.0,5025.0,2.23,0.01,,0.2968812,4882.0,0.2484406,-0.89029781,5.506e-05,25.74656888,-4.27144709,30.61,927200.24769332,2023-07-16 10:00:00+00:00,35000,30290.0
2023-07-16,11,BTC-230929-35000-P,BTCUSDT,P,230929-35000,4580.0,4580.0,4580.0,4580.0,0.0,0.0,4225.0,5025.0,2.23,0.01,,0.30095339,4873.0,0.25047669,-0.88743318,5.562e-05,26.23259788,-4.39019157,30.61,927666.24153406,2023-07-16 11:00:00+00:00,35000,30306.01
2023-07-16,12,BTC-230929-35000-P,BTCUSDT,P,230929-35000,4580.0,4580.0,4580.0,4580.0,0.0,0.0,4215.0,5025.0,4.57,0.01,,0.29789209,4880.0,0.24894605,-0.88974394,5.517e-05,25.82821335,-4.298494,30.61,927285.15176055,2023-07-16 12:00:00+00:00,35000,30293.97
2023-07-16,13,BTC-230929-35000-P,BTCUSDT,P,230929-35000,4580.0,4580.0,4580.0,4580.0,0.0,0.0,4215.0,5025.0,4.57,0.01,,0.30052185,4874.0,0.25026093,-0.88792583,5.553e-05,26.13387812,-4.37477425,30.61,927527.26340562,2023-07-16 13:00:00+00:00,35000,30303.93
2023-07-16,14,BTC-230929-35000-P,BTCUSDT,P,230929-35000,4580.0,4580.0,4580.0,4580.0,0.0,0.0,4160.0,5025.0,5.48,0.01,,0.32340288,4820.0,0.26170144,-0.87090188,5.849e-05,28.95557525,-5.07153235,30.61,930415.60282322,2023-07-16 14:00:00+00:00,35000,30401.99
2023-07-16,15,BTC-230929-35000-P,BTCUSDT,P,230929-35000,4580.0,4580.0,4580.0,4580.0,0.0,0.0,4145.0,5025.0,4.06,0.01,,0.3184557,4832.0,0.25922785,-0.87477583,5.787e-05,28.31926399,-4.91594245,30.61,929916.37390562,2023-07-16 15:00:00+00:00,35000,30379.95
2023-07-16,16,BTC-230929-35000-P,BTCUSDT,P,230929-35000,4580.0,4580.0,4580.0,4580.0,0.0,0.0,4145.0,5025.0,4.06,0.01,,0.31522274,4840.0,0.25761137,-0.87731596,5.745e-05,27.89484474,-4.81475917,30.61,929433.82239226,2023-07-16 16:00:00+00:00,35000,30364.17
2023-07-16,17,BTC-230929-35000-P,BTCUSDT,P,230929-35000,4580.0,4580.0,4580.0,4580.0,0.0,0.0,4145.0,5025.0,4.06,0.01,,0.31955004,4830.0,0.25977502,-0.87413631,5.798e-05,28.40803379,-4.94728248,30.61,930003.47785599,2023-07-16 17:00:00+00:00,35000,30381.92
2023-07-16,18,BTC-230929-35000-P,BTCUSDT,P,230929-35000,4580.0,4580.0,4580.0,4580.0,0.0,0.0,4255.0,5025.0,5.9,0.01,,0.29344559,4890.0,0.24672279,-0.89345793,5.444e-05,25.14117985,-4.1606939,30.61,926582.23515706,2023-07-16 18:00:00+00:00,35000,30276.87
2023-07-16,19,BTC-230929-35000-P,BTCUSDT,P,230929-35000,4580.0,4580.0,4580.0,4580.0,0.0,0.0,4255.0,5025.0,5.9,0.01,,0.28879642,4900.0,0.24439821,-0.89683128,5.374e-05,24.54105362,-4.02536155,30.61,926066.93094401,2023-07-16 19:00:00+00:00,35000,30252.93
2023-07-16,20,BTC-230929-35000-P,BTCUSDT,P,230929-35000,4580.0,4580.0,4580.0,4580.0,0.0,0.0,4255.0,5025.0,5.9,0.01,,0.29288292,4891.0,0.24644146,-0.89403065,5.433e-05,25.02722271,-4.14174214,30.61,926677.83926935,2023-07-16 20:00:00+00:00,35000,30271.64
2023-07-16,21,BTC-230929-35000-P,BTCUSDT,P,230929-35000,4580.0,4580.0,4580.0,4580.0,0.0,0.0,4255.0,5025.0,5.9,0.01,,0.29814005,4880.0,0.24907002,-0.89035931,5.507e-05,25.65845761,-4.2938981,30.61,927288.5257582,2023-07-16 21:00:00+00:00,35000,30292.65
2023-07-16,22,BTC-230929-35000-P,BTCUSDT,P,230929-35000,4580.0,4580.0,4580.0,4580.0,0.0,0.0,4230.0,5025.0,2.86,0.01,,0.30605316,4862.0,0.25302658,-0.88469442,5.615e-05,26.61875992,-4.52790101,30.61,928280.26604188,2023-07-16 22:00:00+00:00,35000,30321.03
2023-07-16,23,BTC-230929-35000-P,BTCUSDT,P,230929-35000,4580.0,4580.0,4580.0,4580.0,0.0,0.0,4325.0,5025.0,5.64,0.01,,0.28204918,4914.0,0.24102459,-0.90185509,5.265e-05,23.61720182,-3.82891849,30.61,925305.01104294,2023-07-16 23:00:00+00:00,35000,30231.99
2023-07-17,0,BTC-230929-35000-P,BTCUSDT,P,230929-35000,4580.0,4580.0,4580.0,4580.0,0.0,0.0,4295.0,5025.0,3.28,0.01,,0.27674913,4924.0,0.23837457,-0.90554953,5.18e-05,22.94002643,-3.68030377,30.61,924664.26301305,2023-07-17 00:00:00+00:00,35000,30213.99
2023-07-17,1,BTC-230929-35000-P,BTCUSDT,P,230929-35000,4580.0,4580.0,4580.0,4580.0,0.0,0.0,4295.0,5025.0,3.28,0.01,,0.29797316,4881.0,0.24898658,-0.89083291,5.498e-05,25.54849204,-4.28365698,30.61,927218.87942853,2023-07-17 01:00:00+00:00,35000,30291.05
2023-07-17,2,BTC-230929-35000-P,BTCUSDT,P,230929-35000,4580.0,4580.0,4580.0,4580.0,0.0,0.0,4255.0,5025.0,5.0,0.01,,0.29065609,4897.0,0.24532804,-0.89612119,5.39e-05,24.61907816,-4.06945494,30.61,926293.22966479,2023-07-17 02:00:00+00:00,35000,30262.0
2023-07-17,3,BTC-230929-35000-P,BTCUSDT,P,230929-35000,4580.0,4580.0,4580.0,4580.0,0.0,0.0,4255.0,5025.0,5.0,0.01,,0.30387402,4868.0,0.25193701,-0.88674308,5.577e-05,26.23511617,-4.45590717,30.61,927827.22458695,2023-07-17 03:00:00+00:00,35000,30312.66
2023-07-17,4,BTC-230929-35000-P,BTCUSDT,P,230929-35000,4580.0,4580.0,4580.0,4580.0,0.0,0.0,4240.0,5025.0,5.04,0.01,,0.29980421,4877.0,0.24990211,-0.88978147,5.519e-05,25.70848224,-4.33362754,30.61,927354.24290319,2023-07-17 04:00:00+00:00,35000,30296.44
2023-07-17,5,BTC-230929-35000-P,BTCUSDT,P,230929-35000,4580.0,4580.0,4580.0,4580.0,0.0,0.0,4240.0,5025.0,4.5,0.01,,0.29174328,4895.0,0.24587164,-0.8956136,5.401e-05,24.68796154,-4.09678422,30.61,926401.76734294,2023-07-17 05:00:00+00:00,35000,30264.27
2023-07-17,6,BTC-230929-35000-P,BTCUSDT,P,230929-35000,4580.0,4580.0,4580.0,4580.0,0.0,0.0,4495.0,5025.0,2.62,0.01,,0.29431343,4889.0,0.24715672,-0.89388312,5.437e-05,24.98409129,-4.16993921,30.61,926643.81844051,2023-07-17 06:00:00+00:00,35000,30275.11
2023-07-17,7,BTC-230929-35000-P,BTCUSDT,P,230929-35000,4580.0,4580.0,4580.0,4580.0,0.0,0.0,4495.0,5025.0,2.62,0.01,,0.29567719,4886.0,0.24783859,-0.89300171,5.455e-05,25.13068479,-4.20834633,30.61,926588.20242534,2023-07-17 07:00:00+00:00,35000,30281.0
2023-07-17,8,BTC-230929-35000-P,BTCUSDT,P,230929-35000,4580.0,4580.0,4580.0,4580.0,0.0,0.0,4495.0,5025.0,2.62,0.01,,0.29111385,4896.0,0.24555693,-0.89631477,5.387e-05,24.54423372,-4.07459537,30.61,926381.32928134,2023-07-17 08:00:00+00:00,35000,30261.9
2023-07-17,9,BTC-230929-35000-P,BTCUSDT,P,230929-35000,4580.0,5025.0,4580.0,5025.0,0.01,0.01,4830.0,5365.0,4.03,1.5,,0.36869764,5071.0,0.28434882,-0.86283905,5.683e-05,29.81294165,-5.7343451,30.61,923914.95712322,2023-07-17 09:00:00+00:00,35000,30182.0
2023-07-17,10,BTC-230929-35000-P,BTCUSDT,P,230929-35000,4580.0,5025.0,4580.0,5025.0,0.01,0.01,4805.0,5340.0,2.98,1.5,,0.35861969,5071.0,0.27930984,-0.86869526,5.62e-05,28.90737606,-5.46471215,30.61,923354.33665493,2023-07-17 10:00:00+00:00,35000,30163.93
2023-07-17,11,BTC-230929-35000-P,BTCUSDT,P,230929-35000,4580.0,5025.0,4580.0,5025.0,0.01,0.01,4780.0,5315.0,5.27,1.5,,0.35169125,5063.0,0.27584562,-0.87217526,5.587e-05,28.36468569,-5.29860485,30.61,923367.58977572,2023-07-17 11:00:00+00:00,35000,30161.7
2023-07-17,12,BTC-230929-35000-P,BTCUSDT,P,230929-35000,4580.0,5025.0,4580.0,5025.0,0.01,0.01,4750.0,5280.0,4.9,1.5,,0.35172939,5025.0,0.2758647,-0.8698018,5.652e-05,28.76194344,-5.37621924,30.61,924585.76686373,2023-07-17 12:00:00+00:00,35000,30206.0
2023-07-17,13,BTC-230929-35000-P,BTCUSDT,P,230929-35000,4580.0,5025.0,4580.0,5025.0,0.01,0.01,4685.0,5210.0,5.7,1.5,,0.35029888,4953.0,0.27514944,-0.86599052,5.767e-05,29.40942346,-5.48609163,30.61,927113.16728907,2023-07-17 13:00:00+00:00,35000,30286.64
2023-07-17,14,BTC-230929-35000-P,BTCUSDT,P,230929-35000,4580.0,5025.0,4580.0,5025.0,0.01,0.01,4685.0,5210.0,5.0,1.5,,0.34825802,4959.0,0.27412901,-0.86763765,5.743e-05,29.14216398,-5.41913711,30.61,926974.2315264,2023-07-17 14:00:00+00:00,35000,30274.8
2023-07-17,15,BTC-230929-35000-P,BTCUSDT,P,230929-35000,4580.0,5025.0,4580.0,5025.0,0.01,0.01,4765.0,5300.0,2.35,1.5,,0.35070658,5050.0,0.27535329,-0.87226004,5.599e-05,28.3310726,-5.29483221,30.61,923720.59035068,2023-07-17 15:00:00+00:00,35000,30174.83
2023-07-17,16,BTC-230929-35000-P,BTCUSDT,P,230929-35000,4580.0,5025.0,4580.0,5025.0,0.01,0.01,4500.0,5345.0,0.01,1.5,,0.35651684,5083.0,0.27825842,-0.87120768,5.579e-05,28.45714348,-5.37754653,30.61,922478.70228558,2023-07-17 16:00:00+00:00,35000,30144.01
2023-07-17,17,BTC-230929-35000-P,BTCUSDT,P,230929-35000,4580.0,5025.0,4580.0,5025.0,0.01,0.01,4500.0,5430.0,0.01,1.5,,0.35472393,5180.0,0.27736197,-0.87838725,5.399e-05,27.2287238,-5.13174031,30.61,919746.91788134,2023-07-17 17:00:00+00:00,35000,30030.67
2023-07-17,18,BTC-230929-35000-P,BTCUSDT,P,230929-35000,4580.0,5025.0,4580.0,5025.0,0.01,0.01,4720.0,5630.0,2.79,1.5,,0.35879135,5387.0,0.27939568,-0.88850775,5.079e-05,25.39992511,-4.82490297,30.61,912580.66554699,2023-07-17 18:00:00+00:00,35000,29802.39
2023-07-17,19,BTC-230929-35000-P,BTCUSDT,P,230929-35000,4580.0,5025.0,4580.0,5025.0,0.01,0.01,4655.0,5545.0,3.42,1.5,,0.35656452,5301.0,0.27828226,-0.88478161,5.206e-05,26.07696973,-4.93656935,30.61,914571.14741873,2023-07-17 19:00:00+00:00,35000,29884.39
2023-07-17,20,BTC-230929-35000-P,BTCUSDT,P,230929-35000,4580.0,5025.0,4580.0,5025.0,0.01,0.01,4670.0,5530.0,4.73,1.5,,0.35916805,5278.0,0.27958403,-0.88211232,5.263e-05,26.52252032,-5.04726388,30.61,915988.64970349,2023-07-17 20:00:00+00:00,35000,29926.19
2023-07-17,21,BTC-230929-35000-P,BTCUSDT,P,230929-35000,4580.0,5025.0,4580.0,5025.0,0.01,0.01,4500.0,5290.0,0.01,1.5,,0.36312819,5007.0,0.28156409,-0.8628845,5.746e-05,29.76548334,-5.70775709,30.61,925699.90267873,2023-07-17 21:00:00+00:00,35000,30242.59
2023-07-17,22,BTC-230929-35000-P,BTCUSDT,P,230929-35000,4580.0,5025.0,4580.0,5025.0,0.01,0.01,4500.0,5385.0,0.01,1.5,,0.35847664,5123.0,0.27923832,-0.87314089,5.519e-05,28.07122312,-5.34143777,30.61,921691.62401175,2023-07-17 22:00:00+00:00,35000,30106.74
2023-07-17,23,BTC-230929-35000-P,BTCUSDT,P,230929-35000,4580.0,5025.0,4580.0,5025.0,0.01,0.01,4500.0,5355.0,0.01,1.5,,0.3580308,5092.0,0.2790154,-0.87149846,5.568e-05,28.34803789,-5.3928667,30.61,922528.70086161,2023-07-17 23:00:00+00:00,35000,30138.0
2023-07-18,0,BTC-230929-35000-P,BTCUSDT,P,230929-35000,4580.0,5025.0,4580.0,5025.0,0.01,0.01,4500.0,5355.0,0.01,1.5,,0.36452293,5074.0,0.28226147,-0.8668097,5.638e-05,29.07989402,-5.59963542,30.61,923659.1988,2023-07-18 00:00:00+00:00,35000,30168.01
2023-07-18,1,BTC-230929-35000-P,BTCUSDT,P,230929-35000,4580.0,5025.0,4580.0,5025.0,0.01,0.01,4500.0,5295.0,0.01,1.5,,0.35906792,5024.0,0.27953396,-0.86671602,5.688e-05,29.13258491,-5.55873412,30.61,925033.55079894,2023-07-18 01:00:00+00:00,35000,30215.84
2023-07-18,2,BTC-230929-35000-P,BTCUSDT,P,230929-35000,4580.0,5025.0,4580.0,5025.0,0.01,0.01,5.0,5385.0,0.02,1.5,,0.36270857,5112.0,0.28135428,-0.87045792,5.56e-05,28.46672301,-5.47016497,30.61,921968.96841973,2023-07-18 02:00:00+00:00,35000,30120.0
2023-07-18,3,BTC-230929-35000-P,BTCUSDT,P,230929-35000,4580.0,5025.0,4580.0,5025.0,0.01,0.01,5.0,5405.0,0.02,1.5,,0.35847425,5145.0,0.27923713,-0.87501053,5.474e-05,27.71754056,-5.28913338,30.61,920817.76332079,2023-07-18 03:00:00+00:00,35000,30073.96
2023-07-18,4,BTC-230929-35000-P,BTCUSDT,P,230929-35000,4580.0,5025.0,4580.0,5025.0,0.01,0.01,5.0,5385.0,0.02,1.5,,0.36245823,5113.0,0.28122911,-0.870846,5.555e-05,28.38939401,-5.45909256,30.61,921895.68606161,2023-07-18 04:00:00+00:00,35000,30118.19
2023-07-18,5,BTC-230929-35000-P,BTCUSDT,P,230929-35000,5025.0,5025.0,5025.0,5025.0,0.01,0.01,5.0,5420.0,0.02,1.5,,0.35742998,5165.0,0.27871499,-0.87697351,5.432e-05,27.37447532,-5.21984636,30.61,920083.0224088,2023-07-18 05:00:00+00:00,35000,30052.22
2023-07-18,6,BTC-230929-35000-P,BTCUSDT,P,230929-35000,5025.0,5025.0,5025.0,5025.0,0.01,0.01,5.0,5465.0,0.02,1.5,,0.35523415,5219.0,0.27761707,-0.88160894,5.321e-05,26.57840969,-5.05096575,30.61,917718.35618027,2023-07-18 06:00:00+00:00,35000,29988.62
2023-07-18,7,BTC-230929-35000-P,BTCUSDT,P,230929-35000,5025.0,5025.0,5025.0,5025.0,0.01,0.01,5.0,5630.0,0.02,1.15,,0.39534092,5291.0,0.29767046,-0.86425688,5.463e-05,29.20722815,-5.95488195,30.61,917333.39001973,2023-07-18 07:00:00+00:00,35000,29968.13
2023-07-18,8,BTC-230929-35000-P,BTCUSDT,P,230929-35000,5025.0,5025.0,5025.0,5025.0,0.01,0.01,5.0,5455.0,0.02,1.5,,0.36064386,5195.0,0.28032193,-0.87732514,5.4e-05,27.26885541,-5.23864558,30.61,918823.73037253,2023-07-18 08:00:00+00:00,35000,30021.99
2023-07-18,9,BTC-230929-35000-P,BTCUSDT,P,230929-35000,5025.0,5025.0,5025.0,5025.0,0.0,0.0,5.0,5505.0,0.02,1.5,,0.3609395,5249.0,0.28046975,-0.8805221,5.31e-05,26.70506129,-5.13597306,30.61,917128.47793414,2023-07-18 09:00:00+00:00,35000,29956.94
2023-07-18,10,BTC-230929-35000-P,BTCUSDT,P,230929-35000,5025.0,5025.0,5025.0,5025.0,0.0,0.0,5.0,5475.0,0.02,1.5,,0.36025524,5218.0,0.28012762,-0.87912895,5.356e-05,26.94648014,-5.17904094,30.61,918402.10621442,2023-07-18 10:00:00+00:00,35000,29990.65
2023-07-18,11,BTC-230929-35000-P,BTCUSDT,P,230929-35000,5025.0,5025.0,5025.0,5025.0,0.0,0.0,4980.0,5540.0,5.54,1.5,,0.3533411,5306.0,0.27667055,-0.88819706,5.151e-05,25.39489538,-4.82335372,30.61,915065.37402534,2023-07-18 11:00:00+00:00,35000,29884.01
2023-07-18,12,BTC-230929-35000-P,BTCUSDT,P,230929-35000,5025.0,5025.0,5025.0,5025.0,0.0,0.0,5075.0,5630.0,5.64,1.5,,0.35471439,5400.0,0.2773572,-0.89291362,5e-05,24.52816799,-4.67296817,30.61,911640.34039575,2023-07-18 12:00:00+00:00,35000,29784.0
2023-07-18,13,BTC-230929-35000-P,BTCUSDT,P,230929-35000,5025.0,5025.0,5025.0,5025.0,0.0,0.0,5055.0,5740.0,5.76,1.15,,0.39651394,5410.0,0.29825697,-0.87155158,5.282e-05,27.93909424,-5.72716718,30.61,911827.29012959,2023-07-18 13:00:00+00:00,35000,29831.99
2023-07-18,14,BTC-230929-35000-P,BTCUSDT,P,230929-35000,5025.0,5025.0,5025.0,5025.0,0.0,0.0,4975.0,5530.0,5.64,1.5,,0.36049843,5278.0,0.28024921,-0.88294501,5.251e-05,26.2526722,-5.05945415,30.61,915644.39413065,2023-07-18 14:00:00+00:00,35000,29924.78
2023-07-18,15,BTC-230929-35000-P,BTCUSDT,P,230929-35000,5025.0,5025.0,5025.0,5025.0,0.0,0.0,4995.0,5545.0,4.2,1.5,,0.36201,5290.0,0.281005,-0.88296482,5.24e-05,26.23127203,-5.07186981,30.61,915743.34516055,2023-07-18 15:00:00+00:00,35000,29912.0
2023-07-18,16,BTC-230929-35000-P,BTCUSDT,P,230929-35000,5025.0,5025.0,5025.0,5025.0,0.0,0.0,4910.0,5740.0,4.24,1.5,,0.36825418,5486.0,0.28412709,-0.89102794,4.962e-05,24.74433548,-4.84029946,30.61,909614.43940986,2023-07-18 16:00:00+00:00,35000,29701.2
2023-07-18,17,BTC-230929-35000-P,BTCUSDT,P,230929-35000,5025.0,5025.0,5025.0,5025.0,0.0,0.0,4790.0,5620.0,4.47,1.5,,0.3624773,5371.0,0.28123865,-0.88759456,5.106e-05,25.39670284,-4.92022961,30.61,912220.19134401,2023-07-18 17:00:00+00:00,35000,29821.77
2023-07-18,18,BTC-230929-35000-P,BTCUSDT,P,230929-35000,5025.0,5025.0,5025.0,5025.0,0.0,0.0,4685.0,5565.0,2.46,1.5,,0.36612034,5302.0,0.28306017,-0.88171134,5.247e-05,26.40016356,-5.15071814,30.61,915245.01099681,2023-07-18 18:00:00+00:00,35000,29904.98
2023-07-18,19,BTC-230929-35000-P,BTCUSDT,P,230929-35000,5025.0,5025.0,5025.0,5025.0,0.0,0.0,4855.0,5710.0,4.84,1.5,,0.3622961,5469.0,0.28114805,-0.89340535,4.938e-05,24.34166871,-4.71973217,30.61,909759.59472079,2023-07-18 19:00:00+00:00,35000,29715.99
2023-07-18,20,BTC-230929-35000-P,BTCUSDT,P,230929-35000,5025.0,5025.0,5025.0,5025.0,0.0,0.0,4805.0,5655.0,2.09,1.5,,0.36235571,5410.0,0.28117785,-0.89012775,5.036e-05,24.92673319,-4.83646526,30.61,911396.26432853,2023-07-18 20:00:00+00:00,35000,29778.0
2023-07-18,21,BTC-230929-35000-P,BTCUSDT,P,230929-35000,5025.0,5025.0,5025.0,5025.0,0.0,0.0,4775.0,5635.0,5.7,1.5,,0.36200523,5389.0,0.28100262,-0.88922544,5.067e-05,25.08504805,-4.866948,30.61,912128.31425175,2023-07-18 21:00:00+00:00,35000,29800.86
2023-07-18,22,BTC-230929-35000-P,BTCUSDT,P,230929-35000,5025.0,5025.0,5025.0,5025.0,0.0,0.0,4790.0,5630.0,3.8,1.5,,0.36528111,5376.0,0.28264055,-0.88681347,5.114e-05,25.48384867,-4.97600547,30.61,912577.82041973,2023-07-18 22:00:00+00:00,35000,29819.68
2023-07-18,23,BTC-230929-35000-P,BTCUSDT,P,230929-35000,5025.0,5025.0,5025.0,5025.0,0.0,0.0,4750.0,5600.0,4.44,1.5,,0.3660512,5341.0,0.2830256,-0.8844961,5.175e-05,25.88121048,-5.06339441,30.61,914158.65536935,2023-07-18 23:00:00+00:00,35000,29859.13
2023-07-19,0,BTC-230929-35000-P,BTCUSDT,P,230929-35000,5025.0,5025.0,5025.0,5025.0,0.0,0.0,4525.0,5545.0,2.77,1.18,,0.39388418,5206.0,0.29694209,-0.86117884,5.571e-05,29.60384301,-6.07997162,30.61,919902.61514188,2023-07-19 00:00:00+00:00,35000,30055.32
2023-07-19,1,BTC-230929-35000-P,BTCUSDT,P,230929-35000,5025.0,5025.0,5025.0,5025.0,0.0,0.0,4570.0,5580.0,3.58,1.18,,0.39246082,5249.0,0.29623041,-0.86479407,5.496e-05,29.01590892,-5.94836904,30.61,918499.60410986,2023-07-19 01:00:00+00:00,35000,30006.01
2023-07-19,2,BTC-230929-35000-P,BTCUSDT,P,230929-35000,5025.0,5025.0,5025.0,5025.0,0.0,0.0,4570.0,5580.0,3.58,1.17,,0.39592981,5239.0,0.29796491,-0.86238311,5.529e-05,29.37672238,-6.06109471,30.61,918669.62079575,2023-07-19 02:00:00+00:00,35000,30024.0
2023-07-19,3,BTC-230929-35000-P,BTCUSDT,P,230929-35000,5025.0,5025.0,5025.0,5025.0,0.0,0.0,4530.0,5525.0,3.48,1.17,,0.38956881,5197.0,0.2947844,-0.86324808,5.559e-05,29.2788881,-5.97987863,30.61,920168.58913202,2023-07-19 03:00:00+00:00,35000,30059.11
2023-07-19,4,BTC-230929-35000-P,BTCUSDT,P,230929-35000,5025.0,5025.0,5025.0,5025.0,0.0,0.0,4500.0,5485.0,0.01,1.17,,0.38725376,5160.0,0.29362688,-0.86221372,5.604e-05,29.45949881,-5.99660267,30.61,921395.79448801,2023-07-19 04:00:00+00:00,35000,30099.08
2023-07-19,5,BTC-230929-35000-P,BTCUSDT,P,230929-35000,5025.0,5025.0,5025.0,5025.0,0.0,0.0,4500.0,5485.0,0.01,1.17,,0.38778067,5158.0,0.29389033,-0.86193457,5.608e-05,29.49369917,-6.01242429,30.61,921560.10627678,2023-07-19 05:00:00+00:00,35000,30098.39
2023-07-19,6,BTC-230929-35000-P,BTCUSDT,P,230929-35000,5025.0,5025.0,5025.0,5025.0,0.0,0.0,5005.0,5545.0,5.94,1.17,,0.39171219,5213.0,0.29585609,-0.86342285,5.542e-05,29.21189554,-5.99827595,30.61,919659.79374825,2023-07-19 06:00:00+00:00,35000,30044.59
2023-07-19,7,BTC-230929-35000-P,BTCUSDT,P,230929-35000,5025.0,5025.0,5025.0,5025.0,0.0,0.0,5035.0,5575.0,4.69,1.17,,0.39088249,5249.0,0.29544125,-0.86623347,5.481e-05,28.74906046,-5.89837283,30.61,918480.35681093,2023-07-19 07:00:00+00:00,35000,30000.68
2023-07-19,8,BTC-230929-35000-P,BTCUSDT,P,230929-35000,5025.0,5025.0,5025.0,5025.0,0.0,0.0,5095.0,5600.0,3.82,1.17,,0.38162708,5302.0,0.29081354,-0.87462823,5.338e-05,27.40893938,-5.53854507,30.61,916085.60196161,2023-07-19 08:00:00+00:00,35000,29923.28
2023-07-19,9,BTC-230929-35000-P,BTCUSDT,P,230929-35000,5025.0,5025.0,5025.0,5025.0,0.0,0.0,5095.0,5540.0,3.82,1.17,,0.38375139,5283.0,0.30946374,-0.85337802,5.57e-05,30.58946312,-6.5814564,30.61,918609.42000774,2023-07-19 09:00:00+00:00,35000,30006.3
2023-07-19,10,BTC-230929-35000-P,BTCUSDT,P,230929-35000,5025.0,5025.0,5025.0,5025.0,0.0,0.0,5005.0,5540.0,3.61,1.17,,0.37916899,5244.0,0.28958449,-0.87253419,5.415e-05,27.76899772,-5.59406598,30.61,917823.48302959,2023-07-19 10:00:00+00:00,35000,29988.0
2023-07-19,11,BTC-230929-35000-P,BTCUSDT,P,230929-35000,5025.0,5025.0,5025.0,5025.0,0.0,0.0,5030.0,5535.0,2.39,1.17,,0.383389,5227.0,0.2916945,-0.86928351,5.468e-05,28.27420459,-5.74066955,30.61,918827.0739264,2023-07-19 11:00:00+00:00,35000,30012.63
2023-07-19,12,BTC-230929-35000-P,BTCUSDT,P,230929-35000,5025.0,5025.0,5025.0,5025.0,0.0,0.0,5065.0,5595.0,4.92,1.17,,0.3860116,5286.0,0.2930058,-0.8716196,5.388e-05,27.85596084,-5.68447367,30.61,916869.54760774,2023-07-19 12:00:00+00:00,35000,29950.01
2023-07-19,13,BTC-230929-35000-P,BTCUSDT,P,230929-35000,5025.0,5025.0,5025.0,5025.0,0.0,0.0,5020.0,5565.0,4.1,1.17,,0.38747549,5249.0,0.29373775,-0.86863369,5.455e-05,28.33654952,-5.80035737,30.61,918259.43670425,2023-07-19 13:00:00+00:00,35000,29994.3
2023-07-19,14,BTC-230929-35000-P,BTCUSDT,P,230929-35000,5025.0,5025.0,5025.0,5025.0,0.0,0.0,5130.0,5695.0,3.6,1.17,,0.38591385,5396.0,0.29295692,-0.87853044,5.21e-05,26.67074973,-5.44802758,30.61,913043.54316055,2023-07-19 14:00:00+00:00,35000,29824.01
2023-07-19,15,BTC-230929-35000-P,BTCUSDT,P,230929-35000,5025.0,5025.0,5025.0,5025.0,0.0,0.0,5025.0,5575.0,4.42,1.17,,0.38223743,5275.0,0.29111872,-0.87325163,5.379e-05,27.59049885,-5.60379721,30.61,916665.57736798,2023-07-19 15:00:00+00:00,35000,29956.46
2023-07-19,16,BTC-230929-35000-P,BTCUSDT,P,230929-35000,5025.0,5025.0,5025.0,5025.0,0.0,0.0,4710.0,5635.0,3.88,1.17,,0.38722277,5327.0,0.29361138,-0.8738799,5.326e-05,27.43908761,-5.62403293,30.61,915070.20098695,2023-07-19 16:00:00+00:00,35000,29903.9
2023-07-19,17,BTC-230929-35000-P,BTCUSDT,P,230929-35000,5025.0,5025.0,5025.0,5025.0,0.0,0.0,4540.0,5515.0,2.44,1.17,,0.37431479,5231.0,0.28715739,-0.87501406,5.397e-05,27.34034925,-5.48380591,30.61,917525.64772959,2023-07-19 17:00:00+00:00,35000,29993.18
2023-07-19,18,BTC-230929-35000-P,BTCUSDT,P,230929-35000,5025.0,5025.0,5025.0,5025.0,0.0,0.0,4555.0,5455.0,4.75,1.17,,0.37598133,5161.0,0.28799067,-0.86982825,5.522e-05,28.19320511,-5.67458026,30.61,920589.66836479,2023-07-19 18:00:00+00:00,35000,30078.0
2023-07-19,19,BTC-230929-35000-P,BTCUSDT,P,230929-35000,5025.0,5025.0,5025.0,5025.0,0.0,0.0,4515.0,5455.0,5.21,1.17,,0.36924839,5179.0,0.2846242,-0.87476076,5.446e-05,27.40913311,-5.45545537,30.61,919645.02500699,2023-07-19 19:00:00+00:00,35000,30044.31
2023-07-19,20,BTC-230929-35000-P,BTCUSDT,P,230929-35000,5025.0,5025.0,5025.0,5025.0,0.0,0.0,4595.0,5520.0,2.42,1.17,,0.36987782,5249.0,0.28493891,-0.87877188,5.333e-05,26.71329322,-5.32593961,30.61,916912.11739175,2023-07-19 20:00:00+00:00,35000,29964.95
2023-07-19,21,BTC-230929-35000-P,BTCUSDT,P,230929-35000,5025.0,5025.0,5025.0,5025.0,0.0,0.0,4500.0,5550.0,0.01,1.17,,0.37111282,5278.0,0.28555641,-0.87998821,5.291e-05,26.48817555,-5.2955896,30.61,916249.65137921,2023-07-19 21:00:00+00:00,35000,29933.96
2023-07-19,22,BTC-230929-35000-P,BTCUSDT,P,230929-35000,5025.0,5025.0,5025.0,5025.0,0.0,0.0,4725.0,5610.0,5.64,1.17,,0.374403,5335.0,0.2872015,-0.88172527,5.219e-05,26.15673759,-5.26252403,30.61,914524.77115175,2023-07-19 22:00:00+00:00,35000,29872.8
2023-07-19,23,BTC-230929-35000-P,BTCUSDT,P,230929-35000,5025.0,5025.0,5025.0,5025.0,0.0,0.0,4670.0,5550.0,5.31,1.17,,0.36587954,5292.0,0.28293977,-0.88379131,5.227e-05,25.85579621,-5.12777929,30.61,915403.69525493,2023-07-19 23:00:00+00:00,35000,29909.21
2023-07-20,0,BTC-230929-35000-P,BTCUSDT,P,230929-35000,5025.0,5025.0,5025.0,5025.0,0.0,0.0,4620.0,5510.0,5.99,1.16,,0.37528753,5224.0,0.28764377,-0.87471697,5.406e-05,27.33642854,-5.51477638,30.61,918289.96933839,2023-07-20 00:00:00+00:00,35000,30000.0
2023-07-20,1,BTC-230929-35000-P,BTCUSDT,P,230929-35000,5025.0,5025.0,5025.0,5025.0,0.0,0.0,4595.0,5510.0,2.9,1.16,,0.37282467,5231.0,0.28641233,-0.8765565,5.377e-05,27.03656201,-5.43410778,30.61,918023.17123308,2023-07-20 01:00:00+00:00,35000,29987.33
2023-07-20,2,BTC-230929-35000-P,BTCUSDT,P,230929-35000,5025.0,5025.0,5025.0,5025.0,0.0,0.0,4580.0,5510.0,5.58,1.16,,0.37242413,5232.0,0.28621206,-0.8769408,5.371e-05,26.96758338,-5.419623,30.61,917748.36407147,2023-07-20 02:00:00+00:00,35000,29985.53
2023-07-20,3,BTC-230929-35000-P,BTCUSDT,P,230929-35000,5025.0,5025.0,5025.0,5025.0,0.0,0.0,4660.0,5545.0,2.26,1.16,,0.37380219,5267.0,0.28690109,-0.87840581,5.322e-05,26.70037023,-5.38198886,30.61,916855.55782853,2023-07-20 03:00:00+00:00,35000,29948.01
2023-07-20,4,BTC-230929-35000-P,BTCUSDT,P,230929-35000,5025.0,5025.0,5025.0,5025.0,0.0,0.0,4620.0,5515.0,5.98,1.16,,0.36869049,5248.0,0.28434525,-0.88008366,5.316e-05,26.4448871,-5.2860996,30.61,917174.28529438,2023-07-20 04:00:00+00:00,35000,29962.01
2023-07-20,5,BTC-230929-35000-P,BTCUSDT,P,230929-35000,5025.0,5025.0,5025.0,5025.0,0.0,0.0,4500.0,5410.0,0.01,1.16,,0.37642002,5113.0,0.28821001,-0.86753789,5.593e-05,28.49334097,-5.77636443,30.61,922241.35032747,2023-07-20 05:00:00+00:00,35000,30125.99
2023-07-20,6,BTC-230929-35000-P,BTCUSDT,P,230929-35000,5025.0,5025.0,5025.0,5025.0,0.0,0.0,4840.0,5410.0,3.45,1.16,,0.37479877,5118.0,0.28739939,-0.86882439,5.574e-05,28.28610769,-5.72157797,30.61,921983.44257678,2023-07-20 06:00:00+00:00,35000,30120.0
2023-07-20,7,BTC-230929-35000-P,BTCUSDT,P,230929-35000,5025.0,5025.0,5025.0,5025.0,0.0,0.0,4840.0,5350.0,3.45,1.16,,0.37629604,5048.0,0.28814802,-0.86356752,5.698e-05,29.13143806,-5.91138372,30.61,924633.22581866,2023-07-20 07:00:00+00:00,35000,30202.77
2023-07-20,8,BTC-230929-35000-P,BTCUSDT,P,230929-35000,5025.0,5025.0,5025.0,5025.0,0.0,0.0,4765.0,5315.0,5.17,1.16,,0.38010836,4999.0,0.29005418,-0.85826778,5.799e-05,29.95037563,-6.12136008,30.61,926454.24835599,2023-07-20 08:00:00+00:00,35000,30264.55
2023-07-20,9,BTC-230929-35000-P,BTCUSDT,P,230929-35000,5025.0,5025.0,5025.0,5025.0,0.0,0.0,4765.0,5285.0,2.58,1.16,,0.38499832,4981.0,0.30134201,-0.8442938,5.933e-05,31.95034426,-6.7882346,30.61,928155.13505281,2023-07-20 09:00:00+00:00,35000,30327.99
2023-07-20,10,BTC-230929-35000-P,BTCUSDT,P,230929-35000,5025.0,5025.0,5025.0,5025.0,0.0,0.0,4745.0,5300.0,4.39,1.15,,0.38228035,4977.0,0.29114017,-0.85573009,5.845e-05,30.32289989,-6.22801618,30.61,927181.61932185,2023-07-20 10:00:00+00:00,35000,30295.0
2023-07-20,11,BTC-230929-35000-P,BTCUSDT,P,230929-35000,5025.0,5025.0,5025.0,5025.0,0.0,0.0,4850.0,5320.0,3.81,1.15,,0.38568974,5053.0,0.31289101,-0.83664566,5.908e-05,32.90339527,-7.2671822,30.61,927062.31096055,2023-07-20 11:00:00+00:00,35000,30284.9
2023-07-20,12,BTC-230929-35000-P,BTCUSDT,P,230929-35000,5025.0,5025.0,5025.0,5025.0,0.0,0.0,4845.0,5350.0,3.9,1.15,,0.38059711,5046.0,0.29336929,-0.85808555,5.753e-05,29.89729406,-6.19490048,30.61,925252.05237921,2023-07-20 12:00:00+00:00,35000,30221.53
2023-07-20,13,BTC-230929-35000-P,BTCUSDT,P,230929-35000,5025.0,5025.0,5025.0,5025.0,0.0,0.0,4800.0,5320.0,2.65,1.15,,0.37473202,5021.0,0.28736601,-0.86321427,5.728e-05,29.15778102,-5.92152211,30.61,925623.48286479,2023-07-20 13:00:00+00:00,35000,30229.58
2023-07-20,14,BTC-230929-35000-P,BTCUSDT,P,230929-35000,5025.0,5025.0,5025.0,5025.0,0.0,0.0,5145.0,5705.0,3.38,1.15,,0.38186312,5423.0,0.29093156,-0.88436291,5.11e-05,25.54236455,-5.2547404,30.61,910834.31854825,2023-07-20 14:00:00+00:00,35000,29782.19
2023-07-20,15,BTC-230929-35000-P,BTCUSDT,P,230929-35000,5025.0,5025.0,5025.0,5025.0,0.0,0.0,5120.0,5675.0,6.28,3.15,,0.38009644,5395.0,0.29004822,-0.88374919,5.141e-05,25.65575677,-5.26514527,30.61,912565.65042185,2023-07-20 15:00:00+00:00,35000,29810.18
2023-07-20,16,BTC-230929-35000-P,BTCUSDT,P,230929-35000,5025.0,5025.0,5025.0,5025.0,0.0,0.0,5120.0,5735.0,2.0,3.15,,0.37456274,5475.0,0.28728137,-0.89123142,4.968e-05,24.37736397,-4.95799035,30.61,909895.28784188,2023-07-20 16:00:00+00:00,35000,29716.69
2023-07-20,17,BTC-230929-35000-P,BTCUSDT,P,230929-35000,5025.0,5025.0,5025.0,5025.0,0.0,0.0,4800.0,5705.0,2.06,1.15,,0.3768611,5436.0,0.28843055,-0.88798647,5.047e-05,24.92784646,-5.09323582,30.61,910860.83824507,2023-07-20 17:00:00+00:00,35000,29756.73
2023-07-20,18,BTC-230929-35000-P,BTCUSDT,P,230929-35000,5025.0,5025.0,5025.0,5025.0,0.0,0.0,4840.0,5765.0,4.83,1.15,,0.37790537,5499.0,0.28895268,-0.89107605,4.951e-05,24.36868823,-4.99094865,30.61,908714.14549014,2023-07-20 18:00:00+00:00,35000,29687.84
2023-07-20,19,BTC-230929-35000-P,BTCUSDT,P,230929-35000,5025.0,5025.0,5025.0,5025.0,0.0,0.0,4840.0,5705.0,4.83,1.15,,0.37647963,5438.0,0.28823981,-0.88843688,5.039e-05,24.83927759,-5.0777784,30.61,910729.69289575,2023-07-20 19:00:00+00:00,35000,29756.0
2023-07-20,20,BTC-230929-35000-P,BTCUSDT,P,230929-35000,5025.0,5025.0,5025.0,5025.0,0.0,0.0,4840.0,5740.0,4.83,1.15,,0.38285732,5460.0,0.29142866,-0.88650217,5.05e-05,25.1252457,-5.19613165,30.61,910147.81025068,2023-07-20 20:00:00+00:00,35000,29739.72
2023-07-20,21,BTC-230929-35000-P,BTCUSDT,P,230929-35000,5025.0,5025.0,5025.0,5025.0,0.0,0.0,4720.0,5650.0,2.47,1.15,,0.388484,5347.0,0.294242,-0.87705022,5.27e-05,26.70146286,-5.57871519,30.61,913838.92214613,2023-07-20 21:00:00+00:00,35000,29870.28
2023-07-20,22,BTC-230929-35000-P,BTCUSDT,P,230929-35000,5025.0,5025.0,5025.0,5025.0,0.0,0.0,4720.0,5680.0,2.47,1.15,,0.38342476,5393.0,0.29171238,-0.88254392,5.159e-05,25.79498948,-5.34615739,30.61,912656.77403733,2023-07-20 22:00:00+00:00,35000,29814.0
2023-07-20,23,BTC-230929-35000-P,BTCUSDT,P,230929-35000,5025.0,5025.0,5025.0,5025.0,0.0,0.0,4720.0,5680.0,2.47,1.15,,0.3810215,5400.0,0.29051075,-0.88425936,5.13e-05,25.5101994,-5.26847342,30.61,912022.30946692,2023-07-20 23:00:00+00:00,35000,29800.0
2023-07-21,0,BTC-230929-35000-P,BTCUSDT,P,230929-35000,5025.0,5025.0,5025.0,5025.0,0.0,0.0,4720.0,26190.0,2.47,3.02,,4.99303818,7582.0,0.8,-0.611765,3.664e-05,50.08712876,-28.50245151,30.61,912125.49880425,2023-07-21 00:00:00+00:00,35000,29786.01
2023-07-21,1,BTC-230929-35000-P,BTCUSDT,P,230929-35000,5025.0,5025.0,5025.0,5025.0,0.0,0.0,4695.0,5525.0,5.11,1.5,,0.35382271,5300.0,0.27691135,-0.89287167,5.083e-05,24.18194326,-4.76601676,30.61,914469.80433733,2023-07-21 01:00:00+00:00,35000,29877.48
2023-07-21,2,BTC-230929-35000-P,BTCUSDT,P,230929-35000,5025.0,5025.0,5025.0,5025.0,0.0,0.0,4645.0,5630.0,2.19,1.17,,0.38975477,5322.0,0.29487739,-0.8753797,5.312e-05,26.94044447,-5.65753818,30.61,915135.63574825,2023-07-21 02:00:00+00:00,35000,29903.19
2023-07-21,3,BTC-230929-35000-P,BTCUSDT,P,230929-35000,5025.0,5025.0,5025.0,5025.0,0.0,0.0,4715.0,5600.0,2.0,1.17,,0.38039684,5315.0,0.29019842,-0.87994861,5.26e-05,26.23050603,-5.42426379,30.61,914968.03086161,2023-07-21 03:00:00+00:00,35000,29897.62
2023-07-21,4,BTC-230929-35000-P,BTCUSDT,P,230929-35000,5025.0,5025.0,5025.0,5025.0,0.0,0.0,4740.0,5545.0,4.0,1.5,,0.35684824,5315.0,0.27842412,-0.89239405,5.078e-05,24.22732448,-4.80960455,30.61,914229.44856267,2023-07-21 04:00:00+00:00,35000,29864.0
2023-07-21,5,BTC-230929-35000-P,BTCUSDT,P,230929-35000,5025.0,5025.0,5025.0,5025.0,0.0,0.0,5005.0,5560.0,7.4,1.5,,0.34968376,5348.0,0.27484188,-0.89806738,4.956e-05,23.25173471,-4.55925049,30.61,912487.92793202,2023-07-21 05:00:00+00:00,35000,29817.99
2023-07-21,6,BTC-230929-35000-P,BTCUSDT,P,230929-35000,5025.0,5025.0,5025.0,5025.0,0.0,0.0,5105.0,5520.0,2.0,1.5,,0.34743786,5311.0,0.27371893,-0.89722432,5.001e-05,23.41490382,-4.57520619,30.61,913838.44449575,2023-07-21 06:00:00+00:00,35000,29856.48
2023-07-21,7,BTC-230929-35000-P,BTCUSDT,P,230929-35000,5025.0,5025.0,5025.0,5025.0,0.0,0.0,5145.0,5690.0,4.08,3.14,,0.37642479,5424.0,0.28821239,-0.88874242,5.046e-05,24.71283263,-5.08753107,30.61,911266.87148558,2023-07-21 07:00:00+00:00,35000,29766.81
2023-07-21,8,BTC-230929-35000-P,BTCUSDT,P,230929-35000,5025.0,5025.0,5025.0,5025.0,0.0,0.0,5145.0,5660.0,2.0,3.14,,0.37273407,5401.0,0.28636703,-0.88941406,5.054e-05,24.61558992,-5.0380648,30.61,911825.49725812,2023-07-21 08:00:00+00:00,35000,29786.29
2023-07-21,9,BTC-230929-35000-P,BTCUSDT,P,230929-35000,5025.0,5025.0,5025.0,5025.0,0.0,0.0,5145.0,5660.0,2.0,2.0,,0.36523819,5420.0,0.28261909,-0.8943967,4.961e-05,23.77968349,-4.80614411,30.61,910793.7855264,2023-07-21 09:00:00+00:00,35000,29755.99
2023-07-21,10,BTC-230929-35000-P,BTCUSDT,P,230929-35000,5025.0,5025.0,5025.0,5025.0,0.0,0.0,5145.0,5660.0,2.0,2.0,,0.37453651,5397.0,0.28726826,-0.88842572,5.072e-05,24.76374881,-5.09040271,30.61,912023.30513308,2023-07-21 10:00:00+00:00,35000,29793.36
2023-07-21,11,BTC-230929-35000-P,BTCUSDT,P,230929-35000,5025.0,5025.0,5025.0,5025.0,0.0,0.0,5145.0,5660.0,2.0,2.0,,0.37105799,5406.0,0.28552899,-0.89081043,5.029e-05,24.36343466,-4.98076312,30.61,911555.17395706,2023-07-21 11:00:00+00:00,35000,29778.51
2023-07-21,12,BTC-230929-35000-P,BTCUSDT,P,230929-35000,5025.0,5025.0,5025.0,5025.0,0.0,0.0,5055.0,5605.0,5.38,1.14,,0.37653446,5332.0,0.28826723,-0.88382536,5.193e-05,25.5362615,-5.27374293,30.61,914300.31239438,2023-07-21 12:00:00+00:00,35000,29869.91
2023-07-21,13,BTC-230929-35000-P,BTCUSDT,P,230929-35000,5025.0,5025.0,5025.0,5025.0,0.0,0.0,5055.0,5635.0,2.89,1.14,,0.37221909,5376.0,0.28610954,-0.8887011,5.085e-05,24.71393351,-5.0687391,30.61,912411.79648908,2023-07-21 13:00:00+00:00,35000,29813.99
2023-07-21,14,BTC-230929-35000-P,BTCUSDT,P,230929-35000,5025.0,5025.0,5025.0,5025.0,0.0,0.0,5025.0,5575.0,2.24,1.14,,0.37039995,5316.0,0.28519998,-0.88624203,5.172e-05,25.15023413,-5.14489777,30.61,913666.15728801,2023-07-21 14:00:00+00:00,35000,29881.07
2023-07-21,15,BTC-230929-35000-P,BTCUSDT,P,230929-35000,5025.0,5025.0,5025.0,5025.0,0.0,0.0,5185.0,5580.0,4.72,3.19,,0.36861897,5338.0,0.28924465,-0.88342834,5.193e-05,25.57115739,-5.30836312,30.61,914170.28716935,2023-07-21 15:00:00+00:00,35000,29866.0
2023-07-21,16,BTC-230929-35000-P,BTCUSDT,P,230929-35000,5025.0,5025.0,5025.0,5025.0,0.0,0.0,5185.0,5580.0,2.0,2.0,,0.35971642,5348.0,0.27985821,-0.89381747,5.028e-05,23.88121652,-4.79953561,30.61,913031.11415493,2023-07-21 16:00:00+00:00,35000,29828.0
2023-07-21,17,BTC-230929-35000-P,BTCUSDT,P,230929-35000,5025.0,5025.0,5025.0,5025.0,0.0,0.0,5185.0,5520.0,2.0,3.19,,0.36435127,5328.0,0.30343533,-0.86810907,5.39e-05,27.9126093,-6.08599062,30.61,915901.94868908,2023-07-21 17:00:00+00:00,35000,29921.99
2023-07-21,18,BTC-230929-35000-P,BTCUSDT,P,230929-35000,5025.0,5025.0,5025.0,5025.0,0.0,0.0,5185.0,5445.0,2.0,2.0,,0.35743713,5303.0,0.31328917,-0.8561842,5.529e-05,29.66337731,-6.68175902,30.61,917590.77975493,2023-07-21 18:00:00+00:00,35000,29981.69
2023-07-21,19,BTC-230929-35000-P,BTCUSDT,P,230929-35000,5025.0,5025.0,5025.0,5025.0,0.0,0.0,4740.0,5550.0,4.05,1.19,,0.36212921,5310.0,0.28106461,-0.89068181,5.109e-05,24.40198241,-4.93419599,30.61,914535.07427572,2023-07-21 19:00:00+00:00,35000,29875.99
2023-07-21,20,BTC-230929-35000-P,BTCUSDT,P,230929-35000,5025.0,5025.0,5025.0,5025.0,0.0,0.0,4725.0,5535.0,5.49,1.19,,0.35960197,5300.0,0.27980099,-0.89152011,5.104e-05,24.26603189,-4.88757664,30.61,914769.04904294,2023-07-21 20:00:00+00:00,35000,29880.0
2023-07-21,21,BTC-230929-35000-P,BTCUSDT,P,230929-35000,5025.0,5025.0,5025.0,5025.0,0.0,0.0,4685.0,5495.0,3.1,1.19,,0.35303593,5273.0,0.27651796,-0.89347809,5.096e-05,23.95950716,-4.7720766,30.61,915361.34917921,2023-07-21 21:00:00+00:00,35000,29899.57
2023-07-21,22,BTC-230929-35000-P,BTCUSDT,P,230929-35000,5025.0,5025.0,5025.0,5025.0,0.0,0.0,4685.0,5495.0,3.1,1.19,,0.35901546,5259.0,0.27950773,-0.8896098,5.17e-05,24.59468989,-4.95452602,30.61,916023.17101654,2023-07-21 22:00:00+00:00,35000,29925.06
2023-07-21,23,BTC-230929-35000-P,BTCUSDT,P,230929-35000,5025.0,5025.0,5025.0,5025.0,0.0,0.0,4685.0,5495.0,3.1,1.19,,0.35312414,5273.0,0.27656207,-0.89361388,5.093e-05,23.92268354,-4.77123014,30.61,915232.23889014,2023-07-21 23:00:00+00:00,35000,29901.72
2023-07-22,0,BTC-230929-35000-P,BTCUSDT,P,230929-35000,5025.0,5025.0,5025.0,5025.0,0.0,0.0,4660.0,5450.0,4.63,1.17,,0.3600502,5208.0,0.2800251,-0.88624997,5.265e-05,25.16137501,-5.08417226,30.61,917693.86145281,2023-07-22 00:00:00+00:00,35000,29983.79
2023-07-22,1,BTC-230929-35000-P,BTCUSDT,P,230929-35000,5025.0,5025.0,5025.0,5025.0,0.0,0.0,4660.0,5480.0,4.63,1.17,,0.35476446,5254.0,0.27738223,-0.89179695,5.14e-05,24.22134099,-4.85095197,30.61,916072.99804188,2023-07-22 01:00:00+00:00,35000,29924.01
2023-07-22,2,BTC-230929-35000-P,BTCUSDT,P,230929-35000,5025.0,5025.0,5025.0,5025.0,0.0,0.0,4660.0,26075.0,4.63,3.0,,5.00217438,7459.0,0.8,-0.60811592,3.684e-05,50.08326554,-28.94637379,30.61,916037.70235706,2023-07-22 02:00:00+00:00,35000,29935.48
2023-07-22,3,BTC-230929-35000-P,BTCUSDT,P,230929-35000,5025.0,5025.0,5025.0,5025.0,0.0,0.0,4660.0,26075.0,4.63,3.0,,5.00202179,7479.0,0.8,-0.60941719,3.686e-05,49.96563532,-28.89578426,30.61,915473.08577041,2023-07-22 03:00:00+00:00,35000,29903.41
2023-07-22,4,BTC-230929-35000-P,BTCUSDT,P,230929-35000,5025.0,5025.0,5025.0,5025.0,0.0,0.0,4755.0,26075.0,4.57,3.0,,5.00260353,7489.0,0.8,-0.61017388,3.687e-05,49.89214633,-28.87067659,30.61,914767.5757264,2023-07-22 04:00:00+00:00,35000,29884.0
2023-07-22,5,BTC-230929-35000-P,BTCUSDT,P,230929-35000,5025.0,5025.0,5025.0,5025.0,0.0,0.0,4750.0,26075.0,3.37,3.0,,5.00332832,7497.0,0.8,-0.61082331,3.689e-05,49.82732463,-28.85055707,30.61,914289.09433414,2023-07-22 05:00:00+00:00,35000,29870.01
2023-07-22,6,BTC-230929-35000-P,BTCUSDT,P,230929-35000,5025.0,5025.0,5025.0,5025.0,0.0,0.0,4750.0,26075.0,3.37,3.0,,5.00596046,7482.0,0.8,-0.61006883,3.689e-05,49.87720556,-28.89686742,30.61,915005.15641866,2023-07-22 06:00:00+00:00,35000,29890.01
2023-07-22,7,BTC-230929-35000-P,BTCUSDT,P,230929-35000,5025.0,5025.0,5025.0,5025.0,0.0,0.0,4975.0,5875.0,4.42,5.79,,0.46386242,5387.0,0.33193121,-0.84344415,5.55e-05,31.22925596,-7.51156737,30.61,916605.14111866,2023-07-22 07:00:00+00:00,35000,29944.77
2023-07-22,8,BTC-230929-35000-P,BTCUSDT,P,230929-35000,5025.0,5025.0,5025.0,5025.0,0.0,0.0,4995.0,5895.0,5.79,3.72,,0.4675746,5398.0,0.3337873,-0.8423689,5.547e-05,31.35342975,-7.5881872,30.61,916383.04034051,2023-07-22 08:00:00+00:00,35000,29937.29
2023-07-22,9,BTC-230929-35000-P,BTCUSDT,P,230929-35000,5025.0,5025.0,5025.0,5025.0,0.0,0.0,4700.0,26005.0,5.04,3.32,,4.98987198,7455.0,0.8,-0.60885639,3.691e-05,49.94046725,-28.98599789,30.61,915871.47323839,2023-07-22 09:00:00+00:00,35000,29929.48
2023-07-22,10,BTC-230929-35000-P,BTCUSDT,P,230929-35000,5025.0,5025.0,5025.0,5025.0,0.0,0.0,4980.0,5880.0,2.52,5.49,,0.45770645,5413.0,0.32885323,-0.84861428,5.492e-05,30.47190936,-7.27461634,30.61,915296.04896692,2023-07-22 10:00:00+00:00,35000,29902.08
2023-07-22,11,BTC-230929-35000-P,BTCUSDT,P,230929-35000,5025.0,5025.0,5025.0,5025.0,0.0,0.0,4980.0,5880.0,2.52,5.49,,0.4550457,5421.0,0.32752285,-0.85063608,5.469e-05,30.17582651,-7.17913151,30.61,914855.25487572,2023-07-22 11:00:00+00:00,35000,29886.94
2023-07-22,12,BTC-230929-35000-P,BTCUSDT,P,230929-35000,5025.0,5025.0,5025.0,5025.0,0.0,0.0,4980.0,5940.0,2.52,4.95,,0.46170235,5468.0,0.33085117,-0.8503556,5.431e-05,30.15969742,-7.25260056,30.61,913742.10708907,2023-07-22 12:00:00+00:00,35000,29840.84
2023-07-22,13,BTC-230929-35000-P,BTCUSDT,P,230929-35000,5025.0,5025.0,5025.0,5025.0,0.0,0.0,5065.0,5965.0,2.98,5.95,,0.46915293,5474.0,0.33457646,-0.84700505,5.451e-05,30.6044464,-7.4469278,30.61,913682.59586692,2023-07-22 13:00:00+00:00,35000,29848.3
2023-07-22,14,BTC-230929-35000-P,BTCUSDT,P,230929-35000,5025.0,5025.0,5025.0,5025.0,0.0,0.0,5055.0,5695.0,2.47,5.91,,0.40752649,5354.0,0.30376325,-0.87138614,5.331e-05,27.22594495,-6.01836752,30.61,914766.27732428,2023-07-22 14:00:00+00:00,35000,29883.87
2023-07-22,15,BTC-230929-35000-P,BTCUSDT,P,230929-35000,5025.0,5025.0,5025.0,5025.0,0.0,0.0,5040.0,5695.0,4.87,5.91,,0.41116714,5344.0,0.30558357,-0.86897984,5.367e-05,27.58475587,-6.13794671,30.61,915279.04864401,2023-07-22 15:00:00+00:00,35000,29900.24
2023-07-22,16,BTC-230929-35000-P,BTCUSDT,P,230929-35000,5025.0,5025.0,5025.0,5025.0,0.0,0.0,4740.0,5735.0,5.74,5.75,,0.42187691,5359.0,0.31093845,-0.86438351,5.402e-05,28.23880941,-6.39747195,30.61,915238.57280562,2023-07-22 16:00:00+00:00,35000,29899.99
2023-07-22,17,BTC-230929-35000-P,BTCUSDT,P,230929-35000,5025.0,5025.0,5025.0,5025.0,0.0,0.0,4740.0,5735.0,5.74,5.75,,0.40863991,5396.0,0.30431995,-0.87363826,5.27e-05,26.82671839,-5.9518136,30.61,913188.45770699,2023-07-22 17:00:00+00:00,35000,29837.35
2023-07-22,18,BTC-230929-35000-P,BTCUSDT,P,230929-35000,5025.0,5025.0,5025.0,5025.0,0.0,0.0,4815.0,5745.0,3.01,3.27,,0.40653706,5413.0,0.30326853,-0.87583878,5.229e-05,26.47121877,-5.85620877,30.61,912611.53123048,2023-07-22 18:00:00+00:00,35000,29814.23
2023-07-22,19,BTC-230929-35000-P,BTCUSDT,P,230929-35000,5025.0,5025.0,5025.0,5025.0,0.0,0.0,4805.0,5820.0,4.03,2.75,,0.43107033,5428.0,0.31553516,-0.86420519,5.345e-05,28.17649683,-6.4895431,30.61,913353.33397048,2023-07-22 19:00:00+00:00,35000,29836.0
2023-07-22,20,BTC-230929-35000-P,BTCUSDT,P,230929-35000,5025.0,5025.0,5025.0,5025.0,0.0,0.0,4805.0,5820.0,4.03,2.75,,0.4293251,5433.0,0.31466255,-0.865528,5.327e-05,27.97078119,-6.4282575,30.61,913030.4582264,2023-07-22 20:00:00+00:00,35000,29827.24
2023-07-22,21,BTC-230929-35000-P,BTCUSDT,P,230929-35000,5025.0,5025.0,5025.0,5025.0,0.0,0.0,4805.0,5745.0,4.03,2.86,,0.40949345,5406.0,0.30474672,-0.87416681,5.255e-05,26.70609593,-5.94781524,30.61,913008.98400619,2023-07-22 21:00:00+00:00,35000,29827.04
2023-07-22,22,BTC-230929-35000-P,BTCUSDT,P,230929-35000,5025.0,5025.0,5025.0,5025.0,0.0,0.0,4805.0,5795.0,4.03,2.6,,0.41910172,5435.0,0.30955086,-0.87107546,5.267e-05,27.13555667,-6.14247416,30.61,912429.43592185,2023-07-22 22:00:00+00:00,35000,29808.0
2023-07-22,23,BTC-230929-35000-P,BTCUSDT,P,230929-35000,5025.0,5025.0,5025.0,5025.0,0.0,0.0,4945.0,5910.0,2.41,5.62,,0.44522762,5488.0,0.32261381,-0.86109491,5.324e-05,28.53486197,-6.7359066,30.61,911687.45624932,2023-07-22 23:00:00+00:00,35000,29794.0
2023-07-23,0,BTC-230929-35000-P,BTCUSDT,P,230929-35000,5025.0,5025.0,5025.0,5025.0,0.0,0.0,4860.0,25950.0,5.34,5.44,,4.98718262,7530.0,0.8,-0.61561425,3.708e-05,49.2113842,-28.82423479,30.61,911460.49487253,2023-07-23 00:00:00+00:00,35000,29778.38
2023-07-23,1,BTC-230929-35000-P,BTCUSDT,P,230929-35000,5025.0,5025.0,5025.0,5025.0,0.0,0.0,4775.0,25950.0,3.29,5.44,,4.99130249,7498.0,0.8,-0.6137822,3.708e-05,49.35021918,-28.92320048,30.61,913168.19649894,2023-07-23 01:00:00+00:00,35000,29826.16
2023-07-23,2,BTC-230929-35000-P,BTCUSDT,P,230929-35000,5025.0,5025.0,5025.0,5025.0,0.0,0.0,4765.0,25950.0,2.18,5.44,,4.9956131,7463.0,0.8,-0.6118165,3.708e-05,49.49892191,-29.0280739,30.61,915063.29187253,2023-07-23 02:00:00+00:00,35000,29885.12
2023-07-23,3,BTC-230929-35000-P,BTCUSDT,P,230929-35000,5025.0,5025.0,5025.0,5025.0,0.0,0.0,4765.0,25950.0,2.18,5.44,,4.99521255,7485.0,0.8,-0.61330219,3.709e-05,49.36595993,-28.96779553,30.61,913678.14564401,2023-07-23 03:00:00+00:00,35000,29845.72
2023-07-23,4,BTC-230929-35000-P,BTCUSDT,P,230929-35000,5025.0,5025.0,5025.0,5025.0,0.0,0.0,4740.0,5515.0,4.96,1.14,,0.36333561,5276.0,0.2816678,-0.89099611,5.133e-05,24.13579862,-4.98956056,30.61,915572.89118907,2023-07-23 04:00:00+00:00,35000,29905.22
2023-07-23,5,BTC-230929-35000-P,BTCUSDT,P,230929-35000,5025.0,5025.0,5025.0,5025.0,0.0,0.0,4660.0,5490.0,3.59,1.14,,0.3598094,5257.0,0.2799047,-0.89186037,5.135e-05,24.00312462,-4.93409026,30.61,915789.12224719,2023-07-23 05:00:00+00:00,35000,29921.99
2023-07-23,6,BTC-230929-35000-P,BTCUSDT,P,230929-35000,5025.0,5025.0,5025.0,5025.0,0.0,0.0,4725.0,5515.0,2.06,1.14,,0.36666155,5268.0,0.28333077,-0.889,5.171e-05,24.44759883,-5.09008397,30.61,915774.13007466,2023-07-23 06:00:00+00:00,35000,29919.41
2023-07-23,7,BTC-230929-35000-P,BTCUSDT,P,230929-35000,5025.0,5025.0,5025.0,5025.0,0.0,0.0,4725.0,25905.0,2.06,6.0,,4.99031067,7438.0,0.8,-0.61105711,3.712e-05,49.50131098,-29.11841327,30.61,915477.69072534,2023-07-23 07:00:00+00:00,35000,29916.0
2023-07-23,8,BTC-230929-35000-P,BTCUSDT,P,230929-35000,5025.0,5025.0,5025.0,5025.0,0.0,0.0,4955.0,5495.0,5.47,1.14,,0.36821604,5243.0,0.28410802,-0.88689748,5.225e-05,24.78744086,-5.18134361,30.61,916772.53745387,2023-07-23 08:00:00+00:00,35000,29948.01
2023-07-23,9,BTC-230929-35000-P,BTCUSDT,P,230929-35000,5025.0,5025.0,5025.0,5025.0,0.0,0.0,5060.0,5965.0,3.36,2.24,,0.48155785,5443.0,0.34077892,-0.84072785,5.519e-05,31.29006346,-7.85005569,30.61,915294.18545706,2023-07-23 09:00:00+00:00,35000,29900.18
2023-07-23,10,BTC-230929-35000-P,BTCUSDT,P,230929-35000,5025.0,5025.0,5025.0,5025.0,0.0,0.0,5030.0,5965.0,4.12,2.24,,0.47943115,5450.0,0.33971558,-0.84237719,5.503e-05,31.05446205,-7.77140528,30.61,914912.7175824,2023-07-23 10:00:00+00:00,35000,29887.59
2023-07-23,11,BTC-230929-35000-P,BTCUSDT,P,230929-35000,5025.0,5025.0,5025.0,5025.0,0.0,0.0,5025.0,5965.0,4.06,2.24,,0.4795742,5450.0,0.3397871,-0.84240544,5.502e-05,31.04124467,-7.77450572,30.61,914880.51989894,2023-07-23 11:00:00+00:00,35000,29888.58
2023-07-23,12,BTC-230929-35000-P,BTCUSDT,P,230929-35000,5025.0,5025.0,5025.0,5025.0,0.0,0.0,5025.0,5965.0,4.06,2.24,,0.48525572,5432.0,0.34262786,-0.83847029,5.542e-05,31.56935865,-7.97777991,30.61,915604.42958027,2023-07-23 12:00:00+00:00,35000,29919.7
2023-07-23,13,BTC-230929-35000-P,BTCUSDT,P,230929-35000,5025.0,5025.0,5025.0,5025.0,0.0,0.0,5025.0,5965.0,4.06,2.24,,0.47990084,5449.0,0.33995042,-0.84243316,5.503e-05,31.01876526,-7.78217006,30.61,914916.48160319,2023-07-23 13:00:00+00:00,35000,29888.36
2023-07-23,14,BTC-230929-35000-P,BTCUSDT,P,230929-35000,5025.0,5025.0,5025.0,5025.0,0.0,0.0,5085.0,5985.0,2.57,2.2,,0.48582554,5454.0,0.34291277,-0.83981711,5.515e-05,31.35127264,-7.9390153,30.61,915069.78051973,2023-07-23 14:00:00+00:00,35000,29894.82
2023-07-23,15,BTC-230929-35000-P,BTCUSDT,P,230929-35000,5025.0,5025.0,5025.0,5025.0,0.0,0.0,5040.0,5985.0,5.94,2.2,,0.4865098,5452.0,0.3432549,-0.8394601,5.519e-05,31.39040205,-7.96175429,30.61,915184.55792853,2023-07-23 15:00:00+00:00,35000,29897.64
2023-07-23,16,BTC-230929-35000-P,BTCUSDT,P,230929-35000,5025.0,5025.0,5025.0,5025.0,0.0,0.0,4670.0,25845.0,3.57,3.72,,4.98690605,7402.0,0.8,-0.61021152,3.719e-05,49.46229517,-29.25680545,30.61,916912.25360319,2023-07-23 16:00:00+00:00,35000,29954.12
2023-07-23,17,BTC-230929-35000-P,BTCUSDT,P,230929-35000,5025.0,5025.0,5025.0,5025.0,0.0,0.0,4540.0,5340.0,2.42,1.14,,0.36375046,5087.0,0.28187523,-0.8807182,5.453e-05,25.81323417,-5.38306538,30.61,921409.24943308,2023-07-23 17:00:00+00:00,35000,30118.49
2023-07-23,18,BTC-230929-35000-P,BTCUSDT,P,230929-35000,5025.0,5025.0,5025.0,5025.0,0.0,0.0,4500.0,5235.0,0.01,1.14,,0.36497355,4970.0,0.28248677,-0.87272148,5.671e-05,27.12686436,-5.67277906,30.61,926268.39183627,2023-07-23 18:00:00+00:00,35000,30248.01
2023-07-23,19,BTC-230929-35000-P,BTCUSDT,P,230929-35000,5025.0,5025.0,5025.0,5025.0,0.0,0.0,4580.0,5410.0,5.42,1.14,,0.37815094,5127.0,0.28907547,-0.87563871,5.483e-05,26.54285093,-5.6836191,30.61,920879.98235068,2023-07-23 19:00:00+00:00,35000,30093.12
2023-07-23,20,BTC-230929-35000-P,BTCUSDT,P,230929-35000,5025.0,5025.0,5025.0,5025.0,0.0,0.0,4500.0,5350.0,2.15,1.14,,0.37319183,5075.0,0.28659592,-0.87511079,5.539e-05,26.65934755,-5.66309488,30.61,922669.49340668,2023-07-23 20:00:00+00:00,35000,30143.49
2023-07-23,21,BTC-230929-35000-P,BTCUSDT,P,230929-35000,5025.0,5025.0,5025.0,5025.0,0.0,0.0,4645.0,5485.0,5.23,1.14,,0.36523342,5242.0,0.28261671,-0.88958476,5.184e-05,24.26233963,-5.08549427,30.61,916470.1543824,2023-07-23 21:00:00+00:00,35000,29955.24
2023-07-23,22,BTC-230929-35000-P,BTCUSDT,P,230929-35000,5025.0,5025.0,5025.0,5025.0,0.0,0.0,4620.0,5455.0,4.49,1.14,,0.37344933,5189.0,0.28672466,-0.88223231,5.339e-05,25.45489209,-5.41635925,30.61,918704.0318176,2023-07-23 22:00:00+00:00,35000,30013.59
2023-07-23,23,BTC-230929-35000-P,BTCUSDT,P,230929-35000,5025.0,5025.0,5025.0,5025.0,0.0,0.0,4550.0,5395.0,5.17,1.14,,0.37265539,5126.0,0.2863277,-0.87888389,5.442e-05,26.01616853,-5.53154577,30.61,921017.07142185,2023-07-23 23:00:00+00:00,35000,30083.75
2023-07-24,0,BTC-230929-35000-P,BTCUSDT,P,230929-35000,5025.0,5025.0,5025.0,5025.0,0.0,0.0,4620.0,5450.0,3.35,1.17,,0.37140846,5189.0,0.28570423,-0.88350414,5.321e-05,25.2411657,-5.358395,30.61,918755.30861305,2023-07-24 00:00:00+00:00,35000,30010.01
2023-07-24,1,BTC-230929-35000-P,BTCUSDT,P,230929-35000,5025.0,5025.0,5025.0,5025.0,0.0,0.0,4740.0,5535.0,2.0,3.17,,0.3737998,5276.0,0.2868999,-0.88749363,5.187e-05,24.53738723,-5.23403178,30.61,915610.81395175,2023-07-24 01:00:00+00:00,35000,29915.99
2023-07-24,2,BTC-230929-35000-P,BTCUSDT,P,230929-35000,5025.0,5025.0,5025.0,5025.0,0.0,0.0,4790.0,25825.0,4.67,5.82,,4.98785019,7487.0,0.8,-0.61682126,3.732e-05,48.80684012,-29.04808335,30.61,911922.85724051,2023-07-24 02:00:00+00:00,35000,29799.63
2023-07-24,3,BTC-230929-35000-P,BTCUSDT,P,230929-35000,5025.0,5025.0,5025.0,5025.0,0.0,0.0,4935.0,25830.0,4.48,4.39,,4.98683929,7535.0,0.8,-0.6199113,3.734e-05,48.54085837,-28.90770224,30.61,909595.31656935,2023-07-24 03:00:00+00:00,35000,29716.01
2023-07-24,4,BTC-230929-35000-P,BTCUSDT,P,230929-35000,5025.0,5025.0,5025.0,5025.0,0.0,0.0,4855.0,25830.0,2.61,4.39,,4.99243736,7486.0,0.8,-0.61705863,3.734e-05,48.76379319,-29.05849372,30.61,912114.21010562,2023-07-24 04:00:00+00:00,35000,29794.0
2023-07-24,5,BTC-230929-35000-P,BTCUSDT,P,230929-35000,5025.0,5025.0,5025.0,5025.0,0.0,0.0,4845.0,25830.0,2.53,4.39,,4.99422073,7482.0,0.8,-0.61696744,3.734e-05,48.75944504,-29.07394979,30.61,912118.74105812,2023-07-24 05:00:00+00:00,35000,29799.92
2023-07-24,6,BTC-230929-35000-P,BTCUSDT,P,230929-35000,5025.0,5025.0,5025.0,5025.0,0.0,0.0,4845.0,6500.0,2.53,4.88,,0.58839321,5713.0,0.39419661,-0.80831526,5.423e-05,34.8213261,-10.23725011,30.61,911639.96029332,2023-07-24 06:00:00+00:00,35000,29778.46
2023-07-24,7,BTC-230929-35000-P,BTCUSDT,P,230929-35000,5025.0,5025.0,5025.0,5025.0,0.0,0.0,5150.0,6050.0,2.66,5.65,,0.49199343,5514.0,0.34599671,-0.84248936,5.447e-05,30.77522254,-7.94636121,30.61,913006.82461548,2023-07-24 07:00:00+00:00,35000,29828.0
2023-07-24,8,BTC-230929-35000-P,BTCUSDT,P,230929-35000,5025.0,5025.0,5025.0,5025.0,0.0,0.0,4840.0,6470.0,3.83,4.17,,0.57831764,5714.0,0.38915882,-0.81340701,5.411e-05,34.20063794,-9.93862674,30.61,910811.73442322,2023-07-24 08:00:00+00:00,35000,29756.01
2023-07-24,9,BTC-230929-35000-P,BTCUSDT,P,230929-35000,5025.0,5025.0,5025.0,5025.0,0.0,0.0,5550.0,6410.0,5.28,1.5,,0.45556545,6027.0,0.32778273,-0.88994324,4.594e-05,23.50014637,-5.75562195,30.61,894210.59601973,2023-07-24 09:00:00+00:00,35000,29178.01
2023-07-24,10,BTC-230929-35000-P,BTCUSDT,P,230929-35000,5025.0,5025.0,5025.0,5025.0,0.0,0.0,5560.0,6440.0,1.0,1.0,,0.49541473,5947.0,0.34770737,-0.86734665,4.915e-05,26.92797385,-7.00041365,30.61,897653.87455493,2023-07-24 10:00:00+00:00,35000,29324.01
2023-07-24,11,BTC-230929-35000-P,BTCUSDT,P,230929-35000,5025.0,5025.0,5025.0,5025.0,0.0,0.0,5620.0,6440.0,3.85,1.0,,0.48405647,5981.0,0.34202824,-0.8746151,4.816e-05,25.83793436,-6.61144758,30.61,896024.36297815,2023-07-24 11:00:00+00:00,35000,29269.99
2023-07-24,12,BTC-230929-35000-P,BTCUSDT,P,230929-35000,5025.0,5025.0,5025.0,5025.0,0.0,0.0,5620.0,6440.0,3.85,1.0,,0.47615528,6004.0,0.33807764,-0.87961557,4.743e-05,25.07029764,-6.34488255,30.61,894690.61800319,2023-07-24 12:00:00+00:00,35000,29232.0
2023-07-24,13,BTC-230929-35000-P,BTCUSDT,P,230929-35000,5025.0,5025.0,5025.0,5025.0,0.0,0.0,5620.0,6440.0,1.0,1.0,,0.46516418,6036.0,0.33258209,-0.88639352,4.637e-05,24.01189612,-5.98196649,30.61,893335.97077147,2023-07-24 13:00:00+00:00,35000,29180.0
2023-07-24,14,BTC-230929-35000-P,BTCUSDT,P,230929-35000,5025.0,5025.0,5025.0,5025.0,0.0,0.0,5660.0,6440.0,6.51,1.0,,0.43280602,6122.0,0.31640301,-0.90521388,4.295e-05,20.95016243,-4.96841468,30.61,889172.97377041,2023-07-24 14:00:00+00:00,35000,29043.38
2023-07-24,15,BTC-230929-35000-P,BTCUSDT,P,230929-35000,5025.0,5025.0,5025.0,5025.0,0.0,0.0,5800.0,6645.0,1.0,1.0,,0.50300598,6158.0,0.35150299,-0.87600599,4.683e-05,25.45132848,-6.70966239,30.61,890523.60470106,2023-07-24 15:00:00+00:00,35000,29093.78
2023-07-24,16,BTC-230929-35000-P,BTCUSDT,P,230929-35000,5025.0,5025.0,5025.0,5025.0,0.0,0.0,5800.0,6645.0,1.0,1.0,,0.50606489,6149.0,0.35303245,-0.87426604,4.708e-05,25.70474474,-6.81021188,30.61,890959.02354188,2023-07-24 16:00:00+00:00,35000,29107.54
2023-07-24,17,BTC-230929-35000-P,BTCUSDT,P,230929-35000,5025.0,5025.0,5025.0,5025.0,0.0,0.0,5625.0,7115.0,3.36,2.41,,0.61156988,6355.0,0.40578494,-0.83902194,4.854e-05,30.29870464,-9.23260771,30.61,888841.54483627,2023-07-24 17:00:00+00:00,35000,29039.74
2023-07-24,18,BTC-230929-35000-P,BTCUSDT,P,230929-35000,5025.0,5025.0,5025.0,5025.0,0.0,0.0,5535.0,7115.0,4.09,2.41,,0.62601566,6307.0,0.41300783,-0.82997132,4.928e-05,31.47091072,-9.76661014,30.61,891385.61930212,2023-07-24 18:00:00+00:00,35000,29124.26
2023-07-24,19,BTC-230929-35000-P,BTCUSDT,P,230929-35000,5025.0,5025.0,5025.0,5025.0,0.0,0.0,5525.0,7035.0,2.45,4.11,,0.60606241,6282.0,0.40303121,-0.83738037,4.909e-05,30.56133656,-9.26103022,30.61,891179.09935068,2023-07-24 19:00:00+00:00,35000,29117.99
2023-07-24,20,BTC-230929-35000-P,BTCUSDT,P,230929-35000,5025.0,5025.0,5025.0,5025.0,0.0,0.0,5525.0,7020.0,2.45,5.29,,0.60819626,6258.0,0.40409813,-0.83513103,4.936e-05,30.85953013,-9.382026,30.61,892249.20813202,2023-07-24 20:00:00+00:00,35000,29149.15
2023-07-24,21,BTC-230929-35000-P,BTCUSDT,P,230929-35000,5025.0,5025.0,5025.0,5025.0,0.0,0.0,5500.0,6910.0,4.91,5.04,,0.58532476,6206.0,0.39266238,-0.84241279,4.931e-05,29.97365764,-8.86037071,30.61,892837.81824932,2023-07-24 21:00:00+00:00,35000,29167.05
2023-07-24,22,BTC-230929-35000-P,BTCUSDT,P,230929-35000,5025.0,5025.0,5025.0,5025.0,0.0,0.0,5500.0,25680.0,4.91,1.5,,4.93875504,7864.0,0.8,-0.64223506,3.753e-05,46.42219305,-27.97570468,30.61,892606.58492747,2023-07-24 22:00:00+00:00,35000,29161.25
2023-07-24,23,BTC-230929-35000-P,BTCUSDT,P,230929-35000,5025.0,5025.0,5025.0,5025.0,0.0,0.0,5500.0,25680.0,4.91,1.5,,4.94117737,7852.0,0.8,-0.64170186,3.754e-05,46.45785652,-28.01478296,30.61,893107.53944188,2023-07-24 23:00:00+00:00,35000,29176.5
2023-07-25,0,BTC-230929-35000-P,BTCUSDT,P,230929-35000,5025.0,5025.0,5025.0,5025.0,0.0,0.0,5500.0,25830.0,5.91,6.6,,4.98782158,7892.0,0.8,-0.64419523,3.754e-05,46.22771337,-27.89352425,30.61,891124.61691442,2023-07-25 00:00:00+00:00,35000,29112.86
2023-07-25,1,BTC-230929-35000-P,BTCUSDT,P,230929-35000,5025.0,5025.0,5025.0,5025.0,0.0,0.0,5600.0,25830.0,6.25,6.6,,4.98762131,7912.0,0.8,-0.64552374,3.754e-05,46.09939259,-27.83359066,30.61,890150.02815175,2023-07-25 01:00:00+00:00,35000,29081.99
2023-07-25,2,BTC-230929-35000-P,BTCUSDT,P,230929-35000,5025.0,5025.0,5025.0,5025.0,0.0,0.0,5600.0,23730.0,1.5,1.5,,4.35407639,7879.0,0.8,-0.6437154,3.756e-05,46.24792989,-27.9408464,30.61,891669.03426479,2023-07-25 02:00:00+00:00,35000,29130.0
2023-07-25,3,BTC-230929-35000-P,BTCUSDT,P,230929-35000,5025.0,6105.0,5025.0,6105.0,1.5,1.5,5550.0,6035.0,1.5,1.5,,0.30481339,5950.0,0.25240669,-0.95162778,3.211e-05,12.44937354,-2.37453752,30.59,890457.21830763,2023-07-25 03:00:00+00:00,35000,29111.0
2023-07-25,4,BTC-230929-35000-P,BTCUSDT,P,230929-35000,5025.0,6105.0,5025.0,6105.0,1.5,1.5,5600.0,21930.0,1.5,1.5,,3.86468887,7902.0,0.8,-0.6453962,3.757e-05,46.07772874,-27.87310135,30.59,889849.78158447,2023-07-25 04:00:00+00:00,35000,29089.46
2023-07-25,5,BTC-230929-35000-P,BTCUSDT,P,230929-35000,5025.0,6105.0,5025.0,6105.0,1.5,1.5,5600.0,24180.0,1.5,1.5,,4.48793411,7877.0,0.8,-0.64406054,3.758e-05,46.18444899,-27.95527318,30.59,891208.16919228,2023-07-25 05:00:00+00:00,35000,29128.34
2023-07-25,6,BTC-230929-35000-P,BTCUSDT,P,230929-35000,5025.0,6105.0,5025.0,6105.0,1.5,1.5,5600.0,21740.0,1.5,1.5,,3.82123947,7865.0,0.8,-0.64350598,3.759e-05,46.22212699,-27.99573132,30.59,891538.65548447,2023-07-25 06:00:00+00:00,35000,29144.67
2023-07-25,7,BTC-230929-35000-P,BTCUSDT,P,230929-35000,5025.0,6105.0,5025.0,6105.0,1.5,1.5,5520.0,6120.0,7.32,1.5,,0.35493851,5955.0,0.27746925,-0.93231614,3.805e-05,16.21283273,-3.40800137,30.59,891426.59187689,2023-07-25 07:00:00+00:00,35000,29142.46
2023-07-25,8,BTC-230929-35000-P,BTCUSDT,P,230929-35000,6105.0,6105.0,6105.0,6105.0,1.5,1.5,6015.0,6085.0,2.5,4.0,,0.35782337,6048.0,0.34381866,-0.87872403,4.724e-05,25.0086809,-6.51809205,30.59,893007.60073092,2023-07-25 08:00:00+00:00,35000,29191.43
2023-07-25,9,BTC-230929-35000-P,BTCUSDT,P,230929-35000,6105.0,6105.0,6105.0,6105.0,1.5,1.5,6035.0,6105.0,2.5,4.0,,0.35773754,6068.0,0.34360647,-0.88008339,4.695e-05,24.78307072,-6.45938458,30.59,892243.08939991,2023-07-25 09:00:00+00:00,35000,29167.31
2023-07-25,10,BTC-230929-35000-P,BTCUSDT,P,230929-35000,6105.0,6105.0,6105.0,6105.0,1.5,1.5,6045.0,6115.0,2.5,2.5,,0.36052227,6078.0,0.34654856,-0.87806812,4.712e-05,25.06458901,-6.59286196,30.59,892119.5427768,2023-07-25 10:00:00+00:00,35000,29164.99
2023-07-25,11,BTC-230929-35000-P,BTCUSDT,P,230929-35000,6105.0,6105.0,6105.0,6105.0,1.5,1.5,6075.0,6135.0,2.5,1.5,,0.35620689,6104.0,0.34394503,-0.88184579,4.65e-05,24.4764629,-6.39384015,30.59,891014.27229224,2023-07-25 11:00:00+00:00,35000,29128.29
2023-07-25,12,BTC-230929-35000-P,BTCUSDT,P,230929-35000,6105.0,6105.0,6105.0,6105.0,1.5,1.5,6075.0,6145.0,2.5,2.5,,0.356884,6108.0,0.34241676,-0.88355281,4.626e-05,24.20966413,-6.30003296,30.59,890679.51684618,2023-07-25 12:00:00+00:00,35000,29118.0
2023-07-25,13,BTC-230929-35000-P,BTCUSDT,P,230929-35000,6105.0,6105.0,6105.0,6105.0,1.5,1.5,5955.0,6020.0,2.5,2.5,,0.36066532,5986.0,0.3481698,-0.87185734,4.842e-05,26.02214067,-6.88982663,30.59,895239.40679219,2023-07-25 13:00:00+00:00,35000,29277.67
2023-07-25,14,BTC-230929-35000-P,BTCUSDT,P,230929-35000,6105.0,6105.0,6105.0,6105.0,1.5,1.5,6020.0,6085.0,2.5,2.5,,0.3542614,6051.0,0.34097195,-0.88202061,4.682e-05,24.47000899,-6.34895508,30.59,892692.69180768,2023-07-25 14:00:00+00:00,35000,29177.5
2023-07-25,15,BTC-230929-35000-P,BTCUSDT,P,230929-35000,6105.0,6105.0,6105.0,6105.0,1.5,1.5,6015.0,6080.0,2.5,2.5,,0.35390377,6046.0,0.34059763,-0.88218929,4.684e-05,24.44113514,-6.33852124,30.59,892691.55224605,2023-07-25 15:00:00+00:00,35000,29181.51
2023-07-25,16,BTC-230929-35000-P,BTCUSDT,P,230929-35000,6105.0,6105.0,6105.0,6105.0,1.5,1.5,5960.0,6030.0,2.5,4.0,,0.35006523,5993.0,0.33559322,-0.88401139,4.695e-05,24.20269237,-6.18838714,30.59,894247.22518465,2023-07-25 16:00:00+00:00,35000,29228.79
2023-07-25,17,BTC-230929-35000-P,BTCUSDT,P,230929-35000,6105.0,6105.0,6105.0,6105.0,1.5,1.5,5400.0,5990.0,7.32,4.0,,0.35029411,5827.0,0.27514706,-0.92966074,3.947e-05,16.72349931,-3.50807176,30.59,895247.1114386,2023-07-25 17:00:00+00:00,35000,29275.99
2023-07-25,18,BTC-230929-35000-P,BTCUSDT,P,230929-35000,6105.0,6105.0,6105.0,6105.0,1.5,1.5,5925.0,5990.0,2.5,2.5,,0.34682274,5956.0,0.33337593,-0.88423278,4.717e-05,24.18393963,-6.15054695,30.59,895227.49915535,2023-07-25 18:00:00+00:00,35000,29264.01
2023-07-25,19,BTC-230929-35000-P,BTCUSDT,P,230929-35000,6105.0,6105.0,6105.0,6105.0,1.5,1.5,5990.0,6055.0,2.5,2.5,,0.34938335,6021.0,0.33578634,-0.885587,4.657e-05,23.91977945,-6.1312472,30.59,893371.89536,2023-07-25 19:00:00+00:00,35000,29198.83
2023-07-25,20,BTC-230929-35000-P,BTCUSDT,P,230929-35000,6105.0,6105.0,6105.0,6105.0,1.5,1.5,5965.0,6030.0,2.5,2.5,,0.35100937,5996.0,0.33766747,-0.88266226,4.711e-05,24.3721952,-6.28620949,30.59,894106.27848713,2023-07-25 20:00:00+00:00,35000,29229.85
2023-07-25,21,BTC-230929-35000-P,BTCUSDT,P,230929-35000,6105.0,6105.0,6105.0,6105.0,1.5,1.5,5435.0,25695.0,3.58,5.82,,4.98332977,7793.0,0.8,-0.64158182,3.773e-05,46.22290074,-28.26367953,30.59,894098.07372298,2023-07-25 21:00:00+00:00,35000,29228.93
2023-07-25,22,BTC-230929-35000-P,BTCUSDT,P,230929-35000,6105.0,6105.0,6105.0,6105.0,1.5,1.5,5970.0,6035.0,2.5,2.5,,0.344944,6001.0,0.33103228,-0.88910401,4.622e-05,23.37728317,-5.91864925,30.59,893462.4437768,2023-07-25 22:00:00+00:00,35000,29206.46
2023-07-25,23,BTC-230929-35000-P,BTCUSDT,P,230929-35000,6105.0,6105.0,6105.0,6105.0,1.5,1.5,5970.0,6035.0,2.5,2.5,,0.35276413,6001.0,0.33949614,-0.88156666,4.721e-05,24.508282,-6.36770323,30.59,894206.3925768,2023-07-25 23:00:00+00:00,35000,29228.91
2023-07-26,0,BTC-230929-35000-P,BTCUSDT,P,230929-35000,6105.0,6105.0,6105.0,6105.0,1.5,1.5,6025.0,6090.0,2.5,2.5,,0.35334587,6056.0,0.33982277,-0.88428693,4.651e-05,24.04954547,-6.2585182,30.59,892301.16333842,2023-07-26 00:00:00+00:00,35000,29166.76
2023-07-26,1,BTC-230929-35000-P,BTCUSDT,P,230929-35000,6105.0,6105.0,6105.0,6105.0,1.5,1.5,6055.0,6125.0,2.5,2.5,,0.35524845,6088.0,0.34055948,-0.88541819,4.615e-05,23.84601735,-6.22297769,30.59,891184.51740776,2023-07-26 01:00:00+00:00,35000,29131.01
2023-07-26,2,BTC-230929-35000-P,BTCUSDT,P,230929-35000,6105.0,6105.0,6105.0,6105.0,1.5,1.5,5920.0,5980.0,2.5,2.5,,0.35077095,5949.0,0.33866405,-0.87979665,4.778e-05,24.79006588,-6.43744619,30.59,894951.22546145,2023-07-26 02:00:00+00:00,35000,29288.57
2023-07-26,3,BTC-230929-35000-P,BTCUSDT,P,230929-35000,6105.0,6105.0,6105.0,6105.0,0.0,0.0,5950.0,6020.0,2.5,2.5,,0.35235882,5983.0,0.33798695,-0.88237992,4.723e-05,24.37020524,-6.3198029,30.59,894730.32196149,2023-07-26 03:00:00+00:00,35000,29242.81
2023-07-26,4,BTC-230929-35000-P,BTCUSDT,P,230929-35000,6105.0,6105.0,6105.0,6105.0,0.0,0.0,5990.0,6055.0,2.5,2.5,,0.3518486,6021.0,0.33833504,-0.88416493,4.675e-05,24.0651314,-6.25111377,30.59,893308.35421548,2023-07-26 04:00:00+00:00,35000,29201.19
2023-07-26,5,BTC-230929-35000-P,BTCUSDT,P,230929-35000,6105.0,6105.0,6105.0,6105.0,0.0,0.0,5925.0,5995.0,2.5,2.5,,0.35142899,5958.0,0.33708811,-0.88205104,4.744e-05,24.42386076,-6.3249615,30.59,895296.07560781,2023-07-26 05:00:00+00:00,35000,29268.12
2023-07-26,6,BTC-230929-35000-P,BTCUSDT,P,230929-35000,6105.0,6105.0,6105.0,6105.0,0.0,0.0,5990.0,6055.0,2.5,2.5,,0.35333633,6021.0,0.33991814,-0.88293758,4.691e-05,24.2332825,-6.33234908,30.59,893255.63520759,2023-07-26 06:00:00+00:00,35000,29209.99
2023-07-26,7,BTC-230929-35000-P,BTCUSDT,P,230929-35000,6105.0,6105.0,6105.0,6105.0,0.0,0.0,5980.0,6050.0,2.5,2.5,,0.35524845,6013.0,0.34089804,-0.88174621,4.711e-05,24.40901336,-6.40075635,30.59,893729.94828465,2023-07-26 07:00:00+00:00,35000,29216.61
2023-07-26,8,BTC-230929-35000-P,BTCUSDT,P,230929-35000,6105.0,6105.0,6105.0,6105.0,0.0,0.0,5970.0,6040.0,2.5,2.5,,0.35327435,6003.0,0.33879757,-0.88320303,4.699e-05,24.1923529,-6.30889716,30.59,893718.16273066,2023-07-26 08:00:00+00:00,35000,29222.66
2023-07-26,9,BTC-230929-35000-P,BTCUSDT,P,230929-35000,6105.0,6105.0,6105.0,6105.0,0.0,0.0,5995.0,6060.0,2.5,2.5,,0.35154343,6026.0,0.33790827,-0.88529739,4.657e-05,23.85265248,-6.20796435,30.59,892966.53953838,2023-07-26 09:00:00+00:00,35000,29192.45
2023-07-26,10,BTC-230929-35000-P,BTCUSDT,P,230929-35000,6105.0,6105.0,6105.0,6105.0,0.0,0.0,5975.0,6050.0,2.5,2.5,,0.34789085,6010.0,0.33165216,-0.8901861,4.601e-05,23.11465862,-5.90830458,30.59,893103.41130009,2023-07-26 10:00:00+00:00,35000,29192.55
2023-07-26,11,BTC-230929-35000-P,BTCUSDT,P,230929-35000,6105.0,6105.0,6105.0,6105.0,0.0,0.0,6005.0,6070.0,2.5,2.5,,0.34968376,6036.0,0.3358078,-0.88788969,4.616e-05,23.4378735,-6.06988638,30.59,892436.3308,2023-07-26 11:00:00+00:00,35000,29175.39
2023-07-26,12,BTC-230929-35000-P,BTCUSDT,P,230929-35000,6105.0,6105.0,6105.0,6105.0,0.0,0.0,5960.0,6025.0,2.5,2.5,,0.35079002,5991.0,0.33723831,-0.88434337,4.693e-05,24.00067508,-6.24613173,30.59,894131.48741553,2023-07-26 12:00:00+00:00,35000,29229.13
2023-07-26,13,BTC-230929-35000-P,BTCUSDT,P,230929-35000,6105.0,6105.0,6105.0,6105.0,0.0,0.0,5890.0,5960.0,2.5,2.5,,0.35134792,5923.0,0.33708334,-0.88095424,4.781e-05,24.55234523,-6.39087649,30.59,896533.92516917,2023-07-26 13:00:00+00:00,35000,29306.54
2023-07-26,14,BTC-230929-35000-P,BTCUSDT,P,230929-35000,6105.0,6105.0,6105.0,6105.0,0.0,0.0,5580.0,6370.0,4.42,5.8,,0.47237396,5954.0,0.33618698,-0.88349945,4.728e-05,24.14133214,-6.2712171,30.59,895194.59748465,2023-07-26 14:00:00+00:00,35000,29267.54
2023-07-26,15,BTC-230929-35000-P,BTCUSDT,P,230929-35000,6105.0,6105.0,6105.0,6105.0,0.0,0.0,5890.0,5955.0,2.5,2.5,,0.35509109,5921.0,0.34219265,-0.87635706,4.837e-05,25.21318597,-6.67095261,30.59,896835.27364605,2023-07-26 15:00:00+00:00,35000,29324.0
2023-07-26,16,BTC-230929-35000-P,BTCUSDT,P,230929-35000,6105.0,6105.0,6105.0,6105.0,0.0,0.0,5905.0,5975.0,2.5,2.5,,0.35640955,5938.0,0.34243941,-0.87718689,4.816e-05,25.06981191,-6.64208135,30.59,896365.70369991,2023-07-26 16:00:00+00:00,35000,29302.43
2023-07-26,17,BTC-230929-35000-P,BTCUSDT,P,230929-35000,6105.0,6105.0,6105.0,6105.0,0.0,0.0,5365.0,6390.0,4.66,5.19,,0.47822952,5961.0,0.33911476,-0.88151943,4.749e-05,24.40682794,-6.4077787,30.59,894916.77305395,2023-07-26 17:00:00+00:00,35000,29268.9
2023-07-26,18,BTC-230929-35000-P,BTCUSDT,P,230929-35000,6105.0,6105.0,6105.0,6105.0,0.0,0.0,5850.0,5910.0,2.5,2.5,,0.35619736,5879.0,0.3445816,-0.87210601,4.914e-05,25.83767604,-6.89723919,30.59,898447.82717697,2023-07-26 18:00:00+00:00,35000,29377.5
2023-07-26,19,BTC-230929-35000-P,BTCUSDT,P,230929-35000,6105.0,6105.0,6105.0,6105.0,0.0,0.0,5830.0,5900.0,2.5,2.5,,0.36029816,5864.0,0.34696341,-0.86914337,4.956e-05,26.26420487,-7.06412119,30.59,899382.48949991,2023-07-26 19:00:00+00:00,35000,29401.93
2023-07-26,20,BTC-230929-35000-P,BTCUSDT,P,230929-35000,6105.0,6105.0,6105.0,6105.0,0.0,0.0,5075.0,5750.0,3.46,2.5,,0.36324501,5547.0,0.28162251,-0.91321436,4.514e-05,19.6502379,-4.29265538,30.59,905285.49222294,2023-07-26 20:00:00+00:00,35000,29578.09
2023-07-26,21,BTC-230929-35000-P,BTCUSDT,P,230929-35000,6105.0,6105.0,6105.0,6105.0,0.0,0.0,5780.0,5850.0,2.5,2.5,,0.36254883,5814.0,0.34958124,-0.86403601,5.042e-05,27.00727064,-7.32825369,30.59,901283.28150768,2023-07-26 21:00:00+00:00,35000,29466.0
2023-07-26,22,BTC-230929-35000-P,BTCUSDT,P,230929-35000,6105.0,6105.0,6105.0,6105.0,0.0,0.0,5760.0,5830.0,2.5,2.5,,0.35833836,5794.0,0.34516573,-0.86710751,5.027e-05,26.58652174,-7.12757633,30.59,901668.96426158,2023-07-26 22:00:00+00:00,35000,29476.01
2023-07-26,23,BTC-230929-35000-P,BTCUSDT,P,230929-35000,6105.0,6105.0,6105.0,6105.0,0.0,0.0,5875.0,5940.0,2.5,2.5,,0.35996437,5906.0,0.34738541,-0.87158051,4.9e-05,25.84771411,-6.97858839,30.59,897855.95437693,2023-07-26 23:00:00+00:00,35000,29351.96
2023-07-27,0,BTC-230929-35000-P,BTCUSDT,P,230929-35000,6105.0,6105.0,6105.0,6105.0,0.0,0.0,5870.0,5940.0,2.5,2.5,,0.36130428,5904.0,0.34778357,-0.8711705,4.906e-05,25.89997209,-7.00524927,30.59,897677.23146162,2023-07-27 00:00:00+00:00,35000,29356.09
2023-07-27,1,BTC-230929-35000-P,BTCUSDT,P,230929-35000,6105.0,6105.0,6105.0,6105.0,0.0,0.0,5810.0,5880.0,2.5,2.5,,0.35345078,5843.0,0.33962488,-0.87541793,4.902e-05,25.33248443,-6.69536224,30.59,899260.23034627,2023-07-27 01:00:00+00:00,35000,29399.99
2023-07-27,2,BTC-230929-35000-P,BTCUSDT,P,230929-35000,6105.0,6105.0,6105.0,6105.0,0.0,0.0,5770.0,5840.0,2.5,2.5,,0.35116196,5803.0,0.33735275,-0.87538092,4.932e-05,25.36295446,-6.66288978,30.59,899573.12570754,2023-07-27 02:00:00+00:00,35000,29437.81
2023-07-27,3,BTC-230929-35000-P,BTCUSDT,P,230929-35000,6105.0,6105.0,6105.0,6105.0,0.0,0.0,5225.0,25570.0,2.06,5.18,,5.0005722,7644.0,0.8,-0.63736634,3.802e-05,46.24266289,-28.82658985,30.59,899616.23071526,2023-07-27 03:00:00+00:00,35000,29405.78
2023-07-27,4,BTC-230929-35000-P,BTCUSDT,P,230929-35000,6105.0,6105.0,6105.0,6105.0,0.0,0.0,5175.0,25510.0,2.99,2.57,,4.98695374,7594.0,0.8,-0.63453527,3.804e-05,46.46974682,-28.98697134,30.59,901836.38232303,2023-07-27 04:00:00+00:00,35000,29488.36
2023-07-27,5,BTC-230929-35000-P,BTCUSDT,P,230929-35000,6105.0,6105.0,6105.0,6105.0,0.0,0.0,5205.0,25365.0,2.83,1.5,,4.94089127,7606.0,0.8,-0.63540605,3.805e-05,46.38492958,-28.95287669,30.59,901347.01291526,2023-07-27 05:00:00+00:00,35000,29460.0
2023-07-27,6,BTC-230929-35000-P,BTCUSDT,P,230929-35000,6105.0,6105.0,6105.0,6105.0,0.0,0.0,5410.0,6130.0,5.75,1.5,,0.43219566,5800.0,0.31609783,-0.8951853,4.668e-05,22.35255836,-5.51640387,30.59,898894.63555287,2023-07-27 06:00:00+00:00,35000,29384.01
2023-07-27,7,BTC-230929-35000-P,BTCUSDT,P,230929-35000,6105.0,6105.0,6105.0,6105.0,0.0,0.0,5240.0,6290.0,4.7,4.2,,0.48400879,5837.0,0.34200439,-0.87345745,4.929e-05,25.57108958,-6.83236205,30.59,899754.67520248,2023-07-27 07:00:00+00:00,35000,29412.17
2023-07-27,8,BTC-230929-35000-P,BTCUSDT,P,230929-35000,6105.0,6105.0,6105.0,6105.0,0.0,0.0,5215.0,6220.0,2.81,3.1,,0.477314,5778.0,0.338657,-0.873315,4.974e-05,25.63294975,-6.78627458,30.59,901212.22530776,2023-07-27 08:00:00+00:00,35000,29470.82
2023-07-27,9,BTC-230929-35000-P,BTCUSDT,P,230929-35000,6105.0,6105.0,6105.0,6105.0,0.0,0.0,5675.0,5745.0,2.5,2.5,,0.35023689,5708.0,0.33675671,-0.87123523,5.048e-05,25.98069304,-6.84420159,30.59,903908.01779987,2023-07-27 09:00:00+00:00,35000,29544.02
2023-07-27,10,BTC-230929-35000-P,BTCUSDT,P,230929-35000,6105.0,6105.0,6105.0,6105.0,0.0,0.0,5740.0,5815.0,2.5,2.5,,0.35574436,5776.0,0.34128428,-0.87096942,5e-05,25.95291133,-6.93332205,30.59,901741.85249996,2023-07-27 10:00:00+00:00,35000,29479.5
2023-07-27,11,BTC-230929-35000-P,BTCUSDT,P,230929-35000,6105.0,6105.0,6105.0,6105.0,0.0,0.0,5715.0,5785.0,2.5,2.5,,0.35372734,5749.0,0.34028053,-0.87043921,5.026e-05,26.04306734,-6.94147302,30.59,902649.09139232,2023-07-27 11:00:00+00:00,35000,29507.03
2023-07-27,12,BTC-230929-35000-P,BTCUSDT,P,230929-35000,6105.0,6105.0,6105.0,6105.0,0.0,0.0,5735.0,5805.0,2.5,2.5,,0.35764694,5769.0,0.3443718,-0.86786953,5.038e-05,26.3804676,-7.120591,30.59,902441.92313855,2023-07-27 12:00:00+00:00,35000,29496.41
2023-07-27,13,BTC-230929-35000-P,BTCUSDT,P,230929-35000,6105.0,6105.0,6105.0,6105.0,0.0,0.0,5775.0,5850.0,2.5,2.5,,0.35870075,5811.0,0.34424543,-0.87053066,4.979e-05,25.96003078,-7.00911407,30.59,900881.03981535,2023-07-27 13:00:00+00:00,35000,29446.02
2023-07-27,14,BTC-230929-35000-P,BTCUSDT,P,230929-35000,6105.0,6105.0,6105.0,6105.0,0.0,0.0,5865.0,5935.0,2.5,2.5,,0.35882473,5898.0,0.34495592,-0.87492165,4.869e-05,25.25121356,-6.83627525,30.59,897755.89818465,2023-07-27 14:00:00+00:00,35000,29350.0
2023-07-27,15,BTC-230929-35000-P,BTCUSDT,P,230929-35000,6105.0,6105.0,6105.0,6105.0,0.0,0.0,5405.0,6510.0,2.49,3.79,,0.52081108,5981.0,0.36040554,-0.86561364,4.908e-05,26.4852026,-7.49639688,30.59,896329.55371535,2023-07-27 15:00:00+00:00,35000,29292.01
2023-07-27,16,BTC-230929-35000-P,BTCUSDT,P,230929-35000,6105.0,6105.0,6105.0,6105.0,0.0,0.0,5935.0,6000.0,2.5,2.5,,0.35840034,5966.0,0.34520388,-0.8786212,4.78e-05,24.64443897,-6.68554367,30.59,895796.73642298,2023-07-27 16:00:00+00:00,35000,29274.93
2023-07-27,17,BTC-230929-35000-P,BTCUSDT,P,230929-35000,6105.0,6105.0,6105.0,6105.0,0.0,0.0,5400.0,6045.0,2.57,2.5,,0.35894394,5877.0,0.27947197,-0.93173677,3.864e-05,16.06130405,-3.52976419,30.59,893844.65406158,2023-07-27 17:00:00+00:00,35000,29220.0
2023-07-27,18,BTC-230929-35000-P,BTCUSDT,P,230929-35000,6105.0,6105.0,6105.0,6105.0,0.0,0.0,6040.0,6105.0,2.5,2.5,,0.3554821,6071.0,0.34146547,-0.88771378,4.596e-05,23.20255354,-6.2343891,30.59,891428.02389237,2023-07-27 18:00:00+00:00,35000,29141.37
2023-07-27,19,BTC-230929-35000-P,BTCUSDT,P,230929-35000,6105.0,6105.0,6105.0,6105.0,0.0,0.0,6015.0,6075.0,2.5,2.5,,0.35130501,6044.0,0.33824921,-0.88922526,4.593e-05,22.98855505,-6.12272369,30.59,892337.89150763,2023-07-27 19:00:00+00:00,35000,29163.83
2023-07-27,20,BTC-230929-35000-P,BTCUSDT,P,230929-35000,6105.0,6105.0,6105.0,6105.0,0.0,0.0,6015.0,6080.0,2.5,2.5,,0.34639835,6046.0,0.33165693,-0.89521692,4.505e-05,22.06396649,-5.76572511,30.59,891411.48176162,2023-07-27 20:00:00+00:00,35000,29144.56
2023-07-27,21,BTC-230929-35000-P,BTCUSDT,P,230929-35000,6105.0,6105.0,6105.0,6105.0,0.0,0.0,5970.0,6035.0,2.5,2.5,,0.34386635,6001.0,0.32913923,-0.895247,4.533e-05,22.08527954,-5.73124623,30.59,892930.5408232,2023-07-27 21:00:00+00:00,35000,29187.15
2023-07-27,22,BTC-230929-35000-P,BTCUSDT,P,230929-35000,6105.0,6105.0,6105.0,6105.0,0.0,0.0,5980.0,6045.0,2.5,2.5,,0.35324574,6011.0,0.33931494,-0.88688141,4.646e-05,23.34323583,-6.24907863,30.59,893315.3159614,2023-07-27 22:00:00+00:00,35000,29202.29
2023-07-27,23,BTC-230929-35000-P,BTCUSDT,P,230929-35000,6105.0,6105.0,6105.0,6105.0,0.0,0.0,5960.0,6025.0,2.5,2.5,,0.35240173,5991.0,0.33849239,-0.88666105,4.662e-05,23.38405971,-6.24894071,30.59,893962.2944614,2023-07-27 23:00:00+00:00,35000,29222.78
2023-07-28,0,BTC-230929-35000-P,BTCUSDT,P,230929-35000,6105.0,6105.0,6105.0,6105.0,0.0,0.0,5890.0,5960.0,2.5,2.5,,0.34447193,5923.0,0.32902479,-0.8916528,4.637e-05,22.67387333,-5.8935603,30.59,895651.85411548,2023-07-28 00:00:00+00:00,35000,29273.0
2023-07-28,1,BTC-230929-35000-P,BTCUSDT,P,230929-35000,6105.0,6105.0,6105.0,6105.0,0.0,0.0,5905.0,5975.0,2.5,2.5,,0.34701824,5938.0,0.33171415,-0.89013158,4.649e-05,22.88662042,-6.00143441,30.59,895304.15674614,2023-07-28 01:00:00+00:00,35000,29260.75
2023-07-28,2,BTC-230929-35000-P,BTCUSDT,P,230929-35000,6105.0,6105.0,6105.0,6105.0,0.0,0.0,5935.0,5995.0,2.5,2.5,,0.3429842,5963.0,0.32955408,-0.89345895,4.584e-05,22.35209198,-5.82693878,30.59,894092.76249232,2023-07-28 02:00:00+00:00,35000,29229.99
2023-07-28,3,BTC-230929-35000-P,BTCUSDT,P,230929-35000,6105.0,6105.0,6105.0,6105.0,0.0,0.0,5905.0,5970.0,2.5,2.5,,0.34175873,5936.0,0.32713413,-0.89427923,4.59e-05,22.23907608,-5.75870147,30.59,894891.33629246,2023-07-28 03:00:00+00:00,35000,29253.85
2023-07-28,4,BTC-230929-35000-P,BTCUSDT,P,230929-35000,6105.0,6105.0,6105.0,6105.0,0.0,0.0,5900.0,5970.0,2.5,2.5,,0.34366131,5933.0,0.32799244,-0.89347466,4.604e-05,22.35756186,-5.80840389,30.59,895042.50131548,2023-07-28 04:00:00+00:00,35000,29260.0
2023-07-28,5,BTC-230929-35000-P,BTCUSDT,P,230929-35000,6105.0,6105.0,6105.0,6105.0,0.0,0.0,5965.0,6030.0,2.5,2.5,,0.34114838,5996.0,0.32604218,-0.89846431,4.486e-05,21.53082119,-5.56403262,30.59,892585.99657684,2023-07-28 05:00:00+00:00,35000,29185.99
2023-07-28,6,BTC-230929-35000-P,BTCUSDT,P,230929-35000,6105.0,6105.0,6105.0,6105.0,0.0,0.0,5945.0,6010.0,2.5,2.5,,0.33459663,5975.0,0.31887531,-0.90380983,4.41e-05,20.69233933,-5.23326501,30.59,892980.37899246,2023-07-28 06:00:00+00:00,35000,29190.01
2023-07-28,7,BTC-230929-35000-P,BTCUSDT,P,230929-35000,6105.0,6105.0,6105.0,6105.0,0.0,0.0,6015.0,6080.0,2.5,2.5,,0.34622192,6046.0,0.33128262,-0.89658799,4.484e-05,21.7723578,-5.72444628,30.59,891503.85043178,2023-07-28 07:00:00+00:00,35000,29140.8
2023-07-28,8,BTC-230929-35000-P,BTCUSDT,P,230929-35000,6105.0,6105.0,6105.0,6105.0,0.0,0.0,6010.0,6075.0,2.5,2.5,,0.34836769,6041.0,0.33365726,-0.894368,4.521e-05,22.11107301,-5.85904867,30.59,891675.73024357,2023-07-28 08:00:00+00:00,35000,29152.0
2023-07-28,9,BTC-230929-35000-P,BTCUSDT,P,230929-35000,6105.0,6105.0,6105.0,6105.0,0.0,0.0,5930.0,6000.0,2.5,2.5,,0.34013271,5963.0,0.32377005,-0.89919336,4.495e-05,21.41170776,-5.50924636,30.59,893587.75639426,2023-07-28 09:00:00+00:00,35000,29213.94
2023-07-28,10,BTC-230929-35000-P,BTCUSDT,P,230929-35000,6105.0,6105.0,6105.0,6105.0,0.0,0.0,5930.0,5995.0,2.5,2.5,,0.33982754,5961.0,0.32472849,-0.89833374,4.511e-05,21.54081555,-5.56255682,30.59,893805.39801553,2023-07-28 10:00:00+00:00,35000,29218.91
2023-07-28,11,BTC-230929-35000-P,BTCUSDT,P,230929-35000,6105.0,6105.0,6105.0,6105.0,0.0,0.0,5930.0,5995.0,2.5,2.5,,0.33567429,5961.0,0.32009602,-0.90247431,4.442e-05,20.88131723,-5.31885296,30.59,893534.16892311,2023-07-28 11:00:00+00:00,35000,29206.59
2023-07-28,12,BTC-230929-35000-P,BTCUSDT,P,230929-35000,6105.0,6105.0,6105.0,6105.0,0.0,0.0,5840.0,5905.0,2.5,2.5,,0.3347683,5871.0,0.31969309,-0.89842482,4.568e-05,21.57698686,-5.49277688,30.59,896674.69295373,2023-07-28 12:00:00+00:00,35000,29306.01
2023-07-28,13,BTC-230929-35000-P,BTCUSDT,P,230929-35000,6105.0,6105.0,6105.0,6105.0,0.0,0.0,5855.0,5925.0,2.5,2.5,,0.3382349,5888.0,0.32212257,-0.89724063,4.576e-05,21.74231985,-5.58063007,30.59,896083.26387693,2023-07-28 13:00:00+00:00,35000,29293.41
2023-07-28,14,BTC-230929-35000-P,BTCUSDT,P,230929-35000,6105.0,6105.0,6105.0,6105.0,0.0,0.0,5670.0,5745.0,2.5,2.5,,0.33452511,5705.0,0.31803131,-0.89148212,4.791e-05,22.75865813,-5.77113452,30.59,901550.96753842,2023-07-28 14:00:00+00:00,35000,29487.41
2023-07-28,15,BTC-230929-35000-P,BTCUSDT,P,230929-35000,6105.0,6105.0,6105.0,6105.0,0.0,0.0,5755.0,5820.0,2.5,2.5,,0.32910824,5786.0,0.31394005,-0.89951665,4.607e-05,21.44480201,-5.37158053,30.59,898634.68501548,2023-07-28 15:00:00+00:00,35000,29387.99
2023-07-28,16,BTC-230929-35000-P,BTCUSDT,P,230929-35000,6105.0,6105.0,6105.0,6105.0,0.0,0.0,5775.0,5845.0,2.5,2.5,,0.33007145,5808.0,0.31352282,-0.90111706,4.565e-05,21.16896985,-5.29896512,30.59,898152.97655386,2023-07-28 16:00:00+00:00,35000,29361.41
2023-07-28,17,BTC-230929-35000-P,BTCUSDT,P,230929-35000,6105.0,6105.0,6105.0,6105.0,0.0,0.0,5880.0,5940.0,2.5,2.5,,0.33231735,5908.0,0.31795263,-0.9023212,4.478e-05,20.90051463,-5.30921898,30.59,894983.17502574,2023-07-28 17:00:00+00:00,35000,29259.36
2023-07-28,18,BTC-230929-35000-P,BTCUSDT,P,230929-35000,6105.0,6105.0,6105.0,6105.0,0.0,0.0,5830.0,5905.0,2.5,2.5,,0.3364706,5865.0,0.31891346,-0.89940518,4.556e-05,21.38429813,-5.45215662,30.59,896582.26547643,2023-07-28 18:00:00+00:00,35000,29309.15
2023-07-28,19,BTC-230929-35000-P,BTCUSDT,P,230929-35000,6105.0,6105.0,6105.0,6105.0,0.0,0.0,5825.0,5885.0,2.5,2.5,,0.33185482,5853.0,0.31776428,-0.89992016,4.555e-05,21.30465346,-5.41588533,30.59,896642.43060822,2023-07-28 19:00:00+00:00,35000,29316.0
2023-07-28,20,BTC-230929-35000-P,BTCUSDT,P,230929-35000,6105.0,6105.0,6105.0,6105.0,0.0,0.0,5795.0,5865.0,2.5,2.5,,0.33092499,5828.0,0.31424999,-0.90185045,4.539e-05,21.01051693,-5.28556656,30.59,897512.37781891,2023-07-28 20:00:00+00:00,35000,29338.48
2023-07-28,21,BTC-230929-35000-P,BTCUSDT,P,230929-35000,6105.0,6105.0,6105.0,6105.0,0.0,0.0,5830.0,5895.0,2.5,2.5,,0.33465385,5861.0,0.31947851,-0.89895752,4.566e-05,21.43630545,-5.48606491,30.59,896785.2787107,2023-07-28 21:00:00+00:00,35000,29313.77
2023-07-28,22,BTC-230929-35000-P,BTCUSDT,P,230929-35000,6105.0,6105.0,6105.0,6105.0,0.0,0.0,5850.0,5910.0,2.5,2.5,,0.33302784,5878.0,0.31884909,-0.90050236,4.529e-05,21.1740614,-5.41188688,30.59,896134.60781752,2023-07-28 22:00:00+00:00,35000,29292.0
2023-07-28,23,BTC-230929-35000-P,BTCUSDT,P,230929-35000,6105.0,6105.0,6105.0,6105.0,0.0,0.0,5830.0,5890.0,2.5,2.5,,0.33228874,5858.0,0.31814575,-0.90021123,4.547e-05,21.22692099,-5.41704825,30.59,896708.24229426,2023-07-28 23:00:00+00:00,35000,29314.14
2023-07-29,0,BTC-230929-35000-P,BTCUSDT,P,230929-35000,6105.0,6105.0,6105.0,6105.0,0.0,0.0,5800.0,5865.0,2.5,2.5,,0.32634258,5830.0,0.31035662,-0.90579761,4.467e-05,20.34991767,-5.06948262,30.59,897160.71517891,2023-07-29 00:00:00+00:00,35000,29325.84
2023-07-29,1,BTC-230929-35000-P,BTCUSDT,P,230929-35000,6105.0,6105.0,6105.0,6105.0,0.0,0.0,5750.0,5810.0,2.5,2.5,,0.32309532,5778.0,0.30845642,-0.90498051,4.517e-05,20.51016579,-5.081519,30.59,898632.3029107,2023-07-29 01:00:00+00:00,35000,29382.08
2023-07-29,2,BTC-230929-35000-P,BTCUSDT,P,230929-35000,6105.0,6105.0,6105.0,6105.0,0.0,0.0,5740.0,5805.0,2.5,2.5,,0.32064438,5770.0,0.30435085,-0.90832896,4.46e-05,19.9665197,-4.88425412,30.59,898699.86002574,2023-07-29 02:00:00+00:00,35000,29379.08
2023-07-29,3,BTC-230929-35000-P,BTCUSDT,P,230929-35000,6105.0,6105.0,6105.0,6105.0,0.0,0.0,5760.0,5825.0,2.5,2.5,,0.32694817,5790.0,0.3112793,-0.90326875,4.539e-05,20.76195918,-5.19793581,30.59,898498.41228,2023-07-29 03:00:00+00:00,35000,29371.89
2023-07-29,4,BTC-230929-35000-P,BTCUSDT,P,230929-35000,6105.0,6105.0,6105.0,6105.0,0.0,0.0,5740.0,5805.0,2.5,2.5,,0.32198429,5770.0,0.30582666,-0.90720428,4.481e-05,20.135944,-4.95622329,30.59,898784.67737208,2023-07-29 04:00:00+00:00,35000,29380.91
2023-07-29,5,BTC-230929-35000-P,BTCUSDT,P,230929-35000,6105.0,6105.0,6105.0,6105.0,0.0,0.0,5750.0,5815.0,2.5,2.5,,0.32206535,5780.0,0.3058219,-0.9077913,4.463e-05,20.02724155,-4.93269892,30.59,898447.36260389,2023-07-29 05:00:00+00:00,35000,29370.42
2023-07-29,6,BTC-230929-35000-P,BTCUSDT,P,230929-35000,6105.0,6105.0,6105.0,6105.0,0.0,0.0,5780.0,5845.0,2.5,2.5,,0.32654285,5810.0,0.31061888,-0.90512838,4.493e-05,20.43010765,-5.1142855,30.59,897744.82223178,2023-07-29 06:00:00+00:00,35000,29345.29
2023-07-29,7,BTC-230929-35000-P,BTCUSDT,P,230929-35000,6105.0,6105.0,6105.0,6105.0,0.0,0.0,5825.0,5890.0,2.5,2.5,,0.3256321,5855.0,0.30922174,-0.90864673,4.398e-05,19.82495545,-4.9437953,30.59,896134.89212465,2023-07-29 07:00:00+00:00,35000,29295.01
2023-07-29,8,BTC-230929-35000-P,BTCUSDT,P,230929-35000,6105.0,6105.0,6105.0,6105.0,0.0,0.0,5820.0,5885.0,2.5,2.5,,0.32366753,5850.0,0.3070116,-0.9104154,4.367e-05,19.53306483,-4.839443,30.59,895992.97251891,2023-07-29 08:00:00+00:00,35000,29295.44
2023-07-29,9,BTC-230929-35000-P,BTCUSDT,P,230929-35000,6105.0,6105.0,6105.0,6105.0,0.0,0.0,5820.0,5885.0,2.5,2.5,,0.31761169,5850.0,0.30004025,-0.91650447,4.243e-05,18.51635431,-4.48639336,30.59,895659.48753643,2023-07-29 09:00:00+00:00,35000,29282.0
2023-07-29,10,BTC-230929-35000-P,BTCUSDT,P,230929-35000,6105.0,6105.0,6105.0,6105.0,0.0,0.0,5810.0,5875.0,2.5,2.5,,0.3127861,5840.0,0.29448509,-0.92085558,4.154e-05,17.7776402,-4.23050427,30.59,895694.06863178,2023-07-29 10:00:00+00:00,35000,29282.01
2023-07-29,11,BTC-230929-35000-P,BTCUSDT,P,230929-35000,6105.0,6105.0,6105.0,6105.0,0.0,0.0,5830.0,5895.0,2.5,2.5,,0.31667709,5860.0,0.29881477,-0.91817925,4.201e-05,18.21533843,-4.40135677,30.59,895321.34567643,2023-07-29 11:00:00+00:00,35000,29267.16
2023-07-29,12,BTC-230929-35000-P,BTCUSDT,P,230929-35000,6105.0,6105.0,6105.0,6105.0,0.0,0.0,5800.0,5865.0,2.5,2.5,,0.31404018,5830.0,0.29600382,-0.91928384,4.195e-05,18.0400409,-4.32090627,30.59,895775.37325287,2023-07-29 12:00:00+00:00,35000,29294.01
2023-07-29,13,BTC-230929-35000-P,BTCUSDT,P,230929-35000,6105.0,6105.0,6105.0,6105.0,0.0,0.0,5795.0,5855.0,2.5,2.5,,0.30897617,5823.0,0.29178381,-0.92261676,4.123e-05,17.46689193,-4.12676544,30.59,896103.71191752,2023-07-29 13:00:00+00:00,35000,29293.98
2023-07-29,14,BTC-230929-35000-P,BTCUSDT,P,230929-35000,6105.0,6105.0,6105.0,6105.0,0.0,0.0,5815.0,5880.0,2.5,2.5,,0.31683922,5845.0,0.29907465,-0.91752816,4.224e-05,18.31604006,-4.43851093,30.59,895780.1237,2023-07-29 14:00:00+00:00,35000,29282.74
2023-07-29,15,BTC-230929-35000-P,BTCUSDT,P,230929-35000,6105.0,6105.0,6105.0,6105.0,0.0,0.0,5805.0,5870.0,2.5,2.5,,0.3166008,5835.0,0.29886961,-0.91732869,4.235e-05,18.34962104,-4.44660247,30.59,896075.06577528,2023-07-29 15:00:00+00:00,35000,29292.34
2023-07-29,16,BTC-230929-35000-P,BTCUSDT,P,230929-35000,6105.0,6105.0,6105.0,6105.0,0.0,0.0,5795.0,5860.0,2.5,2.5,,0.31816006,5825.0,0.30074358,-0.91534762,4.283e-05,18.68187887,-4.55858343,30.59,896526.97315178,2023-07-29 16:00:00+00:00,35000,29308.46
2023-07-29,17,BTC-230929-35000-P,BTCUSDT,P,230929-35000,6105.0,6105.0,6105.0,6105.0,0.0,0.0,5775.0,5840.0,2.5,2.5,,0.31656265,5805.0,0.29905796,-0.91594915,4.283e-05,18.58744618,-4.51317134,30.59,897094.67316822,2023-07-29 17:00:00+00:00,35000,29325.57
2023-07-29,18,BTC-230929-35000-P,BTCUSDT,P,230929-35000,6105.0,6105.0,6105.0,6105.0,0.0,0.0,5800.0,5860.0,2.5,2.5,,0.31816959,5828.0,0.30222178,-0.91438351,4.302e-05,18.82804839,-4.62308339,30.59,896512.13520248,2023-07-29 18:00:00+00:00,35000,29307.51
2023-07-29,19,BTC-230929-35000-P,BTCUSDT,P,230929-35000,6105.0,6105.0,6105.0,6105.0,0.0,0.0,5380.0,25240.0,3.47,3.5,,4.99607086,7610.0,0.8,-0.64547308,3.862e-05,44.81334702,-29.14688688,30.59,897469.0263907,2023-07-29 19:00:00+00:00,35000,29338.02
2023-07-29,20,BTC-230929-35000-P,BTCUSDT,P,230929-35000,6105.0,6105.0,6105.0,6105.0,0.0,0.0,5330.0,25240.0,5.58,3.5,,4.99872208,7598.0,0.8,-0.64489981,3.864e-05,44.85002971,-29.19052232,30.59,897990.00648,2023-07-29 20:00:00+00:00,35000,29355.23
2023-07-29,21,BTC-230929-35000-P,BTCUSDT,P,230929-35000,6105.0,6105.0,6105.0,6105.0,0.0,0.0,5330.0,25240.0,5.58,3.5,,5.00015259,7600.0,0.8,-0.6451794,3.865e-05,44.8147463,-29.18734623,30.59,897892.95340713,2023-07-29 21:00:00+00:00,35000,29348.09
2023-07-29,22,BTC-230929-35000-P,BTCUSDT,P,230929-35000,6105.0,6105.0,6105.0,6105.0,0.0,0.0,5330.0,25240.0,5.58,3.5,,5.0019455,7597.0,0.8,-0.64520014,3.866e-05,44.80128698,-29.19838927,30.59,897957.45872,2023-07-29 22:00:00+00:00,35000,29352.36
2023-07-29,23,BTC-230929-35000-P,BTCUSDT,P,230929-35000,6105.0,6105.0,6105.0,6105.0,0.0,0.0,5330.0,25090.0,5.58,1.5,,4.9553299,7596.0,0.8,-0.64526321,3.867e-05,44.78425498,-29.2071173,30.59,897953.7146386,2023-07-29 23:00:00+00:00,35000,29352.9
2023-07-30,0,BTC-230929-35000-P,BTCUSDT,P,230929-35000,6105.0,6105.0,6105.0,6105.0,0.0,0.0,5330.0,25090.0,5.58,1.5,,4.9567318,7598.0,0.8,-0.64554034,3.867e-05,44.74917556,-29.20407914,30.59,897736.35083846,2023-07-30 00:00:00+00:00,35000,29348.83
2023-07-30,1,BTC-230929-35000-P,BTCUSDT,P,230929-35000,6105.0,6105.0,6105.0,6105.0,0.0,0.0,5330.0,25090.0,5.58,1.5,,4.95722771,7610.0,0.8,-0.64644016,3.868e-05,44.66151559,-29.16669855,30.59,897141.11313842,2023-07-30 01:00:00+00:00,35000,29326.73
2023-07-30,2,BTC-230929-35000-P,BTCUSDT,P,230929-35000,6105.0,6105.0,6105.0,6105.0,0.0,0.0,5405.0,25090.0,2.02,1.5,,4.9581337,7618.0,0.8,-0.6470653,3.869e-05,44.59696649,-29.14437014,30.59,896692.89232311,2023-07-30 02:00:00+00:00,35000,29313.34
2023-07-30,3,BTC-230929-35000-P,BTCUSDT,P,230929-35000,6105.0,6105.0,6105.0,6105.0,0.0,0.0,5390.0,25090.0,4.32,1.5,,4.95996475,7615.0,0.8,-0.64705324,3.87e-05,44.58630992,-29.15725438,30.59,896778.71912294,2023-07-30 03:00:00+00:00,35000,29314.92
2023-07-30,4,BTC-230929-35000-P,BTCUSDT,P,230929-35000,6105.0,6105.0,6105.0,6105.0,0.0,0.0,5390.0,25090.0,4.32,1.5,,4.96210098,7609.0,0.8,-0.6468402,3.871e-05,44.5926341,-29.18126832,30.59,897036.8953614,2023-07-30 04:00:00+00:00,35000,29325.31
2023-07-30,5,BTC-230929-35000-P,BTCUSDT,P,230929-35000,6105.0,6105.0,6105.0,6105.0,0.0,0.0,5380.0,25160.0,4.91,5.2,,4.98576164,7614.0,0.8,-0.6473299,3.872e-05,44.53954222,-29.16640684,30.59,896707.09482298,2023-07-30 05:00:00+00:00,35000,29312.94
2023-07-30,6,BTC-230929-35000-P,BTCUSDT,P,230929-35000,6105.0,6105.0,6105.0,6105.0,0.0,0.0,5380.0,25020.0,4.91,1.5,,4.94095802,7630.0,0.8,-0.64842583,3.872e-05,44.43504195,-29.11783767,30.59,895897.23970004,2023-07-30 06:00:00+00:00,35000,29286.98
2023-07-30,7,BTC-230929-35000-P,BTCUSDT,P,230929-35000,6105.0,6105.0,6105.0,6105.0,0.0,0.0,5380.0,25170.0,4.91,5.07,,4.99132156,7624.0,0.8,-0.64824531,3.873e-05,44.43868885,-29.14011831,30.59,896177.87101531,2023-07-30 07:00:00+00:00,35000,29294.31
2023-07-30,8,BTC-230929-35000-P,BTCUSDT,P,230929-35000,6105.0,6105.0,6105.0,6105.0,0.0,0.0,4500.0,0.0,0.01,0.0,,-1e-08,6392.0,0.5,-0.77875225,4.962e-05,35.56772604,-14.58689786,30.59,896186.14376145,2023-07-30 08:00:00+00:00,35000,29292.52
2023-07-30,9,BTC-230929-35000-P,BTCUSDT,P,230929-35000,6105.0,6105.0,6105.0,6105.0,0.0,0.0,5420.0,25155.0,4.64,4.62,,4.98904228,7631.0,0.8,-0.64899629,3.875e-05,44.35168855,-29.12285425,30.59,895666.5776539,2023-07-30 09:00:00+00:00,35000,29278.0
2023-07-30,10,BTC-230929-35000-P,BTCUSDT,P,230929-35000,6105.0,6105.0,6105.0,6105.0,0.0,0.0,5430.0,25155.0,5.79,4.62,,4.99052048,7633.0,0.8,-0.64924753,3.876e-05,44.31871488,-29.12112128,30.59,895234.71072307,2023-07-30 10:00:00+00:00,35000,29278.32
2023-07-30,11,BTC-230929-35000-P,BTCUSDT,P,230929-35000,6105.0,6105.0,6105.0,6105.0,0.0,0.0,5430.0,25155.0,5.79,4.62,,4.99435425,7607.0,0.8,-0.64788771,3.877e-05,44.42221442,-29.20912173,30.59,896689.1912693,2023-07-30 11:00:00+00:00,35000,29314.0
2023-07-30,12,BTC-230929-35000-P,BTCUSDT,P,230929-35000,6105.0,6105.0,6105.0,6105.0,0.0,0.0,5405.0,25155.0,5.45,4.62,,4.99666214,7599.0,0.8,-0.64756575,3.879e-05,44.43769243,-29.23932598,30.59,897045.97151535,2023-07-30 12:00:00+00:00,35000,29324.01
2023-07-30,13,BTC-230929-35000-P,BTCUSDT,P,230929-35000,6105.0,6105.0,6105.0,6105.0,0.0,0.0,5405.0,25155.0,5.45,4.62,,4.99631882,7621.0,0.8,-0.64905381,3.879e-05,44.3001566,-29.16882183,30.59,895844.8030614,2023-07-30 13:00:00+00:00,35000,29287.91
2023-07-30,14,BTC-230929-35000-P,BTCUSDT,P,230929-35000,6105.0,6105.0,6105.0,6105.0,0.0,0.0,5405.0,25155.0,5.45,4.62,,5.00394821,7553.0,0.8,-0.64510684,3.882e-05,44.62083568,-29.40013321,30.59,898832.95527697,2023-07-30 14:00:00+00:00,35000,29391.81
2023-07-30,15,BTC-230929-35000-P,BTCUSDT,P,230929-35000,6105.0,6105.0,6105.0,6105.0,0.0,0.0,5305.0,25155.0,4.64,4.62,,5.00326157,7579.0,0.8,-0.64683607,3.882e-05,44.46393443,-29.31687425,30.59,897764.26169224,2023-07-30 15:00:00+00:00,35000,29349.37
2023-07-30,16,BTC-230929-35000-P,BTCUSDT,P,230929-35000,6105.0,6105.0,6105.0,6105.0,0.0,0.0,5370.0,25155.0,3.76,4.62,,5.00675201,7557.0,0.8,-0.64571798,3.884e-05,44.54600989,-29.39117617,30.59,898548.04808447,2023-07-30 16:00:00+00:00,35000,29380.02
2023-07-30,17,BTC-230929-35000-P,BTCUSDT,P,230929-35000,6105.0,6105.0,6105.0,6105.0,0.0,0.0,5360.0,25155.0,5.73,4.62,,5.00944138,7545.0,0.8,-0.64514895,3.885e-05,44.58181384,-29.43502965,30.59,899244.6899539,2023-07-30 17:00:00+00:00,35000,29396.52
2023-07-30,18,BTC-230929-35000-P,BTCUSDT,P,230929-35000,6105.0,6105.0,6105.0,6105.0,0.0,0.0,5320.0,25155.0,3.14,4.62,,5.00881195,7571.0,0.8,-0.64684078,3.885e-05,44.42820328,-29.35379697,30.59,897988.29478474,2023-07-30 18:00:00+00:00,35000,29355.99
2023-07-30,19,BTC-230929-35000-P,BTCUSDT,P,230929-35000,6105.0,6105.0,6105.0,6105.0,0.0,0.0,5320.0,25155.0,3.14,4.62,,5.00164032,7671.0,0.8,-0.65298925,3.882e-05,43.89545609,-29.0217836,30.59,892908.48576908,2023-07-30 19:00:00+00:00,35000,29202.28
2023-07-30,20,BTC-230929-35000-P,BTCUSDT,P,230929-35000,6105.0,6105.0,6105.0,6105.0,0.0,0.0,5555.0,25155.0,4.85,4.62,,5.007267,7625.0,0.8,-0.65043636,3.885e-05,44.10122494,-29.17792408,30.59,895419.32305399,2023-07-30 20:00:00+00:00,35000,29270.96
2023-07-30,21,BTC-230929-35000-P,BTCUSDT,P,230929-35000,6105.0,6105.0,6105.0,6105.0,0.0,0.0,5495.0,25155.0,4.34,4.62,,5.00593185,7659.0,0.8,-0.65260383,3.885e-05,43.90519513,-29.06826155,30.59,893832.36763855,2023-07-30 21:00:00+00:00,35000,29213.87
2023-07-30,22,BTC-230929-35000-P,BTCUSDT,P,230929-35000,6105.0,6105.0,6105.0,6105.0,0.0,0.0,5555.0,25155.0,3.13,4.62,,5.00425339,7696.0,0.8,-0.6550055,3.884e-05,43.68804934,-28.94445778,30.59,891814.76216921,2023-07-30 22:00:00+00:00,35000,29156.0
2023-07-30,23,BTC-230929-35000-P,BTCUSDT,P,230929-35000,6105.0,6105.0,6105.0,6105.0,0.0,0.0,5480.0,25155.0,4.86,4.62,,5.01314163,7614.0,0.8,-0.6502307,3.888e-05,44.08359162,-29.22668497,30.59,895661.82779991,2023-07-30 23:00:00+00:00,35000,29281.09
2023-07-31,0,BTC-230929-35000-P,BTCUSDT,P,230929-35000,6105.0,6105.0,6105.0,6105.0,0.0,0.0,5280.0,25080.0,5.4,3.18,,5.00081062,7496.0,0.8,-0.64333098,3.893e-05,44.64990631,-29.62259974,30.59,900910.6213539,2023-07-31 00:00:00+00:00,35000,29461.54
2023-07-31,1,BTC-230929-35000-P,BTCUSDT,P,230929-35000,6105.0,6105.0,6105.0,6105.0,0.0,0.0,5270.0,25080.0,4.97,3.18,,5.00200272,7501.0,0.8,-0.64379362,3.894e-05,44.59957695,-29.60967195,30.59,900826.96946912,2023-07-31 01:00:00+00:00,35000,29451.99
2023-07-31,2,BTC-230929-35000-P,BTCUSDT,P,230929-35000,6105.0,6105.0,6105.0,6105.0,0.0,0.0,5255.0,25080.0,2.98,3.18,,5.00443459,7492.0,0.8,-0.64339807,3.895e-05,44.62042495,-29.64401364,30.59,901316.34896149,2023-07-31 02:00:00+00:00,35000,29464.53
2023-07-31,3,BTC-230929-35000-P,BTCUSDT,P,230929-35000,6105.0,6105.0,6105.0,6105.0,0.0,0.0,5255.0,25080.0,2.98,3.18,,5.00356674,7409.0,0.775,-0.65354792,3.987e-05,44.07354303,-28.38530965,30.59,899883.26124605,2023-07-31 03:00:00+00:00,35000,29421.99
2023-07-31,4,BTC-230929-35000-P,BTCUSDT,P,230929-35000,6105.0,6105.0,6105.0,6105.0,0.0,0.0,5320.0,25080.0,3.01,3.18,,5.00453949,7417.0,0.775,-0.65416315,3.987e-05,44.00952091,-28.36371903,30.59,899547.19816162,2023-07-31 04:00:00+00:00,35000,29404.0
2023-07-31,5,BTC-230929-35000-P,BTCUSDT,P,230929-35000,6105.0,6105.0,6105.0,6105.0,0.0,0.0,5295.0,25080.0,4.23,3.18,,5.00490189,7431.0,0.775,-0.65521287,3.987e-05,43.90849208,-28.31823146,30.59,898727.39624623,2023-07-31 05:00:00+00:00,35000,29380.02
2023-07-31,6,BTC-230929-35000-P,BTCUSDT,P,230929-35000,6105.0,6105.0,6105.0,6105.0,0.0,0.0,5310.0,25080.0,4.15,3.18,,5.00841141,7410.0,0.775,-0.65406939,3.989e-05,43.99378005,-28.39292683,30.59,899532.94523842,2023-07-31 06:00:00+00:00,35000,29411.23
2023-07-31,7,BTC-230929-35000-P,BTCUSDT,P,230929-35000,6105.0,6105.0,6105.0,6105.0,0.0,0.0,5310.0,25080.0,4.15,3.18,,5.00812531,7432.0,0.775,-0.65557315,3.989e-05,43.85421577,-28.32250889,30.59,898848.81837702,2023-07-31 07:00:00+00:00,35000,29373.61
2023-07-31,8,BTC-230929-35000-P,BTCUSDT,P,230929-35000,6105.0,6105.0,6105.0,6105.0,0.0,0.0,5310.0,25080.0,4.15,3.18,,5.01079559,7420.0,0.775,-0.65502128,3.991e-05,43.88931787,-28.36487682,30.59,899091.69961548,2023-07-31 08:00:00+00:00,35000,29391.3
2023-07-31,9,BTC-230929-35000-P,BTCUSDT,P,230929-35000,6105.0,6105.0,6105.0,6105.0,0.0,0.0,5710.0,5775.0,2.5,2.5,,0.3138876,5740.0,0.29561043,-0.91936583,4.25e-05,17.80409403,-4.39199569,30.59,898534.61537706,2023-07-31 09:00:00+00:00,35000,29383.96
2023-07-31,10,BTC-230929-35000-P,BTCUSDT,P,230929-35000,6105.0,6105.0,6105.0,6105.0,0.0,0.0,5705.0,5765.0,2.5,2.5,,0.31176567,5733.0,0.29482841,-0.91978643,4.245e-05,17.73141151,-4.36553064,30.59,898918.26776162,2023-07-31 10:00:00+00:00,35000,29389.85
2023-07-31,11,BTC-230929-35000-P,BTCUSDT,P,230929-35000,6105.0,6105.0,6105.0,6105.0,0.0,0.0,5675.0,5735.0,2.5,2.5,,0.30424595,5702.0,0.28629541,-0.92571872,4.123e-05,16.72961813,-4.0024613,30.59,899467.05908469,2023-07-31 11:00:00+00:00,35000,29405.99
2023-07-31,12,BTC-230929-35000-P,BTCUSDT,P,230929-35000,6105.0,6105.0,6105.0,6105.0,0.0,0.0,5610.0,5675.0,2.5,2.5,,0.30459881,5640.0,0.285604,-0.92355921,4.216e-05,17.13173673,-4.09161666,30.59,901529.92766912,2023-07-31 12:00:00+00:00,35000,29472.5
2023-07-31,13,BTC-230929-35000-P,BTCUSDT,P,230929-35000,6105.0,6105.0,6105.0,6105.0,0.0,0.0,5390.0,5790.0,2.07,2.5,,0.31166553,5674.0,0.23083277,-0.96672299,2.703e-05,8.80578323,-1.70097315,30.59,897664.11473851,2023-07-31 13:00:00+00:00,35000,29363.99
2023-07-31,14,BTC-230929-35000-P,BTCUSDT,P,230929-35000,6105.0,6105.0,6105.0,6105.0,0.0,0.0,5765.0,5835.0,2.5,2.5,,0.30776978,5796.0,0.28558731,-0.93062906,3.939e-05,15.80258631,-3.77921891,30.59,896431.50581526,2023-07-31 14:00:00+00:00,35000,29302.45
2023-07-31,15,BTC-230929-35000-P,BTCUSDT,P,230929-35000,6105.0,6105.0,6105.0,6105.0,0.0,0.0,5825.0,5890.0,2.5,2.5,,0.31042099,5854.0,0.29001951,-0.92957866,3.933e-05,15.95082548,-3.87657798,30.59,894888.52604605,2023-07-31 15:00:00+00:00,35000,29247.98
2023-07-31,16,BTC-230929-35000-P,BTCUSDT,P,230929-35000,6105.0,6105.0,6105.0,6105.0,0.0,0.0,5840.0,5905.0,2.5,2.5,,0.31124115,5869.0,0.29080391,-0.92966214,3.922e-05,15.92256972,-3.88288857,30.59,894231.67806921,2023-07-31 16:00:00+00:00,35000,29232.51
2023-07-31,17,BTC-230929-35000-P,BTCUSDT,P,230929-35000,6105.0,6105.0,6105.0,6105.0,0.0,0.0,5865.0,5925.0,2.5,2.5,,0.31409264,5892.0,0.29580593,-0.92669054,3.984e-05,16.4210877,-4.07618534,30.59,893674.42239219,2023-07-31 17:00:00+00:00,35000,29215.99
2023-07-31,18,BTC-230929-35000-P,BTCUSDT,P,230929-35000,6105.0,6105.0,6105.0,6105.0,0.0,0.0,5875.0,5940.0,2.5,2.5,,0.31211376,5904.0,0.29136896,-0.93083637,3.872e-05,15.68673268,-3.83817449,30.59,893204.76840768,2023-07-31 18:00:00+00:00,35000,29195.74
2023-07-31,19,BTC-230929-35000-P,BTCUSDT,P,230929-35000,6105.0,6105.0,6105.0,6105.0,0.0,0.0,5580.0,25035.0,3.69,5.98,,5.00218391,7559.0,0.775,-0.66519069,3.992e-05,42.88605587,-27.92998894,30.59,891480.10756921,2023-07-31 19:00:00+00:00,35000,29157.48
2023-07-31,20,BTC-230929-35000-P,BTCUSDT,P,230929-35000,6105.0,6105.0,6105.0,6105.0,0.0,0.0,5570.0,25035.0,3.82,5.98,,5.00663757,7526.0,0.775,-0.66342341,3.995e-05,43.02795455,-28.0420392,30.59,893512.77945386,2023-07-31 20:00:00+00:00,35000,29208.27
2023-07-31,21,BTC-230929-35000-P,BTCUSDT,P,230929-35000,6105.0,6105.0,6105.0,6105.0,0.0,0.0,5855.0,5925.0,2.5,2.5,,0.32694817,5887.0,0.30747414,-0.91722509,4.205e-05,17.99733472,-4.65670171,30.59,894502.66176925,2023-07-31 21:00:00+00:00,35000,29243.31
2023-07-31,22,BTC-230929-35000-P,BTCUSDT,P,230929-35000,6105.0,6105.0,6105.0,6105.0,0.0,0.0,5890.0,5950.0,2.5,2.5,,0.32492161,5918.0,0.30805826,-0.918225,4.165e-05,17.80735535,-4.61953842,30.59,893510.01626925,2023-07-31 22:00:00+00:00,35000,29209.99
2023-07-31,23,BTC-230929-35000-P,BTCUSDT,P,230929-35000,6105.0,6105.0,6105.0,6105.0,0.0,0.0,5860.0,5920.0,2.5,2.5,,0.32028198,5888.0,0.30295372,-0.92116258,4.118e-05,17.32922272,-4.4241164,30.59,894242.59634623,2023-07-31 23:00:00+00:00,35000,29232.25
2023-08-01,0,BTC-230929-35000-P,BTCUSDT,P,230929-35000,6105.0,6105.0,6105.0,6105.0,0.0,0.0,5810.0,5865.0,2.5,2.5,,0.31627178,5835.0,0.3004384,-0.92098427,4.153e-05,17.3835204,-4.4042244,30.59,895941.17164601,2023-08-01 00:00:00+00:00,35000,29283.96
2023-08-01,1,BTC-230929-35000-P,BTCUSDT,P,230929-35000,6105.0,6105.0,6105.0,6105.0,0.0,0.0,5880.0,5940.0,2.5,2.5,,0.31554222,5907.0,0.29715061,-0.92691997,3.97e-05,16.32732679,-4.09423983,30.59,893286.32269241,2023-08-01 01:00:00+00:00,35000,29200.54
2023-08-01,2,BTC-230929-35000-P,BTCUSDT,P,230929-35000,6105.0,6105.0,6105.0,6105.0,0.0,0.0,5795.0,25020.0,4.36,2.76,,4.99624252,7703.0,0.775,-0.67495394,3.985e-05,41.94560005,-27.4520763,30.59,885177.8683693,2023-08-01 02:00:00+00:00,35000,28933.22
2023-08-01,3,BTC-230929-35000-P,BTCUSDT,P,230929-35000,6105.0,6105.0,6105.0,6105.0,0.0,0.0,5855.0,25030.0,5.53,5.03,,4.99550819,7768.0,0.775,-0.67892364,3.98e-05,41.57831473,-27.23086277,30.59,881923.41171544,2023-08-01 03:00:00+00:00,35000,28835.0
2023-08-01,4,BTC-230929-35000-P,BTCUSDT,P,230929-35000,6105.0,6105.0,6105.0,6105.0,0.0,0.0,5830.0,25030.0,4.37,5.03,,4.99898911,7747.0,0.775,-0.67786371,3.983e-05,41.66262663,-27.30531021,30.59,882856.98153855,2023-08-01 04:00:00+00:00,35000,28866.0
2023-08-01,5,BTC-230929-35000-P,BTCUSDT,P,230929-35000,6105.0,6105.0,6105.0,6105.0,0.0,0.0,5840.0,25030.0,2.48,5.03,,5.00389099,7710.0,0.775,-0.67584151,3.987e-05,41.83266925,-27.43608941,30.59,884713.93572303,2023-08-01 05:00:00+00:00,35000,28920.03
2023-08-01,6,BTC-230929-35000-P,BTCUSDT,P,230929-35000,6105.0,6105.0,6105.0,6105.0,0.0,0.0,5755.0,6620.0,4.73,2.2,,0.48487663,6203.0,0.31743832,-0.92389939,3.877e-05,16.64638728,-4.4749754,30.59,884721.63364605,2023-08-01 06:00:00+00:00,35000,28914.29
2023-08-01,7,BTC-230929-35000-P,BTCUSDT,P,230929-35000,6105.0,6105.0,6105.0,6105.0,0.0,0.0,5755.0,6610.0,4.73,3.49,,0.4870224,6187.0,0.3185112,-0.92244041,3.919e-05,16.89421897,-4.56016686,30.59,885161.13126921,2023-08-01 07:00:00+00:00,35000,28937.3
2023-08-01,8,BTC-230929-35000-P,BTCUSDT,P,230929-35000,6105.0,6105.0,6105.0,6105.0,0.0,0.0,5755.0,6510.0,4.73,2.49,,0.46984673,6120.0,0.30992336,-0.92640843,3.863e-05,16.25732963,-4.2729543,30.59,886484.78409996,2023-08-01 08:00:00+00:00,35000,28994.91
2023-08-01,9,BTC-230929-35000-P,BTCUSDT,P,230929-35000,6105.0,6105.0,6105.0,6105.0,0.0,0.0,5755.0,6555.0,4.73,5.81,,0.46746016,6178.0,0.30873008,-0.9297794,3.751e-05,15.64273512,-4.09848533,30.59,884933.49460772,2023-08-01 09:00:00+00:00,35000,28928.37
2023-08-01,10,BTC-230929-35000-P,BTCUSDT,P,230929-35000,6105.0,6105.0,6105.0,6105.0,0.0,0.0,5755.0,6590.0,4.73,2.35,,0.47900677,6187.0,0.31450338,-0.9258223,3.842e-05,16.30822684,-4.35583144,30.59,884954.18487706,2023-08-01 10:00:00+00:00,35000,28928.01
2023-08-01,11,BTC-230929-35000-P,BTCUSDT,P,230929-35000,6105.0,6105.0,6105.0,6105.0,0.0,0.0,5755.0,6590.0,4.73,2.35,,0.46122551,6235.0,0.30561275,-0.93451238,3.601e-05,14.77759954,-3.83814902,30.59,882910.90733846,2023-08-01 11:00:00+00:00,35000,28862.19
2023-08-01,12,BTC-230929-35000-P,BTCUSDT,P,230929-35000,6105.0,6105.0,6105.0,6105.0,0.0,0.0,5755.0,6590.0,4.73,2.35,,0.46607018,6222.0,0.30803509,-0.93231892,3.664e-05,15.16274589,-3.97220993,30.59,883390.62240763,2023-08-01 12:00:00+00:00,35000,28878.57
2023-08-01,13,BTC-230929-35000-P,BTCUSDT,P,230929-35000,6105.0,6105.0,6105.0,6105.0,0.0,0.0,5755.0,6600.0,4.73,4.77,,0.46823978,6228.0,0.30911989,-0.93182732,3.674e-05,15.23975355,-4.00928515,30.59,883271.33149224,2023-08-01 13:00:00+00:00,35000,28869.02
2023-08-01,14,BTC-230929-35000-P,BTCUSDT,P,230929-35000,6105.0,6105.0,6105.0,6105.0,0.0,0.0,5755.0,6600.0,4.73,4.77,,0.45571327,6261.0,0.30285664,-0.93776914,3.5e-05,14.17143321,-3.65528325,30.59,881476.03800759,2023-08-01 14:00:00+00:00,35000,28828.18
2023-08-01,15,BTC-230929-35000-P,BTCUSDT,P,230929-35000,6105.0,6105.0,6105.0,6105.0,0.0,0.0,5755.0,6695.0,4.73,2.57,,0.51820278,6199.0,0.33410139,-0.91142854,4.138e-05,18.62531072,-5.30347243,30.59,885452.79515399,2023-08-01 15:00:00+00:00,35000,28954.0
2023-08-01,16,BTC-230929-35000-P,BTCUSDT,P,230929-35000,6105.0,6105.0,6105.0,6105.0,0.0,0.0,6100.0,6160.0,2.5,2.5,,0.30221462,6125.0,0.27639151,-0.95177579,3.126e-05,11.61970263,-2.73909294,30.59,884575.27226158,2023-08-01 16:00:00+00:00,35000,28936.0
2023-08-01,17,BTC-230929-35000-P,BTCUSDT,P,230929-35000,6105.0,6105.0,6105.0,6105.0,0.0,0.0,6070.0,6140.0,2.5,2.5,,0.30045509,6098.0,0.26754856,-0.95687934,2.951e-05,10.62335846,-2.42582962,30.59,885703.47516154,2023-08-01 17:00:00+00:00,35000,28954.01
2023-08-01,18,BTC-230929-35000-P,BTCUSDT,P,230929-35000,6105.0,6105.0,6105.0,6105.0,0.0,0.0,5530.0,24930.0,4.64,2.04,,5.01497269,7460.0,0.775,-0.66307437,4.019e-05,42.8007813,-28.33076067,30.59,894524.50504605,2023-08-01 18:00:00+00:00,35000,29272.0
2023-08-01,19,BTC-230929-35000-P,BTCUSDT,P,230929-35000,6105.0,6105.0,6105.0,6105.0,0.0,0.0,5820.0,5885.0,2.5,2.5,,0.32361031,5850.0,0.30501842,-0.91953148,4.177e-05,17.50018953,-4.56228991,30.59,895392.30636917,2023-08-01 19:00:00+00:00,35000,29274.41
2023-08-01,20,BTC-230929-35000-P,BTCUSDT,P,230929-35000,6105.0,6105.0,6105.0,6105.0,0.0,0.0,5880.0,5935.0,2.5,2.5,,0.32854557,5906.0,0.31339169,-0.91526015,4.235e-05,18.16064874,-4.86790751,30.59,894109.54329237,2023-08-01 20:00:00+00:00,35000,29229.74
2023-08-01,21,BTC-230929-35000-P,BTCUSDT,P,230929-35000,6105.0,6105.0,6105.0,6105.0,0.0,0.0,5865.0,5930.0,2.5,2.5,,0.33254623,5895.0,0.31488657,-0.91362621,4.275e-05,18.42463485,-4.96576512,30.59,894381.99262294,2023-08-01 21:00:00+00:00,35000,29244.86
2023-08-01,22,BTC-230929-35000-P,BTCUSDT,P,230929-35000,6105.0,6105.0,6105.0,6105.0,0.0,0.0,5855.0,5920.0,2.5,2.5,,0.33157825,5885.0,0.3138423,-0.91411859,4.271e-05,18.34488328,-4.93139114,30.59,894732.22123066,2023-08-01 22:00:00+00:00,35000,29253.99
2023-08-01,23,BTC-230929-35000-P,BTCUSDT,P,230929-35000,6105.0,6105.0,6105.0,6105.0,0.0,0.0,5455.0,5520.0,2.5,2.5,,0.33359528,5486.0,0.3191185,-0.88906284,4.992e-05,22.4670842,-6.14542353,30.59,908014.14711553,2023-08-01 23:00:00+00:00,35000,29705.99
2023-08-02,0,BTC-230929-35000-P,BTCUSDT,P,230929-35000,6105.0,6105.0,6105.0,6105.0,0.0,0.0,5355.0,5415.0,2.5,0.79,,0.33162117,5384.0,0.31874895,-0.88366525,5.152e-05,23.3220111,-6.37643897,30.59,911952.03815395,2023-08-02 00:00:00+00:00,35000,29822.03
2023-08-02,1,BTC-230929-35000-P,BTCUSDT,P,230929-35000,6105.0,6105.0,6105.0,6105.0,0.0,0.0,4805.0,24715.0,3.48,3.99,,4.99177933,7074.0,0.775,-0.64030089,4.047e-05,44.59973342,-29.66934467,30.59,913506.46396149,2023-08-02 01:00:00+00:00,35000,29844.88
2023-08-02,2,BTC-230929-35000-P,BTCUSDT,P,230929-35000,6105.0,6105.0,6105.0,6105.0,0.0,0.0,5360.0,5420.0,2.5,0.79,,0.33141613,5389.0,0.31847239,-0.88443289,5.137e-05,23.19062549,-6.34408505,30.59,912330.13055395,2023-08-02 02:00:00+00:00,35000,29810.86
2023-08-02,3,BTC-230929-35000-P,BTCUSDT,P,230929-35000,6105.0,6105.0,6105.0,6105.0,0.0,0.0,5510.0,5580.0,2.5,2.5,,0.33200741,5543.0,0.31562567,-0.89583119,4.842e-05,21.38670644,-5.80245744,30.59,906471.55728469,2023-08-02 03:00:00+00:00,35000,29632.96
2023-08-02,4,BTC-230929-35000-P,BTCUSDT,P,230929-35000,6105.0,6105.0,6105.0,6105.0,0.0,0.0,5480.0,5550.0,4.06,3.28,,0.33494949,5513.0,0.31909943,-0.89112696,4.939e-05,22.10277704,-6.06708135,30.59,907699.73570009,2023-08-02 04:00:00+00:00,35000,29675.52
2023-08-02,5,BTC-230929-35000-P,BTCUSDT,P,230929-35000,6105.0,6105.0,6105.0,6105.0,0.0,0.0,5485.0,5555.0,2.5,3.27,,0.32764435,5518.0,0.31088829,-0.89898809,4.808e-05,20.91006325,-5.59600504,30.59,906964.69161544,2023-08-02 05:00:00+00:00,35000,29649.99
2023-08-02,6,BTC-230929-35000-P,BTCUSDT,P,230929-35000,6105.0,6105.0,6105.0,6105.0,0.0,0.0,5550.0,5615.0,1.52,2.5,,0.32317638,5580.0,0.30670881,-0.90611031,4.633e-05,19.75822506,-5.22040535,30.59,904643.45854627,2023-08-02 06:00:00+00:00,35000,29567.45
2023-08-02,7,BTC-230929-35000-P,BTCUSDT,P,230929-35000,6105.0,6105.0,6105.0,6105.0,0.0,0.0,5545.0,5610.0,4.03,2.5,,0.32441616,5575.0,0.30812979,-0.90469133,4.663e-05,19.97637625,-5.30630633,30.59,904817.12234605,2023-08-02 07:00:00+00:00,35000,29577.26
2023-08-02,8,BTC-230929-35000-P,BTCUSDT,P,230929-35000,6105.0,6105.0,6105.0,6105.0,0.0,0.0,5630.0,5700.0,2.5,0.76,,0.32861233,5663.0,0.31069279,-0.9069675,4.559e-05,19.55599137,-5.24161402,30.59,901815.69877706,2023-08-02 08:00:00+00:00,35000,29489.55
2023-08-02,9,BTC-230929-35000-P,BTCUSDT,P,230929-35000,6105.0,6105.0,6105.0,6105.0,0.0,0.0,5660.0,5725.0,2.5,0.75,,0.32683372,5690.0,0.3098774,-0.90915391,4.497e-05,19.1865155,-5.13277663,30.59,900991.91680013,2023-08-02 09:00:00+00:00,35000,29453.52
2023-08-02,10,BTC-230929-35000-P,BTCUSDT,P,230929-35000,6105.0,6105.0,6105.0,6105.0,0.0,0.0,5590.0,5640.0,2.5,0.76,,0.31900406,5613.0,0.30603409,-0.90877171,4.558e-05,19.28914942,-5.09990157,30.59,903263.97728461,2023-08-02 10:00:00+00:00,35000,29531.47
2023-08-02,11,BTC-230929-35000-P,BTCUSDT,P,230929-35000,6105.0,6105.0,6105.0,6105.0,0.0,0.0,5560.0,5625.0,2.5,0.76,,0.32376289,5590.0,0.30718565,-0.90668627,4.615e-05,19.62589677,-5.21221266,30.59,904374.68673846,2023-08-02 11:00:00+00:00,35000,29562.49
2023-08-02,12,BTC-230929-35000-P,BTCUSDT,P,230929-35000,6105.0,6105.0,6105.0,6105.0,0.0,0.0,5300.0,5855.0,1.51,0.76,,0.38514137,5609.0,0.26757069,-0.94096568,3.749e-05,13.7910252,-3.19256525,30.59,901607.56912303,2023-08-02 12:00:00+00:00,35000,29466.01
2023-08-02,13,BTC-230929-35000-P,BTCUSDT,P,230929-35000,6105.0,6105.0,6105.0,6105.0,0.0,0.0,5680.0,6245.0,2.5,2.22,,0.49705505,5911.0,0.38975716,-0.85173309,5.073e-05,27.06910915,-9.13452545,30.59,899880.80059991,2023-08-02 13:00:00+00:00,35000,29412.04
2023-08-02,14,BTC-230929-35000-P,BTCUSDT,P,230929-35000,6105.0,6105.0,6105.0,6105.0,0.0,0.0,5805.0,5880.0,2.5,2.5,,0.32523155,5839.0,0.30303001,-0.9223709,4.119e-05,16.91730102,-4.44168861,30.59,895742.57195377,2023-08-02 14:00:00+00:00,35000,29275.14
2023-08-02,15,BTC-230929-35000-P,BTCUSDT,P,230929-35000,6105.0,6105.0,6105.0,6105.0,0.0,0.0,5740.0,5805.0,2.5,0.73,,0.30809402,5769.0,0.28668404,-0.93260371,3.902e-05,15.19963455,-3.778172,30.59,897157.15440013,2023-08-02 15:00:00+00:00,35000,29321.4
2023-08-02,16,BTC-230929-35000-P,BTCUSDT,P,230929-35000,6105.0,6105.0,6105.0,6105.0,0.0,0.0,4500.0,0.0,0.01,0.0,,-1e-08,6443.0,0.4625,-0.82290656,4.869e-05,29.95444918,-12.02076353,30.59,888294.39101544,2023-08-02 16:00:00+00:00,35000,29025.91
2023-08-02,17,BTC-230929-35000-P,BTCUSDT,P,230929-35000,6105.0,6105.0,6105.0,6105.0,0.0,0.0,5910.0,5980.0,2.5,2.5,,0.31563759,5941.0,0.29145718,-0.93604842,3.71e-05,14.49542156,-3.66841718,30.59,891777.50623838,2023-08-02 17:00:00+00:00,35000,29148.0
2023-08-02,18,BTC-230929-35000-P,BTCUSDT,P,230929-35000,6105.0,6105.0,6105.0,6105.0,0.0,0.0,5920.0,5985.0,2.5,2.5,,0.31786919,5949.0,0.29625893,-0.93278409,3.795e-05,15.05974594,-3.87682833,30.59,891174.48657693,2023-08-02 18:00:00+00:00,35000,29148.1
2023-08-02,19,BTC-230929-35000-P,BTCUSDT,P,230929-35000,6105.0,6105.0,6105.0,6105.0,0.0,0.0,5905.0,5970.0,2.5,2.5,,0.31165123,5934.0,0.28861523,-0.93807945,3.656e-05,14.12672735,-3.54538069,30.59,892061.10915373,2023-08-02 19:00:00+00:00,35000,29151.56
2023-08-02,20,BTC-230929-35000-P,BTCUSDT,P,230929-35000,6105.0,6105.0,6105.0,6105.0,0.0,0.0,5920.0,5980.0,2.5,2.5,,0.30956745,5947.0,0.28800726,-0.93911527,3.619e-05,13.92965332,-3.4910867,30.59,891210.75864465,2023-08-02 20:00:00+00:00,35000,29137.46
2023-08-02,21,BTC-230929-35000-P,BTCUSDT,P,230929-35000,6105.0,6105.0,6105.0,6105.0,0.0,0.0,5865.0,5935.0,2.5,2.5,,0.30686378,5895.0,0.28044701,-0.94286652,3.532e-05,13.26679851,-3.24002889,30.59,892628.57382294,2023-08-02 21:00:00+00:00,35000,29179.56
2023-08-02,22,BTC-230929-35000-P,BTCUSDT,P,230929-35000,6105.0,6105.0,6105.0,6105.0,0.0,0.0,5870.0,5940.0,2.5,2.5,,0.31288147,5901.0,0.28832912,-0.93724156,3.698e-05,14.27680821,-3.58729305,30.59,892794.18673851,2023-08-02 22:00:00+00:00,35000,29186.0
2023-08-02,23,BTC-230929-35000-P,BTCUSDT,P,230929-35000,6105.0,6105.0,6105.0,6105.0,0.0,0.0,5875.0,5940.0,2.5,2.5,,0.31252861,5904.0,0.29003143,-0.93614702,3.728e-05,14.46459943,-3.65859389,30.59,892414.98839224,2023-08-02 23:00:00+00:00,35000,29186.01
2023-08-03,0,BTC-230929-35000-P,BTCUSDT,P,230929-35000,6105.0,6105.0,6105.0,6105.0,0.0,0.0,5880.0,5950.0,2.5,2.5,,0.31092644,5910.0,0.28549671,-0.93991645,3.614e-05,13.78215636,-3.43397195,30.59,892418.44405399,2023-08-03 00:00:00+00:00,35000,29170.68
2023-08-03,1,BTC-230929-35000-P,BTCUSDT,P,230929-35000,6105.0,6105.0,6105.0,6105.0,0.0,0.0,5805.0,5870.0,2.5,2.5,,0.307827,5834.0,0.28503418,-0.93734356,3.732e-05,14.27539345,-3.55368929,30.59,894583.0798539,2023-08-03 01:00:00+00:00,35000,29252.0
2023-08-03,2,BTC-230929-35000-P,BTCUSDT,P,230929-35000,6105.0,6105.0,6105.0,6105.0,0.0,0.0,5860.0,5925.0,2.5,2.5,,0.29910088,5887.0,0.27226925,-0.9489044,3.336e-05,12.12072751,-2.88428321,30.59,892516.26482298,2023-08-03 02:00:00+00:00,35000,29176.98
2023-08-03,3,BTC-230929-35000-P,BTCUSDT,P,230929-35000,6105.0,6105.0,6105.0,6105.0,0.0,0.0,5845.0,5905.0,2.5,2.5,,0.28783798,5869.0,0.25920868,-0.95741919,3.028e-05,10.46889181,-2.37343475,30.59,892555.27211544,2023-08-03 03:00:00+00:00,35000,29182.14
2023-08-03,4,BTC-230929-35000-P,BTCUSDT,P,230929-35000,6105.0,6105.0,6105.0,6105.0,0.0,0.0,5880.0,5945.0,2.5,2.5,,0.287714,5905.0,0.25351048,-0.96228409,2.811e-05,9.46877086,-2.10103467,30.59,891274.13602316,2023-08-03 04:00:00+00:00,35000,29136.43
2023-08-03,5,BTC-230929-35000-P,BTCUSDT,P,230929-35000,6105.0,6105.0,6105.0,6105.0,0.0,0.0,5870.0,5930.0,2.5,2.5,,0.28573036,5894.0,0.25490284,-0.96112156,2.866e-05,9.70682847,-2.16726801,30.59,891806.3482386,2023-08-03 05:00:00+00:00,35000,29149.0
2023-08-03,6,BTC-230929-35000-P,BTCUSDT,P,230929-35000,6105.0,6105.0,6105.0,6105.0,0.0,0.0,5645.0,24730.0,5.04,4.73,,5.00413895,7540.0,0.775,-0.67390721,4.044e-05,41.44368461,-28.1538487,30.59,889898.0297461,2023-08-03 06:00:00+00:00,35000,29085.2
2023-08-03,7,BTC-230929-35000-P,BTCUSDT,P,230929-35000,6105.0,6105.0,6105.0,6105.0,0.0,0.0,5575.0,6425.0,2.53,5.41,,0.46384811,6059.0,0.30692406,-0.93017908,3.804e-05,15.38057969,-4.14093768,30.59,888445.24341539,2023-08-03 07:00:00+00:00,35000,29044.17
2023-08-03,8,BTC-230929-35000-P,BTCUSDT,P,230929-35000,6105.0,6105.0,6105.0,6105.0,0.0,0.0,5665.0,6265.0,5.44,5.39,,0.43038845,5963.0,0.29019423,-0.93907255,3.612e-05,13.86865439,-3.53293571,30.59,890627.00961531,2023-08-03 08:00:00+00:00,35000,29122.03
2023-08-03,9,BTC-230929-35000-P,BTCUSDT,P,230929-35000,6105.0,6105.0,6105.0,6105.0,0.0,0.0,5530.0,6120.0,2.77,3.18,,0.38617134,5904.0,0.26808567,-0.95288957,3.186e-05,11.32146303,-2.66628526,30.59,891902.76922357,2023-08-03 09:00:00+00:00,35000,29154.11
2023-08-03,10,BTC-230929-35000-P,BTCUSDT,P,230929-35000,6105.0,6105.0,6105.0,6105.0,0.0,0.0,5530.0,6120.0,2.77,3.18,,0.39406776,5887.0,0.27203388,-0.94962517,3.312e-05,11.94902344,-2.85761633,30.59,892525.97966921,2023-08-03 10:00:00+00:00,35000,29176.0
2023-08-03,11,BTC-230929-35000-P,BTCUSDT,P,230929-35000,6105.0,6105.0,6105.0,6105.0,0.0,0.0,5530.0,6120.0,2.77,3.18,,0.38359642,5910.0,0.26679821,-0.95410549,3.138e-05,11.07517751,-2.59956329,30.59,891616.34399987,2023-08-03 11:00:00+00:00,35000,29146.01
2023-08-03,12,BTC-230929-35000-P,BTCUSDT,P,230929-35000,6105.0,6105.0,6105.0,6105.0,0.0,0.0,5530.0,6355.0,2.77,5.47,,0.45806885,5997.0,0.30403442,-0.93026243,3.835e-05,15.37059707,-4.11432693,30.59,890387.56050754,2023-08-03 12:00:00+00:00,35000,29106.0
2023-08-03,13,BTC-230929-35000-P,BTCUSDT,P,230929-35000,6105.0,6105.0,6105.0,6105.0,0.0,0.0,5530.0,6355.0,2.77,5.47,,0.48185825,5933.0,0.31592913,-0.91826894,4.154e-05,17.39298135,-4.84136413,30.59,892876.43350009,2023-08-03 13:00:00+00:00,35000,29195.55
2023-08-03,14,BTC-230929-35000-P,BTCUSDT,P,230929-35000,6105.0,6105.0,6105.0,6105.0,0.0,0.0,5505.0,6355.0,4.44,5.47,,0.52959442,5796.0,0.33979721,-0.89162906,4.725e-05,21.55671527,-6.45840725,30.59,898573.78066167,2023-08-03 14:00:00+00:00,35000,29392.57
2023-08-03,15,BTC-230929-35000-P,BTCUSDT,P,230929-35000,6105.0,6105.0,6105.0,6105.0,0.0,0.0,5450.0,6180.0,2.5,3.88,,0.44224977,5841.0,0.29612489,-0.93017721,3.925e-05,15.44914643,-4.03665513,30.59,895133.62926167,2023-08-03 15:00:00+00:00,35000,29259.07
2023-08-03,16,BTC-230929-35000-P,BTCUSDT,P,230929-35000,6105.0,6105.0,6105.0,6105.0,0.0,0.0,5390.0,24560.0,2.72,4.58,,4.98056412,7381.0,0.775,-0.66599111,4.068e-05,42.0056098,-28.74555492,30.59,896596.89686921,2023-08-03 16:00:00+00:00,35000,29302.55
2023-08-03,17,BTC-230929-35000-P,BTCUSDT,P,230929-35000,6105.0,6105.0,6105.0,6105.0,0.0,0.0,5425.0,24560.0,5.82,4.58,,4.97777939,7431.0,0.775,-0.66920329,4.064e-05,41.72025554,-28.57130318,30.59,894510.91434618,2023-08-03 17:00:00+00:00,35000,29230.23
2023-08-03,18,BTC-230929-35000-P,BTCUSDT,P,230929-35000,6105.0,6105.0,6105.0,6105.0,0.0,0.0,5460.0,24565.0,3.23,4.87,,4.98352051,7404.0,0.775,-0.66775799,4.067e-05,41.83162919,-28.66868621,30.59,895295.84702311,2023-08-03 18:00:00+00:00,35000,29269.76
2023-08-03,19,BTC-230929-35000-P,BTCUSDT,P,230929-35000,6105.0,6105.0,6105.0,6105.0,0.0,0.0,5385.0,24565.0,5.51,4.87,,4.98634338,7392.0,0.775,-0.66719161,4.069e-05,41.86782619,-28.71465367,30.59,896301.64958465,2023-08-03 19:00:00+00:00,35000,29281.32
2023-08-03,20,BTC-230929-35000-P,BTCUSDT,P,230929-35000,6105.0,6105.0,6105.0,6105.0,0.0,0.0,5385.0,24565.0,5.51,4.87,,4.98916626,7380.0,0.775,-0.66663416,4.071e-05,41.9031377,-28.76008123,30.59,896812.57653842,2023-08-03 20:00:00+00:00,35000,29304.0
2023-08-03,21,BTC-230929-35000-P,BTCUSDT,P,230929-35000,6105.0,6105.0,6105.0,6105.0,0.0,0.0,5385.0,24565.0,5.51,4.87,,4.98813629,7410.0,0.775,-0.66866918,4.07e-05,41.71823152,-28.65431857,30.59,894476.41151535,2023-08-03 21:00:00+00:00,35000,29253.91
2023-08-03,22,BTC-230929-35000-P,BTCUSDT,P,230929-35000,6105.0,6105.0,6105.0,6105.0,0.0,0.0,5505.0,24565.0,4.03,4.87,,4.98883247,7422.0,0.775,-0.66953325,4.069e-05,41.6326082,-28.61664278,30.59,894387.97952307,2023-08-03 22:00:00+00:00,35000,29235.25
2023-08-03,23,BTC-230929-35000-P,BTCUSDT,P,230929-35000,6105.0,6105.0,6105.0,6105.0,0.0,0.0,5475.0,24565.0,5.97,4.87,,4.98817444,7448.0,0.775,-0.67131499,4.068e-05,41.46823702,-28.52474298,30.59,893045.3205539,2023-08-03 23:00:00+00:00,35000,29193.64
2023-08-04,0,BTC-230929-35000-P,BTCUSDT,P,230929-35000,6105.0,6105.0,6105.0,6105.0,0.0,0.0,5490.0,24565.0,3.38,4.87,,4.992342,7422.0,0.775,-0.6698557,4.071e-05,41.58126632,-28.62366375,30.59,894224.51463088,2023-08-04 00:00:00+00:00,35000,29232.94
2023-08-04,1,BTC-230929-35000-P,BTCUSDT,P,230929-35000,6105.0,6105.0,6105.0,6105.0,0.0,0.0,5475.0,24565.0,2.33,4.87,,4.99219894,7442.0,0.775,-0.67129328,4.07e-05,41.44639648,-28.55195615,30.59,893220.42981531,2023-08-04 01:00:00+00:00,35000,29198.15
2023-08-04,2,BTC-230929-35000-P,BTCUSDT,P,230929-35000,6105.0,6105.0,6105.0,6105.0,0.0,0.0,5515.0,24565.0,2.95,4.87,,4.99210358,7463.0,0.775,-0.6726918,4.069e-05,41.31448161,-28.48217938,30.59,892298.01693851,2023-08-04 02:00:00+00:00,35000,29166.0
2023-08-04,3,BTC-230929-35000-P,BTCUSDT,P,230929-35000,6105.0,6105.0,6105.0,6105.0,0.0,0.0,5515.0,24565.0,2.95,4.87,,4.99349594,7466.0,0.775,-0.67309728,4.07e-05,41.26778229,-28.47109022,30.59,891936.9675386,2023-08-04 03:00:00+00:00,35000,29161.29
2023-08-04,4,BTC-230929-35000-P,BTCUSDT,P,230929-35000,6105.0,6105.0,6105.0,6105.0,0.0,0.0,5515.0,24565.0,2.95,4.87,,4.99803543,7436.0,0.775,-0.67140348,4.074e-05,41.40135439,-28.58444814,30.59,893110.71256167,2023-08-04 04:00:00+00:00,35000,29205.98
2023-08-04,5,BTC-230929-35000-P,BTCUSDT,P,230929-35000,6105.0,6105.0,6105.0,6105.0,0.0,0.0,5475.0,24565.0,2.69,4.87,,5.00207901,7410.0,0.775,-0.67003444,4.077e-05,41.50641661,-28.67827599,30.59,894487.63569237,2023-08-04 05:00:00+00:00,35000,29240.84
2023-08-04,6,BTC-230929-35000-P,BTCUSDT,P,230929-35000,6105.0,6105.0,6105.0,6105.0,0.0,0.0,5475.0,6255.0,2.69,2.71,,0.45207977,5906.0,0.30103989,-0.93036629,3.883e-05,15.29785377,-4.10878502,30.59,892877.98989237,2023-08-04 06:00:00+00:00,35000,29196.0
2023-08-04,7,BTC-230929-35000-P,BTCUSDT,P,230929-35000,6105.0,6105.0,6105.0,6105.0,0.0,0.0,5475.0,6255.0,2.69,2.71,,0.45731068,5893.0,0.30365534,-0.92786884,3.954e-05,15.72160633,-4.2624542,30.59,893560.1401693,2023-08-04 07:00:00+00:00,35000,29212.92
2023-08-04,8,BTC-230929-35000-P,BTCUSDT,P,230929-35000,6105.0,6105.0,6105.0,6105.0,0.0,0.0,5475.0,24490.0,2.69,5.54,,4.98004913,7443.0,0.775,-0.67254529,4.076e-05,41.25603785,-28.56895552,30.59,892748.66142307,2023-08-04 08:00:00+00:00,35000,29186.27
2023-08-04,9,BTC-230929-35000-P,BTCUSDT,P,230929-35000,6105.0,6105.0,6105.0,6105.0,0.0,0.0,5475.0,24490.0,2.69,5.54,,4.98103142,7437.0,0.775,-0.67221107,4.077e-05,41.28179514,-28.59197239,30.59,893249.39283079,2023-08-04 09:00:00+00:00,35000,29200.13
2023-08-04,11,BTC-230929-35000-P,BTCUSDT,P,230929-35000,6105.0,6105.0,6105.0,6105.0,0.0,0.0,5475.0,6315.0,5.58,5.06,,0.46608448,5940.0,0.30804224,-0.92679347,3.954e-05,15.85342177,-4.37330377,30.59,892521.15922298,2023-08-04 11:00:00+00:00,35000,29167.51
2023-08-04,12,BTC-230929-35000-P,BTCUSDT,P,230929-35000,6105.0,6105.0,6105.0,6105.0,0.0,0.0,5475.0,6315.0,5.58,5.06,,0.48023224,5902.0,0.31511612,-0.9196732,4.142e-05,17.03727295,-4.81139796,30.59,893842.56654614,2023-08-04 12:00:00+00:00,35000,29222.53
2023-08-04,13,BTC-230929-35000-P,BTCUSDT,P,230929-35000,6105.0,6105.0,6105.0,6105.0,0.0,0.0,5365.0,6205.0,4.88,3.53,,0.4498291,5858.0,0.29991455,-0.92983722,3.924e-05,15.37254497,-4.1349318,30.59,894447.45858447,2023-08-04 13:00:00+00:00,35000,29240.72
2023-08-04,14,BTC-230929-35000-P,BTCUSDT,P,230929-35000,6105.0,6105.0,6105.0,6105.0,0.0,0.0,5365.0,6205.0,4.88,3.53,,0.45365334,5849.0,0.30182667,-0.92802927,3.976e-05,15.6770429,-4.24689481,30.59,894918.59836934,2023-08-04 14:00:00+00:00,35000,29257.13
2023-08-04,15,BTC-230929-35000-P,BTCUSDT,P,230929-35000,6105.0,6105.0,6105.0,6105.0,0.0,0.0,5365.0,6220.0,4.88,5.42,,0.46351433,5840.0,0.30675716,-0.92385637,4.083e-05,16.37043092,-4.51055023,30.59,895406.71728452,2023-08-04 15:00:00+00:00,35000,29274.28
2023-08-04,16,BTC-230929-35000-P,BTCUSDT,P,230929-35000,6105.0,6105.0,6105.0,6105.0,0.0,0.0,5415.0,24425.0,3.53,2.84,,4.97875214,7380.0,0.775,-0.67011306,4.09e-05,41.36802538,-28.81816899,30.59,895227.9742,2023-08-04 16:00:00+00:00,35000,29265.38
2023-08-04,17,BTC-230929-35000-P,BTCUSDT,P,230929-35000,6105.0,6105.0,6105.0,6105.0,0.0,0.0,5475.0,24440.0,5.69,4.42,,4.98149872,7422.0,0.775,-0.67285767,4.086e-05,41.12229081,-28.66845764,30.59,893289.4859,2023-08-04 17:00:00+00:00,35000,29200.01
2023-08-04,18,BTC-230929-35000-P,BTCUSDT,P,230929-35000,6105.0,6105.0,6105.0,6105.0,0.0,0.0,5600.0,24465.0,2.21,3.18,,4.98325348,7511.0,0.775,-0.67840534,4.078e-05,40.63255446,-28.3482879,30.59,888873.00926912,2023-08-04 18:00:00+00:00,35000,29062.51
2023-08-04,19,BTC-230929-35000-P,BTCUSDT,P,230929-35000,6105.0,6105.0,6105.0,6105.0,0.0,0.0,5675.0,24465.0,3.08,3.18,,4.98279572,7536.0,0.775,-0.68004075,4.076e-05,40.47861259,-28.26208849,30.59,888139.95185386,2023-08-04 19:00:00+00:00,35000,29032.06
2023-08-04,20,BTC-230929-35000-P,BTCUSDT,P,230929-35000,6105.0,6105.0,6105.0,6105.0,0.0,0.0,5675.0,24465.0,3.08,3.18,,4.98091698,7576.0,0.775,-0.68261151,4.072e-05,40.24216774,-28.11811283,30.59,886073.19733088,2023-08-04 20:00:00+00:00,35000,28967.51
2023-08-04,21,BTC-230929-35000-P,BTCUSDT,P,230929-35000,6105.0,6105.0,6105.0,6105.0,0.0,0.0,5660.0,24465.0,3.72,3.18,,4.98833656,7514.0,0.775,-0.67906907,4.08e-05,40.53978821,-28.34736478,30.59,888994.35072307,2023-08-04 21:00:00+00:00,35000,29056.36
2023-08-04,22,BTC-230929-35000-P,BTCUSDT,P,230929-35000,6105.0,6105.0,6105.0,6105.0,0.0,0.0,5640.0,24465.0,3.09,3.18,,4.99025345,7512.0,0.775,-0.67914349,4.081e-05,40.52161292,-28.35597603,30.59,888921.63728452,2023-08-04 22:00:00+00:00,35000,29057.62
2023-08-04,23,BTC-230929-35000-P,BTCUSDT,P,230929-35000,6105.0,6105.0,6105.0,6105.0,0.0,0.0,5640.0,24465.0,3.09,3.18,,4.99551773,7474.0,0.775,-0.67701243,4.086e-05,40.69430705,-28.4982663,30.59,890587.45183928,2023-08-04 23:00:00+00:00,35000,29113.99
2023-08-05,0,BTC-230929-35000-P,BTCUSDT,P,230929-35000,6105.0,6105.0,6105.0,6105.0,0.0,0.0,5585.0,24465.0,2.36,3.18,,4.99774933,7469.0,0.775,-0.67689101,4.088e-05,40.69297009,-28.51880502,30.59,890873.85746917,2023-08-05 00:00:00+00:00,35000,29118.48
2023-08-05,1,BTC-230929-35000-P,BTCUSDT,P,230929-35000,6105.0,6105.0,6105.0,6105.0,0.0,0.0,5585.0,24465.0,2.36,3.18,,4.99694824,7497.0,0.775,-0.67876154,4.086e-05,40.5195409,-28.41867658,30.59,889422.97040763,2023-08-05 01:00:00+00:00,35000,29075.79
2023-08-05,2,BTC-230929-35000-P,BTCUSDT,P,230929-35000,6105.0,6105.0,6105.0,6105.0,0.0,0.0,5600.0,24420.0,5.07,2.71,,4.98483658,7489.0,0.775,-0.67845405,4.087e-05,40.53439891,-28.45055327,30.59,889888.09303855,2023-08-05 02:00:00+00:00,35000,29086.05
2023-08-05,3,BTC-230929-35000-P,BTCUSDT,P,230929-35000,6105.0,6105.0,6105.0,6105.0,0.0,0.0,5600.0,24430.0,5.07,3.27,,4.99046326,7482.0,0.775,-0.67822189,4.089e-05,40.54269457,-28.47786861,30.59,889882.90282316,2023-08-05 03:00:00+00:00,35000,29094.53
2023-08-05,4,BTC-230929-35000-P,BTCUSDT,P,230929-35000,6105.0,6105.0,6105.0,6105.0,0.0,0.0,5600.0,24430.0,5.07,3.27,,4.98995781,7507.0,0.775,-0.67990408,4.087e-05,40.38525305,-28.38872067,30.59,888812.58561544,2023-08-05 04:00:00+00:00,35000,29056.01
2023-08-05,5,BTC-230929-35000-P,BTCUSDT,P,230929-35000,6105.0,6105.0,6105.0,6105.0,0.0,0.0,5600.0,24430.0,5.07,3.27,,4.99433517,7479.0,0.775,-0.67836911,4.091e-05,40.50639428,-28.4954151,30.59,890033.63420754,2023-08-05 05:00:00+00:00,35000,29096.2
2023-08-05,6,BTC-230929-35000-P,BTCUSDT,P,230929-35000,6105.0,6105.0,6105.0,6105.0,0.0,0.0,5600.0,24430.0,5.07,3.27,,4.99435425,7498.0,0.775,-0.67970416,4.09e-05,40.37911022,-28.42737669,30.59,889096.14819237,2023-08-05 06:00:00+00:00,35000,29066.84
2023-08-05,7,BTC-230929-35000-P,BTCUSDT,P,230929-35000,6105.0,6105.0,6105.0,6105.0,0.0,0.0,5600.0,24430.0,5.07,3.27,,4.99547958,7505.0,0.775,-0.68030744,4.09e-05,40.3150503,-28.40377946,30.59,888753.2275693,2023-08-05 07:00:00+00:00,35000,29052.81
2023-08-05,8,BTC-230929-35000-P,BTCUSDT,P,230929-35000,6105.0,6105.0,6105.0,6105.0,0.0,0.0,5600.0,6405.0,5.07,3.45,,0.47757149,6020.0,0.31378574,-0.92768583,3.887e-05,15.53810944,-4.43575697,30.59,889805.67819991,2023-08-05 08:00:00+00:00,35000,29088.39
2023-08-05,9,BTC-230929-35000-P,BTCUSDT,P,230929-35000,6105.0,6105.0,6105.0,6105.0,0.0,0.0,5600.0,6405.0,5.07,3.45,,0.46978951,6041.0,0.30989475,-0.9315468,3.778e-05,14.87588367,-4.19722973,30.59,888960.70844614,2023-08-05 09:00:00+00:00,35000,29058.06
2023-08-05,10,BTC-230929-35000-P,BTCUSDT,P,230929-35000,6105.0,6105.0,6105.0,6105.0,0.0,0.0,5600.0,6405.0,5.07,3.45,,0.46937943,6042.0,0.30968971,-0.93184579,3.77e-05,14.81903427,-4.1815959,30.59,888850.88698461,2023-08-05 10:00:00+00:00,35000,29058.0
2023-08-05,11,BTC-230929-35000-P,BTCUSDT,P,230929-35000,6105.0,6105.0,6105.0,6105.0,0.0,0.0,5600.0,6405.0,5.07,3.45,,0.46680927,6049.0,0.30840464,-0.9331645,3.731e-05,14.58656689,-4.10203396,30.59,888558.03983855,2023-08-05 11:00:00+00:00,35000,29048.0
2023-08-05,12,BTC-230929-35000-P,BTCUSDT,P,230929-35000,6105.0,6105.0,6105.0,6105.0,0.0,0.0,5600.0,6405.0,5.07,3.45,,0.45745373,6073.0,0.30372686,-0.93759547,3.598e-05,13.80889416,-3.82734409,30.59,887558.40233851,2023-08-05 12:00:00+00:00,35000,29014.77
2023-08-05,13,BTC-230929-35000-P,BTCUSDT,P,230929-35000,6105.0,6105.0,6105.0,6105.0,0.0,0.0,5600.0,6425.0,5.07,2.14,,0.46779633,6070.0,0.30889816,-0.93380674,3.703e-05,14.45598036,-4.07801355,30.59,887878.50483838,2023-08-05 13:00:00+00:00,35000,29026.26
2023-08-05,14,BTC-230929-35000-P,BTCUSDT,P,230929-35000,6105.0,6105.0,6105.0,6105.0,0.0,0.0,5600.0,6440.0,5.07,2.91,,0.48512459,6043.0,0.31756229,-0.92631636,3.908e-05,15.71657542,-4.56145379,30.59,889205.81166145,2023-08-05 14:00:00+00:00,35000,29068.19
2023-08-05,15,BTC-230929-35000-P,BTCUSDT,P,230929-35000,6105.0,6105.0,6105.0,6105.0,0.0,0.0,5600.0,6445.0,5.07,2.05,,0.47938824,6064.0,0.31469412,-0.92944282,3.82e-05,15.18251601,-4.36998245,30.59,888314.39412662,2023-08-05 15:00:00+00:00,35000,29041.49
2023-08-05,16,BTC-230929-35000-P,BTCUSDT,P,230929-35000,6105.0,6105.0,6105.0,6105.0,0.0,0.0,5600.0,24350.0,5.07,5.33,,4.98523712,7509.0,0.775,-0.68209917,4.097e-05,40.05388112,-28.41350232,30.59,888109.87616934,2023-08-05 16:00:00+00:00,35000,29032.73
2023-08-05,17,BTC-230929-35000-P,BTCUSDT,P,230929-35000,6105.0,6105.0,6105.0,6105.0,0.0,0.0,5600.0,24355.0,5.07,2.92,,4.99070168,7487.0,0.775,-0.68093701,4.101e-05,40.14288394,-28.49837721,30.59,888994.49888604,2023-08-05 17:00:00+00:00,35000,29063.99
2023-08-05,18,BTC-230929-35000-P,BTCUSDT,P,230929-35000,6105.0,6105.0,6105.0,6105.0,0.0,0.0,5600.0,24355.0,5.07,2.92,,4.99347687,7476.0,0.775,-0.68047599,4.103e-05,40.17094922,-28.54008774,30.59,889882.87929241,2023-08-05 18:00:00+00:00,35000,29076.86
2023-08-05,19,BTC-230929-35000-P,BTCUSDT,P,230929-35000,6105.0,6105.0,6105.0,6105.0,0.0,0.0,5600.0,24355.0,5.07,2.92,,4.99486923,7480.0,0.775,-0.68091437,4.103e-05,40.12125473,-28.52657414,30.59,889271.1263539,2023-08-05 19:00:00+00:00,35000,29067.35
2023-08-05,20,BTC-230929-35000-P,BTCUSDT,P,230929-35000,6105.0,6105.0,6105.0,6105.0,0.0,0.0,5600.0,24355.0,5.07,2.92,,4.99588013,7489.0,0.775,-0.68160737,4.103e-05,40.04950018,-28.49734296,30.59,888788.04863891,2023-08-05 20:00:00+00:00,35000,29053.73
2023-08-05,21,BTC-230929-35000-P,BTCUSDT,P,230929-35000,6105.0,6105.0,6105.0,6105.0,0.0,0.0,5600.0,24355.0,5.07,2.92,,4.99898911,7475.0,0.775,-0.68092921,4.105e-05,40.09635503,-28.55252852,30.59,889378.54767693,2023-08-05 21:00:00+00:00,35000,29073.45
2023-08-05,22,BTC-230929-35000-P,BTCUSDT,P,230929-35000,6105.0,6105.0,6105.0,6105.0,0.0,0.0,5600.0,24355.0,5.07,2.92,,5.00195503,7462.0,0.775,-0.68034971,4.108e-05,40.13453409,-28.60161591,30.59,889882.01537697,2023-08-05 22:00:00+00:00,35000,29090.6
2023-08-05,23,BTC-230929-35000-P,BTCUSDT,P,230929-35000,6105.0,6105.0,6105.0,6105.0,0.0,0.0,5600.0,24355.0,5.07,2.92,,5.00275612,7473.0,0.775,-0.68118544,4.107e-05,40.05058472,-28.5636778,30.59,889338.13526158,2023-08-05 23:00:00+00:00,35000,29072.13
2023-08-06,0,BTC-230929-35000-P,BTCUSDT,P,230929-35000,6105.0,6105.0,6105.0,6105.0,0.0,0.0,5600.0,24355.0,5.07,2.92,,5.00423431,7477.0,0.775,-0.68157553,4.108e-05,40.00506335,-28.55310897,30.59,889037.03217706,2023-08-06 00:00:00+00:00,35000,29067.5
2023-08-06,1,BTC-230929-35000-P,BTCUSDT,P,230929-35000,6105.0,6105.0,6105.0,6105.0,0.0,0.0,5600.0,24355.0,5.07,2.92,,5.00442505,7494.0,0.775,-0.68281988,4.106e-05,39.8855583,-28.48967842,30.59,888304.35461526,2023-08-06 01:00:00+00:00,35000,29038.43
2023-08-06,2,BTC-230929-35000-P,BTCUSDT,P,230929-35000,6105.0,6105.0,6105.0,6105.0,0.0,0.0,5600.0,24280.0,5.07,5.68,,4.98384476,7472.0,0.775,-0.68167159,4.11e-05,39.9731249,-28.57417235,30.59,889208.68241548,2023-08-06 02:00:00+00:00,35000,29068.58
2023-08-06,3,BTC-230929-35000-P,BTCUSDT,P,230929-35000,6105.0,6105.0,6105.0,6105.0,0.0,0.0,5600.0,24285.0,5.07,3.35,,4.98701096,7475.0,0.775,-0.68202128,4.111e-05,39.93109021,-28.56608151,30.59,889035.3578328,2023-08-06 03:00:00+00:00,35000,29063.99
2023-08-06,4,BTC-230929-35000-P,BTCUSDT,P,230929-35000,6105.0,6105.0,6105.0,6105.0,0.0,0.0,5600.0,24285.0,5.07,3.35,,4.98971939,7465.0,0.775,-0.68161448,4.113e-05,39.95438872,-28.60475255,30.59,889399.19088447,2023-08-06 04:00:00+00:00,35000,29073.84
2023-08-06,5,BTC-230929-35000-P,BTCUSDT,P,230929-35000,6105.0,6105.0,6105.0,6105.0,0.0,0.0,5600.0,24285.0,5.07,3.35,,4.99332428,7446.0,0.775,-0.6806149,4.116e-05,40.02863272,-28.67998495,30.59,889981.43623851,2023-08-06 05:00:00+00:00,35000,29103.25
2023-08-06,6,BTC-230929-35000-P,BTCUSDT,P,230929-35000,6105.0,6105.0,6105.0,6105.0,0.0,0.0,5600.0,24285.0,5.07,3.35,,4.99319077,7467.0,0.775,-0.68207075,4.114e-05,39.891331,-28.60364679,30.59,889224.22616908,2023-08-06 06:00:00+00:00,35000,29070.18
2023-08-06,7,BTC-230929-35000-P,BTCUSDT,P,230929-35000,6105.0,6105.0,6105.0,6105.0,0.0,0.0,5600.0,24285.0,5.07,3.35,,4.99660492,7450.0,0.775,-0.68120045,4.117e-05,39.9544855,-28.67103669,30.59,889956.02973083,2023-08-06 07:00:00+00:00,35000,29092.68
2023-08-06,8,BTC-230929-35000-P,BTCUSDT,P,230929-35000,6105.0,6105.0,6105.0,6105.0,0.0,0.0,4500.0,0.0,0.01,0.0,,-1e-08,6327.0,0.4625,-0.82811706,4.923e-05,28.52600777,-12.22542928,30.59,890616.44430009,2023-08-06 08:00:00+00:00,35000,29112.25
2023-08-06,9,BTC-230929-35000-P,BTCUSDT,P,230929-35000,6105.0,6105.0,6105.0,6105.0,0.0,0.0,5455.0,6285.0,3.55,5.85,,0.43817043,5993.0,0.29408522,-0.94316808,3.473e-05,12.75994176,-3.47991601,30.59,889650.30453066,2023-08-06 09:00:00+00:00,35000,29083.59
2023-08-06,10,BTC-230929-35000-P,BTCUSDT,P,230929-35000,6105.0,6105.0,6105.0,6105.0,0.0,0.0,5595.0,24230.0,4.7,3.55,,4.98298645,7463.0,0.775,-0.68250562,4.118e-05,39.80642059,-28.63106203,30.59,889229.60463075,2023-08-06 10:00:00+00:00,35000,29070.0
2023-08-06,11,BTC-230929-35000-P,BTCUSDT,P,230929-35000,6105.0,6105.0,6105.0,6105.0,0.0,0.0,5510.0,6350.0,2.96,3.51,,0.4608345,6012.0,0.30541725,-0.9359437,3.676e-05,13.99958994,-3.97125266,30.59,889509.43700618,2023-08-06 11:00:00+00:00,35000,29078.01
2023-08-06,12,BTC-230929-35000-P,BTCUSDT,P,230929-35000,6105.0,6105.0,6105.0,6105.0,0.0,0.0,5510.0,6350.0,2.96,3.51,,0.44781685,6044.0,0.29890842,-0.94190028,3.486e-05,12.9468437,-3.59713693,30.59,888180.77773833,2023-08-06 12:00:00+00:00,35000,29033.13
2023-08-06,13,BTC-230929-35000-P,BTCUSDT,P,230929-35000,6105.0,6105.0,6105.0,6105.0,0.0,0.0,5510.0,6380.0,2.96,5.73,,0.45333385,6065.0,0.30166693,-0.9408156,3.508e-05,13.12276226,-3.68251397,30.59,887614.6778539,2023-08-06 13:00:00+00:00,35000,29016.01
2023-08-06,14,BTC-230929-35000-P,BTCUSDT,P,230929-35000,6105.0,6105.0,6105.0,6105.0,0.0,0.0,5510.0,6385.0,2.96,4.07,,0.4617691,6050.0,0.30588455,-0.93735317,3.616e-05,13.72397509,-3.9081003,30.59,888258.98393075,2023-08-06 14:00:00+00:00,35000,29038.0
2023-08-06,15,BTC-230929-35000-P,BTCUSDT,P,230929-35000,6105.0,6105.0,6105.0,6105.0,0.0,0.0,5510.0,6385.0,2.96,4.07,,0.45417309,6069.0,0.30208654,-0.94084788,3.505e-05,13.10499671,-3.6883624,30.59,887522.50783092,2023-08-06 15:00:00+00:00,35000,29012.93
2023-08-06,16,BTC-230929-35000-P,BTCUSDT,P,230929-35000,6105.0,6105.0,6105.0,6105.0,0.0,0.0,5630.0,24215.0,2.27,2.5,,4.99090195,7442.0,0.775,-0.68236702,4.126e-05,39.74709063,-28.72166768,30.59,889779.08506912,2023-08-06 16:00:00+00:00,35000,29089.31
2023-08-06,17,BTC-230929-35000-P,BTCUSDT,P,230929-35000,6105.0,6105.0,6105.0,6105.0,0.0,0.0,5630.0,24215.0,2.27,2.5,,4.99286652,7441.0,0.775,-0.68245735,4.127e-05,39.72741718,-28.72977449,30.59,889814.7678,2023-08-06 17:00:00+00:00,35000,29088.54
2023-08-06,18,BTC-230929-35000-P,BTCUSDT,P,230929-35000,6105.0,6105.0,6105.0,6105.0,0.0,0.0,5540.0,24215.0,4.99,2.5,,4.99477386,7440.0,0.775,-0.68259299,4.128e-05,39.70384599,-28.73507298,30.59,889791.87572303,2023-08-06 18:00:00+00:00,35000,29087.82
2023-08-06,19,BTC-230929-35000-P,BTCUSDT,P,230929-35000,6105.0,6105.0,6105.0,6105.0,0.0,0.0,5540.0,24215.0,4.99,2.5,,4.99671936,7439.0,0.775,-0.68269586,4.129e-05,39.68309043,-28.74241909,30.59,889795.05080259,2023-08-06 19:00:00+00:00,35000,29088.0
2023-08-06,20,BTC-230929-35000-P,BTCUSDT,P,230929-35000,6105.0,6105.0,6105.0,6105.0,0.0,0.0,5540.0,24215.0,4.99,2.5,,5.00137329,7409.0,0.775,-0.68103575,4.133e-05,39.81349238,-28.8593452,30.59,890857.24810772,2023-08-06 20:00:00+00:00,35000,29135.78
2023-08-06,21,BTC-230929-35000-P,BTCUSDT,P,230929-35000,6105.0,6105.0,6105.0,6105.0,0.0,0.0,5540.0,24215.0,4.99,2.5,,5.00045776,7438.0,0.775,-0.68301487,4.131e-05,39.63183618,-28.75007774,30.59,889220.03433083,2023-08-06 21:00:00+00:00,35000,29086.58
2023-08-06,22,BTC-230929-35000-P,BTCUSDT,P,230929-35000,6105.0,6105.0,6105.0,6105.0,0.0,0.0,5540.0,24135.0,4.99,3.91,,4.97731209,7427.0,0.775,-0.68251484,4.133e-05,39.6628524,-28.79503882,30.59,890170.48243851,2023-08-06 22:00:00+00:00,35000,29100.0
2023-08-06,23,BTC-230929-35000-P,BTCUSDT,P,230929-35000,6105.0,6105.0,6105.0,6105.0,0.0,0.0,5540.0,24145.0,4.99,2.58,,4.98178482,7434.0,0.775,-0.68309407,4.133e-05,39.60118481,-28.7727296,30.59,889858.17534618,2023-08-06 23:00:00+00:00,35000,29088.42
2023-08-07,0,BTC-230929-35000-P,BTCUSDT,P,230929-35000,6105.0,6105.0,6105.0,6105.0,0.0,0.0,5540.0,24150.0,4.99,2.03,,4.98321533,7455.0,0.775,-0.68457917,4.131e-05,39.46146114,-28.69362853,30.59,888625.19665377,2023-08-07 00:00:00+00:00,35000,29055.99
2023-08-07,1,BTC-230929-35000-P,BTCUSDT,P,230929-35000,6105.0,6105.0,6105.0,6105.0,0.0,0.0,5540.0,24150.0,4.99,2.03,,4.99084473,7393.0,0.775,-0.68100496,4.14e-05,39.75609758,-28.93048726,30.59,891361.3410539,2023-08-07 01:00:00+00:00,35000,29145.4
2023-08-07,2,BTC-230929-35000-P,BTCUSDT,P,230929-35000,6105.0,6105.0,6105.0,6105.0,0.0,0.0,4500.0,0.0,0.01,0.0,,-1e-08,6248.0,0.4625,-0.82594254,4.983e-05,28.63764827,-12.44627356,30.59,893104.35253083,2023-08-07 02:00:00+00:00,35000,29197.0
2023-08-07,3,BTC-230929-35000-P,BTCUSDT,P,230929-35000,6105.0,6105.0,6105.0,6105.0,0.0,0.0,5500.0,24120.0,3.05,5.04,,4.98617172,7378.0,0.775,-0.68045943,4.143e-05,39.7785038,-28.99216339,30.59,892095.6825768,2023-08-07 03:00:00+00:00,35000,29162.67
2023-08-07,4,BTC-230929-35000-P,BTCUSDT,P,230929-35000,6105.0,6105.0,6105.0,6105.0,0.0,0.0,5500.0,24120.0,3.05,5.04,,4.98947144,7363.0,0.775,-0.67969377,4.146e-05,39.83151096,-29.05356637,30.59,892742.30811531,2023-08-07 04:00:00+00:00,35000,29183.27
2023-08-07,5,BTC-230929-35000-P,BTCUSDT,P,230929-35000,6105.0,6105.0,6105.0,6105.0,0.0,0.0,5500.0,24120.0,3.05,5.04,,4.98785019,7400.0,0.775,-0.68212268,4.142e-05,39.61258671,-28.91656013,30.59,891013.42182294,2023-08-07 05:00:00+00:00,35000,29127.62
2023-08-07,6,BTC-230929-35000-P,BTCUSDT,P,230929-35000,6105.0,6105.0,6105.0,6105.0,0.0,0.0,5500.0,6345.0,3.05,4.62,,0.45528889,6027.0,0.30264444,-0.9401376,3.547e-05,13.17027497,-3.75733826,30.59,888961.24629237,2023-08-07 06:00:00+00:00,35000,29052.0
2023-08-07,7,BTC-230929-35000-P,BTCUSDT,P,230929-35000,6105.0,6105.0,6105.0,6105.0,0.0,0.0,5500.0,6350.0,3.05,5.0,,0.46908379,6000.0,0.30954189,-0.93420002,3.73e-05,14.19114014,-4.14410512,30.59,889984.71710013,2023-08-07 07:00:00+00:00,35000,29094.09
2023-08-07,8,BTC-230929-35000-P,BTCUSDT,P,230929-35000,6105.0,6105.0,6105.0,6105.0,0.0,0.0,5610.0,24080.0,2.26,4.14,,4.97667313,7440.0,0.775,-0.68507183,4.14e-05,39.32383094,-28.77352855,30.59,889113.60802311,2023-08-07 08:00:00+00:00,35000,29063.01
2023-08-07,9,BTC-230929-35000-P,BTCUSDT,P,230929-35000,6105.0,6105.0,6105.0,6105.0,0.0,0.0,5510.0,6380.0,2.93,2.01,,0.47927618,6009.0,0.31463809,-0.93101606,3.809e-05,14.70630176,-4.37212128,30.59,889963.29065399,2023-08-07 09:00:00+00:00,35000,29092.01
2023-08-07,10,BTC-230929-35000-P,BTCUSDT,P,230929-35000,6105.0,6105.0,6105.0,6105.0,0.0,0.0,5510.0,6380.0,2.93,2.01,,0.49316883,5973.0,0.32158442,-0.92442723,3.992e-05,15.7918317,-4.80227504,30.59,891214.11239246,2023-08-07 10:00:00+00:00,35000,29143.23
2023-08-07,11,BTC-230929-35000-P,BTCUSDT,P,230929-35000,6105.0,6105.0,6105.0,6105.0,0.0,0.0,5510.0,6335.0,2.93,4.86,,0.46360493,5998.0,0.30680246,-0.93646839,3.668e-05,13.78657002,-4.00292055,30.59,889891.03102298,2023-08-07 11:00:00+00:00,35000,29091.44
2023-08-07,12,BTC-230929-35000-P,BTCUSDT,P,230929-35000,6105.0,6105.0,6105.0,6105.0,0.0,0.0,5510.0,6335.0,2.93,4.86,,0.45974255,6008.0,0.30487127,-0.93832012,3.61e-05,13.46079447,-3.88679588,30.59,889484.26806167,2023-08-07 12:00:00+00:00,35000,29079.25
2023-08-07,13,BTC-230929-35000-P,BTCUSDT,P,230929-35000,6105.0,6105.0,6105.0,6105.0,0.0,0.0,5510.0,6385.0,2.93,5.52,,0.46422482,6054.0,0.30711241,-0.93856871,3.58e-05,13.39200487,-3.89843598,30.59,888313.71986154,2023-08-07 13:00:00+00:00,35000,29030.51
2023-08-07,14,BTC-230929-35000-P,BTCUSDT,P,230929-35000,6105.0,6105.0,6105.0,6105.0,0.0,0.0,5510.0,6385.0,2.93,5.52,,0.4617691,6060.0,0.30588455,-0.93975849,3.542e-05,13.17962402,-3.82429329,30.59,887751.89585373,2023-08-07 14:00:00+00:00,35000,29023.99
2023-08-07,15,BTC-230929-35000-P,BTCUSDT,P,230929-35000,6105.0,6105.0,6105.0,6105.0,0.0,0.0,5630.0,6395.0,5.4,2.1,,0.40934086,6186.0,0.27967043,-0.96103216,2.752e-05,9.24800977,-2.45543762,30.59,882677.47202311,2023-08-07 15:00:00+00:00,35000,28858.44
2023-08-07,16,BTC-230929-35000-P,BTCUSDT,P,230929-35000,6105.0,6105.0,6105.0,6105.0,0.0,0.0,5780.0,24080.0,5.96,3.64,,4.98410225,7518.0,0.775,-0.69126445,4.136e-05,38.69277435,-28.49111024,30.59,884928.13295373,2023-08-07 16:00:00+00:00,35000,28938.0
2023-08-07,17,BTC-230929-35000-P,BTCUSDT,P,230929-35000,6105.0,6105.0,6105.0,6105.0,0.0,0.0,5780.0,24080.0,5.96,3.64,,4.9889183,7487.0,0.775,-0.6895599,4.141e-05,38.82926339,-28.61426863,30.59,886497.16464627,2023-08-07 17:00:00+00:00,35000,28981.32
2023-08-07,18,BTC-230929-35000-P,BTCUSDT,P,230929-35000,6105.0,6105.0,6105.0,6105.0,0.0,0.0,5560.0,24005.0,2.88,5.03,,4.97385025,7407.0,0.775,-0.68494709,4.153e-05,39.21491948,-28.92138548,30.59,889982.48839991,2023-08-07 18:00:00+00:00,35000,29094.43
2023-08-07,19,BTC-230929-35000-P,BTCUSDT,P,230929-35000,6105.0,6105.0,6105.0,6105.0,0.0,0.0,5560.0,24005.0,2.88,5.03,,4.97941971,7368.0,0.775,-0.6827338,4.159e-05,39.39172917,-29.07484131,30.59,891274.8957307,2023-08-07 19:00:00+00:00,35000,29154.91
2023-08-07,20,BTC-230929-35000-P,BTCUSDT,P,230929-35000,6105.0,6105.0,6105.0,6105.0,0.0,0.0,5560.0,24005.0,2.88,5.03,,4.98462677,7333.0,0.775,-0.68075443,4.164e-05,39.54741481,-29.21293698,30.59,893207.92489219,2023-08-07 20:00:00+00:00,35000,29198.99
2023-08-07,21,BTC-230929-35000-P,BTCUSDT,P,230929-35000,6105.0,6105.0,6105.0,6105.0,0.0,0.0,5490.0,24005.0,2.6,5.03,,4.98643875,7333.0,0.775,-0.68097,4.165e-05,39.5170096,-29.21368109,30.59,893212.73525382,2023-08-07 21:00:00+00:00,35000,29196.42
2023-08-07,22,BTC-230929-35000-P,BTCUSDT,P,230929-35000,6105.0,6105.0,6105.0,6105.0,0.0,0.0,5490.0,24005.0,2.6,5.03,,4.98737335,7343.0,0.775,-0.68175876,4.165e-05,39.43809577,-29.17853696,30.59,892575.7539693,2023-08-07 22:00:00+00:00,35000,29181.18
2023-08-07,23,BTC-230929-35000-P,BTCUSDT,P,230929-35000,6105.0,6105.0,6105.0,6105.0,0.0,0.0,5475.0,24005.0,4.91,5.03,,4.99145508,7320.0,0.775,-0.6805105,4.169e-05,39.53141662,-29.2708673,30.59,893665.70256158,2023-08-07 23:00:00+00:00,35000,29211.06
2023-08-08,0,BTC-230929-35000-P,BTCUSDT,P,230929-35000,6105.0,6105.0,6105.0,6105.0,0.0,0.0,5450.0,23950.0,4.07,5.15,,4.97861862,7286.0,0.775,-0.67865632,4.174e-05,39.67512078,-29.40068061,30.59,894864.48768469,2023-08-08 00:00:00+00:00,35000,29260.1
2023-08-08,1,BTC-230929-35000-P,BTCUSDT,P,230929-35000,6105.0,6105.0,6105.0,6105.0,0.0,0.0,5450.0,23975.0,4.07,5.25,,4.98167038,7360.0,0.775,-0.68332149,4.165e-05,39.26912137,-29.12302615,30.59,891751.92493088,2023-08-08 01:00:00+00:00,35000,29151.86
2023-08-08,2,BTC-230929-35000-P,BTCUSDT,P,230929-35000,6105.0,6105.0,6105.0,6105.0,0.0,0.0,5450.0,23975.0,4.07,5.25,,4.98485565,7346.0,0.775,-0.6826604,4.168e-05,39.3130782,-29.17889435,30.59,892270.3985386,2023-08-08 02:00:00+00:00,35000,29173.04
2023-08-08,3,BTC-230929-35000-P,BTCUSDT,P,230929-35000,6105.0,6105.0,6105.0,6105.0,0.0,0.0,5485.0,23955.0,2.52,4.44,,4.98210907,7326.0,0.775,-0.68163375,4.171e-05,39.38776516,-29.25767849,30.59,893127.96061539,2023-08-08 03:00:00+00:00,35000,29195.08
2023-08-08,4,BTC-230929-35000-P,BTCUSDT,P,230929-35000,6105.0,6105.0,6105.0,6105.0,0.0,0.0,5485.0,23955.0,2.52,4.44,,4.98596191,7305.0,0.775,-0.68053388,4.175e-05,39.46827385,-29.34091649,30.59,893892.3576539,2023-08-08 04:00:00+00:00,35000,29225.63
2023-08-08,5,BTC-230929-35000-P,BTCUSDT,P,230929-35000,6105.0,6105.0,6105.0,6105.0,0.0,0.0,4500.0,0.0,0.01,0.0,,-1e-08,6191.0,0.4625,-0.82637751,5.019e-05,28.33903986,-12.5825309,30.59,894813.73181544,2023-08-08 05:00:00+00:00,35000,29249.12
2023-08-08,6,BTC-230929-35000-P,BTCUSDT,P,230929-35000,6105.0,6105.0,6105.0,6105.0,0.0,0.0,5415.0,6170.0,3.77,4.6,,0.44751644,5859.0,0.29875822,-0.93848459,3.684e-05,13.40433376,-3.84754589,30.59,894091.29686149,2023-08-08 06:00:00+00:00,35000,29224.01
2023-08-08,7,BTC-230929-35000-P,BTCUSDT,P,230929-35000,6105.0,6105.0,6105.0,6105.0,0.0,0.0,5415.0,6235.0,3.77,2.27,,0.46023369,5902.0,0.30511684,-0.93564473,3.743e-05,13.86104134,-4.06657332,30.59,893026.09927693,2023-08-08 07:00:00+00:00,35000,29187.62
2023-08-08,8,BTC-230929-35000-P,BTCUSDT,P,230929-35000,6105.0,6105.0,6105.0,6105.0,0.0,0.0,5415.0,6245.0,3.77,2.76,,0.46250343,5908.0,0.30625172,-0.93515208,3.753e-05,13.93538788,-4.10688261,30.59,892707.61367697,2023-08-08 08:00:00+00:00,35000,29182.01
2023-08-08,9,BTC-230929-35000-P,BTCUSDT,P,230929-35000,6105.0,6105.0,6105.0,6105.0,0.0,0.0,5415.0,6260.0,3.77,5.75,,0.47401905,5897.0,0.31200953,-0.93054027,3.884e-05,14.70023534,-4.41728324,30.59,893352.28616145,2023-08-08 09:00:00+00:00,35000,29204.0
2023-08-08,10,BTC-230929-35000-P,BTCUSDT,P,230929-35000,6105.0,6105.0,6105.0,6105.0,0.0,0.0,5415.0,6260.0,3.77,5.75,,0.50055981,5828.0,0.3252799,-0.91747105,4.236e-05,16.81165915,-5.27083725,30.59,896277.21792307,2023-08-08 10:00:00+00:00,35000,29300.21
2023-08-08,11,BTC-230929-35000-P,BTCUSDT,P,230929-35000,6105.0,6105.0,6105.0,6105.0,0.0,0.0,5345.0,6260.0,3.08,5.75,,0.53287506,5739.0,0.34143753,-0.90021921,4.627e-05,19.43235354,-6.40025722,30.59,900215.09551535,2023-08-08 11:00:00+00:00,35000,29438.63
2023-08-08,12,BTC-230929-35000-P,BTCUSDT,P,230929-35000,6105.0,6105.0,6105.0,6105.0,0.0,0.0,5150.0,6010.0,4.35,4.45,,0.4932332,5563.0,0.3216166,-0.90778525,4.613e-05,18.42566903,-5.72099733,30.59,905356.8106232,2023-08-08 12:00:00+00:00,35000,29578.57
2023-08-08,13,BTC-230929-35000-P,BTCUSDT,P,230929-35000,6105.0,6105.0,6105.0,6105.0,0.0,0.0,5150.0,6010.0,4.35,4.45,,0.43291092,5717.0,0.29145546,-0.93881577,3.753e-05,13.37411264,-3.76614229,30.59,898739.68266925,2023-08-08 13:00:00+00:00,35000,29362.45
2023-08-08,14,BTC-230929-35000-P,BTCUSDT,P,230929-35000,6105.0,6105.0,6105.0,6105.0,0.0,0.0,5195.0,6160.0,2.6,4.43,,0.50520897,5703.0,0.32760448,-0.91006416,4.471e-05,17.98501888,-5.69731332,30.59,900576.7029307,2023-08-08 14:00:00+00:00,35000,29439.12
2023-08-08,15,BTC-230929-35000-P,BTCUSDT,P,230929-35000,6105.0,6105.0,6105.0,6105.0,0.0,0.0,5195.0,6090.0,2.6,5.67,,0.50727367,5617.0,0.32863684,-0.90502768,4.627e-05,18.77860448,-5.97226432,30.59,903589.13553846,2023-08-08 15:00:00+00:00,35000,29535.39
2023-08-08,16,BTC-230929-35000-P,BTCUSDT,P,230929-35000,6105.0,6105.0,6105.0,6105.0,0.0,0.0,4955.0,23760.0,3.37,3.61,,4.98056412,6939.0,0.775,-0.65977697,4.227e-05,41.00607865,-30.77937417,30.59,909688.92944601,2023-08-08 16:00:00+00:00,35000,29748.0
2023-08-08,17,BTC-230929-35000-P,BTCUSDT,P,230929-35000,6105.0,6105.0,6105.0,6105.0,0.0,0.0,4890.0,23760.0,4.69,3.61,,4.98609543,6901.0,0.775,-0.65753142,4.231e-05,41.16892395,-30.92656759,30.59,911682.38562303,2023-08-08 17:00:00+00:00,35000,29808.56
2023-08-08,18,BTC-230929-35000-P,BTCUSDT,P,230929-35000,6105.0,6105.0,6105.0,6105.0,0.0,0.0,4810.0,23760.0,3.23,3.61,,4.99095917,6870.0,0.775,-0.65573196,4.235e-05,41.29575727,-31.04692453,30.59,912738.22132316,2023-08-08 18:00:00+00:00,35000,29847.49
2023-08-08,19,BTC-230929-35000-P,BTCUSDT,P,230929-35000,6105.0,6105.0,6105.0,6105.0,0.0,0.0,4775.0,23760.0,2.93,3.61,,4.99507904,6847.0,0.775,-0.65443127,4.238e-05,41.38314403,-31.13779555,30.59,913861.18358469,2023-08-08 19:00:00+00:00,35000,29884.24
2023-08-08,20,BTC-230929-35000-P,BTCUSDT,P,230929-35000,6105.0,6105.0,6105.0,6105.0,0.0,0.0,4695.0,23675.0,4.6,2.6,,4.9760437,6781.0,0.775,-0.65036478,4.244e-05,41.68182765,-31.38792793,30.59,916828.13793851,2023-08-08 20:00:00+00:00,35000,29980.0
2023-08-08,21,BTC-230929-35000-P,BTCUSDT,P,230929-35000,6105.0,6105.0,6105.0,6105.0,0.0,0.0,4600.0,23675.0,3.19,2.6,,4.96985435,6865.0,0.775,-0.65595951,4.239e-05,41.23809154,-31.07894368,30.59,912965.56889232,2023-08-08 21:00:00+00:00,35000,29854.98
2023-08-08,22,BTC-230929-35000-P,BTCUSDT,P,230929-35000,6105.0,6105.0,6105.0,6105.0,0.0,0.0,4835.0,23690.0,3.08,3.85,,4.9712944,6919.0,0.775,-0.65964523,4.235e-05,40.9373277,-30.87729618,30.59,910811.56745752,2023-08-08 22:00:00+00:00,35000,29768.01
2023-08-08,23,BTC-230929-35000-P,BTCUSDT,P,230929-35000,6105.0,6105.0,6105.0,6105.0,0.0,0.0,4835.0,23690.0,3.08,3.85,,4.97358322,6915.0,0.775,-0.65957331,4.237e-05,40.92974981,-30.89663859,30.59,910920.7685768,2023-08-08 23:00:00+00:00,35000,29770.42
2023-08-09,0,BTC-230929-35000-P,BTCUSDT,P,230929-35000,6105.0,6105.0,6105.0,6105.0,0.0,0.0,4835.0,6860.0,3.08,3.87,,0.76339245,5729.0,0.45669622,-0.80436451,5.418e-05,30.84235227,-13.73086854,30.59,911117.86230009,2023-08-09 00:00:00+00:00,35000,29782.01
2023-08-09,1,BTC-230929-35000-P,BTCUSDT,P,230929-35000,6105.0,6105.0,6105.0,6105.0,0.0,0.0,4810.0,6175.0,4.73,3.65,,0.60209751,5439.0,0.37604876,-0.85494598,5.419e-05,25.50433146,-9.35694629,30.59,913403.47314601,2023-08-09 01:00:00+00:00,35000,29853.15
2023-08-09,2,BTC-230929-35000-P,BTCUSDT,P,230929-35000,6105.0,6105.0,6105.0,6105.0,0.0,0.0,4955.0,23685.0,4.03,3.7,,4.97297287,6963.0,0.775,-0.66323697,4.235e-05,40.60171393,-30.72382866,30.59,908593.98679426,2023-08-09 02:00:00+00:00,35000,29692.19
2023-08-09,3,BTC-230929-35000-P,BTCUSDT,P,230929-35000,6105.0,6105.0,6105.0,6105.0,0.0,0.0,4930.0,23685.0,2.75,3.7,,4.97637749,6948.0,0.775,-0.66243144,4.238e-05,40.65224658,-30.78711789,30.59,909041.00746109,2023-08-09 03:00:00+00:00,35000,29716.01
2023-08-09,4,BTC-230929-35000-P,BTCUSDT,P,230929-35000,6105.0,6105.0,6105.0,6105.0,0.0,0.0,4905.0,23685.0,3.84,3.7,,4.98151779,6914.0,0.775,-0.66047363,4.242e-05,40.7930479,-30.91892906,30.59,910532.82108215,2023-08-09 04:00:00+00:00,35000,29762.1
2023-08-09,5,BTC-230929-35000-P,BTCUSDT,P,230929-35000,6105.0,6105.0,6105.0,6105.0,0.0,0.0,4900.0,23685.0,2.24,3.7,,4.9818325,6931.0,0.775,-0.66171892,4.242e-05,40.68204689,-30.85994701,30.59,909622.08525386,2023-08-09 05:00:00+00:00,35000,29735.98
2023-08-09,6,BTC-230929-35000-P,BTCUSDT,P,230929-35000,6105.0,6105.0,6105.0,6105.0,0.0,0.0,5020.0,5830.0,1.48,0.37,,0.47564507,5413.0,0.31282253,-0.9095115,4.689e-05,18.12408658,-5.55391482,30.59,909377.18896461,2023-08-09 06:00:00+00:00,35000,29725.52
2023-08-09,7,BTC-230929-35000-P,BTCUSDT,P,230929-35000,6105.0,6105.0,6105.0,6105.0,0.0,0.0,4915.0,5835.0,1.51,0.38,,0.49992323,5352.0,0.32496161,-0.89585664,4.991e-05,20.14766015,-6.41883793,30.59,912158.70217684,2023-08-09 07:00:00+00:00,35000,29818.0
2023-08-09,8,BTC-230929-35000-P,BTCUSDT,P,230929-35000,6105.0,6105.0,6105.0,6105.0,0.0,0.0,4875.0,5760.0,1.51,0.38,,0.48116207,5319.0,0.31558104,-0.90236861,4.902e-05,19.22379349,-5.95257231,30.59,912628.74946158,2023-08-09 08:00:00+00:00,35000,29836.4
2023-08-09,9,BTC-230929-35000-P,BTCUSDT,P,230929-35000,6105.0,6105.0,6105.0,6105.0,0.0,0.0,4865.0,5780.0,1.5,0.38,,0.47470093,5360.0,0.31235046,-0.90747661,4.771e-05,18.43786782,-5.65539305,30.59,911085.30916145,2023-08-09 09:00:00+00:00,35000,29781.78
2023-08-09,10,BTC-230929-35000-P,BTCUSDT,P,230929-35000,6105.0,6105.0,6105.0,6105.0,0.0,0.0,4930.0,5790.0,1.52,0.38,,0.49264431,5323.0,0.32132215,-0.897751,4.982e-05,19.87264643,-6.27569545,30.59,912646.49838465,2023-08-09 10:00:00+00:00,35000,29842.45
2023-08-09,11,BTC-230929-35000-P,BTCUSDT,P,230929-35000,6105.0,6105.0,6105.0,6105.0,0.0,0.0,4805.0,5790.0,1.54,0.38,,0.50364733,5292.0,0.32682366,-0.89126514,5.115e-05,20.80033388,-6.6865965,30.59,913922.89470754,2023-08-09 11:00:00+00:00,35000,29888.32
2023-08-09,12,BTC-230929-35000-P,BTCUSDT,P,230929-35000,6105.0,6105.0,6105.0,6105.0,0.0,0.0,4745.0,5605.0,1.59,0.4,,0.49034595,5117.0,0.32017298,-0.88715557,5.332e-05,21.48091074,-6.77040747,30.59,919421.94471535,2023-08-09 12:00:00+00:00,35000,30076.32
2023-08-09,13,BTC-230929-35000-P,BTCUSDT,P,230929-35000,6105.0,6105.0,6105.0,6105.0,0.0,0.0,4740.0,23585.0,2.07,4.42,,4.97558594,6822.0,0.775,-0.65619669,4.26e-05,41.00523909,-31.30941187,30.59,914088.95806912,2023-08-09 13:00:00+00:00,35000,29886.73
2023-08-09,14,BTC-230929-35000-P,BTCUSDT,P,230929-35000,6105.0,6105.0,6105.0,6105.0,0.0,0.0,4910.0,5810.0,1.55,0.39,,0.47883987,5385.0,0.31441994,-0.90758671,4.749e-05,18.36836276,-5.69470318,30.59,910851.24859996,2023-08-09 14:00:00+00:00,35000,29755.4
2023-08-09,15,BTC-230929-35000-P,BTCUSDT,P,230929-35000,6105.0,6105.0,6105.0,6105.0,0.0,0.0,4890.0,6240.0,4.38,4.61,,0.60477734,5518.0,0.37738867,-0.86055284,5.305e-05,24.61389102,-9.16677772,30.59,910262.73733838,2023-08-09 15:00:00+00:00,35000,29761.7
2023-08-09,16,BTC-230929-35000-P,BTCUSDT,P,230929-35000,6105.0,6105.0,6105.0,6105.0,0.0,0.0,5120.0,23640.0,2.31,5.44,,4.97613907,7057.0,0.775,-0.67183658,4.24e-05,39.73256869,-30.41257649,30.59,903906.56225395,2023-08-09 16:00:00+00:00,35000,29513.42
2023-08-09,17,BTC-230929-35000-P,BTCUSDT,P,230929-35000,6105.0,6105.0,6105.0,6105.0,0.0,0.0,5120.0,23645.0,2.31,2.42,,4.97909546,7063.0,0.775,-0.67240468,4.24e-05,39.67383152,-30.39263169,30.59,902729.3212307,2023-08-09 17:00:00+00:00,35000,29515.27
2023-08-09,18,BTC-230929-35000-P,BTCUSDT,P,230929-35000,6105.0,6105.0,6105.0,6105.0,0.0,0.0,5145.0,23650.0,2.4,4.06,,4.98338699,7056.0,0.775,-0.67211149,4.242e-05,39.68461067,-30.42595175,30.59,903153.24484614,2023-08-09 18:00:00+00:00,35000,29525.01
2023-08-09,19,BTC-230929-35000-P,BTCUSDT,P,230929-35000,6105.0,6105.0,6105.0,6105.0,0.0,0.0,5145.0,23650.0,2.4,4.06,,4.97833252,7128.0,0.775,-0.67682239,4.235e-05,39.28927632,-30.14770512,30.59,900184.06851548,2023-08-09 19:00:00+00:00,35000,29416.22
2023-08-09,20,BTC-230929-35000-P,BTCUSDT,P,230929-35000,6105.0,6105.0,6105.0,6105.0,0.0,0.0,5190.0,23655.0,5.46,5.89,,4.98744965,7070.0,0.775,-0.67341401,4.243e-05,39.55364749,-30.37562653,30.59,902134.31883842,2023-08-09 20:00:00+00:00,35000,29500.33
2023-08-09,21,BTC-230929-35000-P,BTCUSDT,P,230929-35000,6105.0,6105.0,6105.0,6105.0,0.0,0.0,5160.0,23655.0,2.58,5.89,,4.99130249,7051.0,0.775,-0.67235485,4.246e-05,39.62628148,-30.45655646,30.59,902807.88038461,2023-08-09 21:00:00+00:00,35000,29526.89
2023-08-09,22,BTC-230929-35000-P,BTCUSDT,P,230929-35000,6105.0,6105.0,6105.0,6105.0,0.0,0.0,5095.0,23655.0,2.03,5.89,,4.99824524,6999.0,0.775,-0.66928462,4.253e-05,39.85956594,-30.66119752,30.59,905355.30465395,2023-08-09 22:00:00+00:00,35000,29601.91
2023-08-09,23,BTC-230929-35000-P,BTCUSDT,P,230929-35000,6105.0,6105.0,6105.0,6105.0,0.0,0.0,5045.0,23565.0,3.17,5.19,,4.96994972,7011.0,0.775,-0.67022383,4.253e-05,39.77148456,-30.61876832,30.59,904800.47264618,2023-08-09 23:00:00+00:00,35000,29581.99
2023-08-10,0,BTC-230929-35000-P,BTCUSDT,P,230929-35000,6105.0,6105.0,6105.0,6105.0,0.0,0.0,5045.0,23580.0,3.17,2.62,,4.97928619,6985.0,0.775,-0.6687512,4.257e-05,39.8759726,-30.72464456,30.59,905619.84092294,2023-08-10 00:00:00+00:00,35000,29620.0
2023-08-10,1,BTC-230929-35000-P,BTCUSDT,P,230929-35000,6105.0,6105.0,6105.0,6105.0,0.0,0.0,5030.0,23580.0,4.76,2.62,,4.98069763,6990.0,0.775,-0.6692795,4.257e-05,39.82081742,-30.70758845,30.59,905451.96905395,2023-08-10 01:00:00+00:00,35000,29608.68
2023-08-10,2,BTC-230929-35000-P,BTCUSDT,P,230929-35000,6105.0,6105.0,6105.0,6105.0,0.0,0.0,5030.0,23580.0,4.76,2.62,,4.98106956,7006.0,0.775,-0.67049207,4.256e-05,39.71097441,-30.64829684,30.59,904980.61749237,2023-08-10 02:00:00+00:00,35000,29582.3
2023-08-10,3,BTC-230929-35000-P,BTCUSDT,P,230929-35000,6105.0,6105.0,6105.0,6105.0,0.0,0.0,5030.0,23580.0,4.76,2.62,,4.98310089,7005.0,0.775,-0.67062648,4.258e-05,39.68720069,-30.65538881,30.59,904919.91146912,2023-08-10 03:00:00+00:00,35000,29582.63
2023-08-10,4,BTC-230929-35000-P,BTCUSDT,P,230929-35000,6105.0,6105.0,6105.0,6105.0,0.0,0.0,5125.0,23580.0,4.17,2.62,,4.98258591,7031.0,0.775,-0.67241504,4.256e-05,39.53086556,-30.5600137,30.59,903716.9378693,2023-08-10 04:00:00+00:00,35000,29542.05
2023-08-10,5,BTC-230929-35000-P,BTCUSDT,P,230929-35000,6105.0,6105.0,6105.0,6105.0,0.0,0.0,5090.0,6015.0,1.46,0.36,,0.50350189,5561.0,0.32675095,-0.90794626,4.612e-05,18.09663604,-5.90325282,30.59,904920.38880772,2023-08-10 05:00:00+00:00,35000,29585.84
2023-08-10,6,BTC-230929-35000-P,BTCUSDT,P,230929-35000,6105.0,6105.0,6105.0,6105.0,0.0,0.0,5155.0,5935.0,1.44,0.36,,0.45922756,5585.0,0.30461378,-0.92702903,4.164e-05,15.15050892,-4.61121006,30.59,902952.8669,2023-08-10 06:00:00+00:00,35000,29517.33
2023-08-10,7,BTC-230929-35000-P,BTCUSDT,P,230929-35000,6105.0,6105.0,6105.0,6105.0,0.0,0.0,5190.0,5960.0,1.44,0.36,,0.46661854,5596.0,0.30830927,-0.9246994,4.216e-05,15.50941847,-4.78169636,30.59,902469.44405395,2023-08-10 07:00:00+00:00,35000,29512.0
2023-08-10,8,BTC-230929-35000-P,BTCUSDT,P,230929-35000,6105.0,6105.0,6105.0,6105.0,0.0,0.0,5190.0,6010.0,1.44,0.36,,0.48542976,5605.0,0.31771488,-0.91777363,4.374e-05,16.57540175,-5.27064279,30.59,902960.01016912,2023-08-10 08:00:00+00:00,35000,29519.2
2023-08-10,9,BTC-230929-35000-P,BTCUSDT,P,230929-35000,6105.0,6105.0,6105.0,6105.0,0.0,0.0,5185.0,6015.0,5.32,5.81,,0.49059391,5597.0,0.32029696,-0.91545674,4.431e-05,16.92534999,-5.43018712,30.59,903347.26948452,2023-08-10 09:00:00+00:00,35000,29534.16
2023-08-10,10,BTC-230929-35000-P,BTCUSDT,P,230929-35000,6105.0,6105.0,6105.0,6105.0,0.0,0.0,5185.0,6015.0,5.32,5.81,,0.4960537,5583.0,0.32302685,-0.91267647,4.5e-05,17.34477739,-5.61686964,30.59,903961.22559253,2023-08-10 10:00:00+00:00,35000,29552.86
2023-08-10,11,BTC-230929-35000-P,BTCUSDT,P,230929-35000,6105.0,6105.0,6105.0,6105.0,0.0,0.0,5185.0,6015.0,5.32,5.81,,0.48369408,5616.0,0.31684704,-0.91933211,4.331e-05,16.30920597,-5.18480509,30.59,902547.74436934,2023-08-10 11:00:00+00:00,35000,29504.01
2023-08-10,12,BTC-230929-35000-P,BTCUSDT,P,230929-35000,6105.0,6105.0,6105.0,6105.0,0.0,0.0,5120.0,23505.0,4.86,5.36,,4.97602463,7009.0,0.775,-0.67259761,4.267e-05,39.41223802,-30.67227853,30.59,903982.70446167,2023-08-10 12:00:00+00:00,35000,29560.97
2023-08-10,13,BTC-230929-35000-P,BTCUSDT,P,230929-35000,6105.0,6105.0,6105.0,6105.0,0.0,0.0,5100.0,5985.0,3.06,2.84,,0.51872492,5489.0,0.33436246,-0.89873181,4.835e-05,19.40684274,-6.52152578,30.59,907532.62353833,2023-08-10 13:00:00+00:00,35000,29680.11
2023-08-10,14,BTC-230929-35000-P,BTCUSDT,P,230929-35000,6105.0,6105.0,6105.0,6105.0,0.0,0.0,5235.0,23510.0,3.33,4.4,,4.97760773,7050.0,0.775,-0.67553114,4.264e-05,39.15050026,-30.519662,30.59,902302.44954623,2023-08-10 14:00:00+00:00,35000,29495.76
2023-08-10,15,BTC-230929-35000-P,BTCUSDT,P,230929-35000,6105.0,6105.0,6105.0,6105.0,0.0,0.0,5200.0,6040.0,4.51,5.4,,0.48282623,5649.0,0.31641312,-0.92161216,4.256e-05,15.91242316,-5.06868949,30.59,901315.89851548,2023-08-10 15:00:00+00:00,35000,29466.0
2023-08-10,16,BTC-230929-35000-P,BTCUSDT,P,230929-35000,6105.0,6105.0,6105.0,6105.0,0.0,0.0,5275.0,23505.0,5.23,4.0,,4.97587204,7091.0,0.775,-0.67851639,4.26e-05,38.88293611,-30.36198333,30.59,900305.24189237,2023-08-10 16:00:00+00:00,35000,29431.15
2023-08-10,17,BTC-230929-35000-P,BTCUSDT,P,230929-35000,6105.0,6105.0,6105.0,6105.0,0.0,0.0,5275.0,23505.0,5.23,4.0,,4.9766922,7102.0,0.775,-0.67943759,4.26e-05,38.7951311,-30.31887689,30.59,899506.1571386,2023-08-10 17:00:00+00:00,35000,29412.75
2023-08-10,18,BTC-230929-35000-P,BTCUSDT,P,230929-35000,6105.0,6105.0,6105.0,6105.0,0.0,0.0,5270.0,23505.0,4.82,4.0,,4.98033524,7086.0,0.775,-0.67856495,4.263e-05,38.85331789,-30.3898883,30.59,900415.06671544,2023-08-10 18:00:00+00:00,35000,29436.0
2023-08-10,19,BTC-230929-35000-P,BTCUSDT,P,230929-35000,6105.0,6105.0,6105.0,6105.0,0.0,0.0,5270.0,23505.0,4.82,4.0,,4.98279572,7081.0,0.775,-0.67844261,4.265e-05,38.85040285,-30.41318704,30.59,900632.87087697,2023-08-10 19:00:00+00:00,35000,29444.52
2023-08-10,20,BTC-230929-35000-P,BTCUSDT,P,230929-35000,6105.0,6105.0,6105.0,6105.0,0.0,0.0,5225.0,23505.0,2.03,4.0,,4.98565674,7071.0,0.775,-0.67806105,4.267e-05,38.86848385,-30.45297517,30.59,900736.38945377,2023-08-10 20:00:00+00:00,35000,29453.45
2023-08-10,21,BTC-230929-35000-P,BTCUSDT,P,230929-35000,6105.0,6105.0,6105.0,6105.0,0.0,0.0,5225.0,23505.0,2.03,4.0,,4.98866081,7061.0,0.775,-0.67759918,4.269e-05,38.89298859,-30.49786755,30.59,901359.0707539,2023-08-10 21:00:00+00:00,35000,29466.07
2023-08-10,22,BTC-230929-35000-P,BTCUSDT,P,230929-35000,6105.0,6105.0,6105.0,6105.0,0.0,0.0,5225.0,23505.0,2.03,4.0,,4.99073029,7060.0,0.775,-0.67773544,4.27e-05,38.86905614,-30.50482172,30.59,901384.4604539,2023-08-10 22:00:00+00:00,35000,29465.01
2023-08-10,23,BTC-230929-35000-P,BTCUSDT,P,230929-35000,6105.0,6105.0,6105.0,6105.0,0.0,0.0,5225.0,23505.0,2.03,4.0,,4.99217987,7065.0,0.775,-0.67826518,4.271e-05,38.81327715,-30.48677304,30.59,901044.67818863,2023-08-10 23:00:00+00:00,35000,29455.75
2023-08-11,0,BTC-230929-35000-P,BTCUSDT,P,230929-35000,6105.0,6105.0,6105.0,6105.0,0.0,0.0,5210.0,23435.0,4.33,2.14,,4.97345924,7045.0,0.775,-0.67717514,4.274e-05,38.88845797,-30.57164617,30.59,901914.61204618,2023-08-11 00:00:00+00:00,35000,29481.66
2023-08-11,1,BTC-230929-35000-P,BTCUSDT,P,230929-35000,6105.0,6105.0,6105.0,6105.0,0.0,0.0,5210.0,23435.0,4.33,2.14,,4.97341156,7066.0,0.775,-0.67866583,4.273e-05,38.75503275,-30.49253129,30.59,900921.27406934,2023-08-11 01:00:00+00:00,35000,29450.01
2023-08-11,2,BTC-230929-35000-P,BTCUSDT,P,230929-35000,6105.0,6105.0,6105.0,6105.0,0.0,0.0,5270.0,23435.0,5.29,2.14,,4.97028351,7118.0,0.775,-0.68211404,4.267e-05,38.46157719,-30.28726365,30.59,898439.48047706,2023-08-11 02:00:00+00:00,35000,29373.02
2023-08-11,3,BTC-230929-35000-P,BTCUSDT,P,230929-35000,6105.0,6105.0,6105.0,6105.0,0.0,0.0,5305.0,23445.0,4.57,3.81,,4.97802734,7092.0,0.775,-0.68070526,4.271e-05,38.56370693,-30.39342288,30.59,899592.77726162,2023-08-11 03:00:00+00:00,35000,29412.0
2023-08-11,4,BTC-230929-35000-P,BTCUSDT,P,230929-35000,6105.0,6105.0,6105.0,6105.0,0.0,0.0,5280.0,23445.0,5.0,3.81,,4.98064041,7086.0,0.775,-0.68049528,4.273e-05,38.56794523,-30.42254505,30.59,899814.40349224,2023-08-11 04:00:00+00:00,35000,29416.82
2023-08-11,5,BTC-230929-35000-P,BTCUSDT,P,230929-35000,6105.0,6105.0,6105.0,6105.0,0.0,0.0,5320.0,23445.0,4.07,3.81,,4.98558044,7056.0,0.775,-0.6788096,4.278e-05,38.69174006,-30.54610337,30.59,901076.01205178,2023-08-11 05:00:00+00:00,35000,29461.57
2023-08-11,6,BTC-230929-35000-P,BTCUSDT,P,230929-35000,6105.0,6105.0,6105.0,6105.0,0.0,0.0,5245.0,23445.0,4.97,3.81,,4.9879837,7051.0,0.775,-0.67874222,4.28e-05,38.684252,-30.56613923,30.59,901249.95185382,2023-08-11 06:00:00+00:00,35000,29462.01
2023-08-11,7,BTC-230929-35000-P,BTCUSDT,P,230929-35000,6105.0,6105.0,6105.0,6105.0,0.0,0.0,4500.0,0.0,0.01,0.0,,-1e-08,6013.0,0.4625,-0.8266132,5.141e-05,27.6201654,-13.03502396,30.59,899913.14868461,2023-08-11 07:00:00+00:00,35000,29417.28
2023-08-11,8,BTC-230929-35000-P,BTCUSDT,P,230929-35000,6105.0,6105.0,6105.0,6105.0,0.0,0.0,5280.0,6050.0,3.47,2.52,,0.47475338,5689.0,0.31237669,-0.92823243,4.067e-05,14.74372292,-4.70358564,30.59,899756.03195891,2023-08-11 08:00:00+00:00,35000,29413.22
2023-08-11,9,BTC-230929-35000-P,BTCUSDT,P,230929-35000,6105.0,6105.0,6105.0,6105.0,0.0,0.0,5280.0,6055.0,3.47,5.94,,0.46889305,5709.0,0.30944653,-0.93141305,3.97e-05,14.2194958,-4.49762098,30.59,898814.70928109,2023-08-11 09:00:00+00:00,35000,29386.42
2023-08-11,10,BTC-230929-35000-P,BTCUSDT,P,230929-35000,6105.0,6105.0,6105.0,6105.0,0.0,0.0,5280.0,6100.0,3.47,2.38,,0.4873085,5715.0,0.31865425,-0.9248441,4.136e-05,15.25046973,-4.97148426,30.59,899168.10738447,2023-08-11 10:00:00+00:00,35000,29393.28
2023-08-11,11,BTC-230929-35000-P,BTCUSDT,P,230929-35000,6105.0,6105.0,6105.0,6105.0,0.0,0.0,5280.0,6100.0,3.47,2.38,,0.50145388,5679.0,0.32572694,-0.91785845,4.323e-05,16.33442024,-5.44767177,30.59,900734.38597702,2023-08-11 11:00:00+00:00,35000,29445.96
2023-08-11,12,BTC-230929-35000-P,BTCUSDT,P,230929-35000,6105.0,6105.0,6105.0,6105.0,0.0,0.0,5100.0,6005.0,5.45,2.08,,0.4627943,5669.0,0.30639715,-0.93225651,3.972e-05,14.08456674,-4.42234341,30.59,900032.80936917,2023-08-11 12:00:00+00:00,35000,29425.99
2023-08-11,13,BTC-230929-35000-P,BTCUSDT,P,230929-35000,6105.0,6105.0,6105.0,6105.0,0.0,0.0,5115.0,6045.0,5.47,2.94,,0.49006939,5647.0,0.32003469,-0.92099041,4.273e-05,15.86154955,-5.20640509,30.59,901423.71986149,2023-08-11 13:00:00+00:00,35000,29470.71
2023-08-11,14,BTC-230929-35000-P,BTCUSDT,P,230929-35000,6105.0,6105.0,6105.0,6105.0,0.0,0.0,5200.0,23350.0,2.45,2.12,,4.97634888,7019.0,0.775,-0.67824727,4.292e-05,38.62026002,-30.72440829,30.59,902367.45833838,2023-08-11 14:00:00+00:00,35000,29495.44
2023-08-11,15,BTC-230929-35000-P,BTCUSDT,P,230929-35000,6105.0,6105.0,6105.0,6105.0,0.0,0.0,5200.0,6085.0,2.45,3.58,,0.48328876,5710.0,0.31664438,-0.92667523,4.094e-05,14.93424181,-4.85839998,30.59,898939.55974605,2023-08-11 15:00:00+00:00,35000,29395.89
2023-08-11,16,BTC-230929-35000-P,BTCUSDT,P,230929-35000,6105.0,6105.0,6105.0,6105.0,0.0,0.0,5360.0,23390.0,3.46,4.05,,4.98449326,7108.0,0.775,-0.68426168,4.282e-05,38.10699331,-30.36803371,30.59,898163.65952311,2023-08-11 16:00:00+00:00,35000,29361.77
2023-08-11,17,BTC-230929-35000-P,BTCUSDT,P,230929-35000,6105.0,6105.0,6105.0,6105.0,0.0,0.0,5340.0,23390.0,3.92,4.05,,4.9852562,7121.0,0.775,-0.68524343,4.281e-05,38.01388535,-30.31981557,30.59,897517.05415382,2023-08-11 17:00:00+00:00,35000,29340.4
2023-08-11,18,BTC-230929-35000-P,BTCUSDT,P,230929-35000,6105.0,6105.0,6105.0,6105.0,0.0,0.0,5340.0,23390.0,3.92,4.05,,4.98975754,7096.0,0.775,-0.68386924,4.285e-05,38.11338313,-30.42526855,30.59,898605.91360781,2023-08-11 18:00:00+00:00,35000,29376.19
2023-08-11,19,BTC-230929-35000-P,BTCUSDT,P,230929-35000,6105.0,6105.0,6105.0,6105.0,0.0,0.0,5305.0,23315.0,2.95,3.07,,4.96868134,7083.0,0.775,-0.68324751,4.288e-05,38.15116589,-30.48159434,30.59,899023.3326461,2023-08-11 19:00:00+00:00,35000,29396.76
2023-08-11,20,BTC-230929-35000-P,BTCUSDT,P,230929-35000,6105.0,6105.0,6105.0,6105.0,0.0,0.0,5305.0,23320.0,2.95,5.12,,4.9742794,7063.0,0.775,-0.68219849,4.292e-05,38.22345836,-30.56561289,30.59,899951.87024627,2023-08-11 20:00:00+00:00,35000,29420.22
2023-08-11,21,BTC-230929-35000-P,BTCUSDT,P,230929-35000,6105.0,6105.0,6105.0,6105.0,0.0,0.0,5270.0,23320.0,3.75,5.12,,4.9757576,7068.0,0.775,-0.68273376,4.292e-05,38.16712644,-30.54683228,30.59,899653.74701655,2023-08-11 21:00:00+00:00,35000,29410.05
2023-08-11,22,BTC-230929-35000-P,BTCUSDT,P,230929-35000,6105.0,6105.0,6105.0,6105.0,0.0,0.0,5270.0,23320.0,3.75,5.12,,4.97953415,7051.0,0.775,-0.68181294,4.296e-05,38.22879952,-30.62254526,30.59,900399.7790341,2023-08-11 22:00:00+00:00,35000,29434.56
2023-08-11,23,BTC-230929-35000-P,BTCUSDT,P,230929-35000,6105.0,6105.0,6105.0,6105.0,0.0,0.0,5270.0,23320.0,3.75,5.12,,4.98117447,7054.0,0.775,-0.68224714,4.296e-05,38.18070937,-30.61038897,30.59,900166.33474058,2023-08-11 23:00:00+00:00,35000,29426.03
2023-08-12,0,BTC-230929-35000-P,BTCUSDT,P,230929-35000,6105.0,6105.0,6105.0,6105.0,0.0,0.0,5260.0,23320.0,3.26,5.12,,4.98526573,7034.0,0.775,-0.68113789,4.3e-05,38.25736626,-30.6983107,30.59,901037.43203066,2023-08-12 00:00:00+00:00,35000,29454.73
2023-08-12,1,BTC-230929-35000-P,BTCUSDT,P,230929-35000,6105.0,6105.0,6105.0,6105.0,0.0,0.0,5260.0,23320.0,3.26,5.12,,4.98401642,7067.0,0.775,-0.68341027,4.297e-05,38.06056681,-30.56676912,30.59,899504.26459219,2023-08-12 01:00:00+00:00,35000,29405.25
2023-08-12,2,BTC-230929-35000-P,BTCUSDT,P,230929-35000,6105.0,6105.0,6105.0,6105.0,0.0,0.0,5260.0,23320.0,3.26,5.12,,4.98529434,7074.0,0.775,-0.6840775,4.296e-05,37.99347259,-30.53925759,30.59,899118.1974315,2023-08-12 02:00:00+00:00,35000,29391.46
2023-08-12,3,BTC-230929-35000-P,BTCUSDT,P,230929-35000,6105.0,6105.0,6105.0,6105.0,0.0,0.0,5260.0,23320.0,3.26,5.12,,4.98809814,7066.0,0.775,-0.68378332,4.299e-05,38.00445238,-30.57450884,30.59,899403.95449741,2023-08-12 03:00:00+00:00,35000,29402.07
2023-08-12,4,BTC-230929-35000-P,BTCUSDT,P,230929-35000,6105.0,6105.0,6105.0,6105.0,0.0,0.0,5260.0,23320.0,3.26,5.12,,4.99129295,7055.0,0.775,-0.68324628,4.301e-05,38.03505462,-30.62562103,30.59,899880.62801266,2023-08-12 04:00:00+00:00,35000,29418.23
2023-08-12,5,BTC-230929-35000-P,BTCUSDT,P,230929-35000,6105.0,6105.0,6105.0,6105.0,0.0,0.0,5260.0,23320.0,3.26,5.12,,4.99267578,7061.0,0.775,-0.68385909,4.301e-05,37.97244805,-30.60170553,30.59,899516.92750776,2023-08-12 05:00:00+00:00,35000,29405.34
2023-08-12,6,BTC-230929-35000-P,BTCUSDT,P,230929-35000,6105.0,6105.0,6105.0,6105.0,0.0,0.0,5260.0,23245.0,3.26,3.48,,4.97114182,7053.0,0.775,-0.68352249,4.304e-05,37.98677608,-30.63980333,30.59,899829.7623614,2023-08-12 06:00:00+00:00,35000,29416.86
2023-08-12,7,BTC-230929-35000-P,BTCUSDT,P,230929-35000,6105.0,6105.0,6105.0,6105.0,0.0,0.0,5260.0,23250.0,3.26,5.52,,4.97523308,7048.0,0.775,-0.68344439,4.305e-05,37.9801328,-30.66103732,30.59,900030.51901266,2023-08-12 07:00:00+00:00,35000,29421.49
2023-08-12,8,BTC-230929-35000-P,BTCUSDT,P,230929-35000,6105.0,6105.0,6105.0,6105.0,0.0,0.0,5260.0,23250.0,3.26,5.52,,4.97556686,7065.0,0.775,-0.68471059,4.304e-05,37.86456713,-30.59429968,30.59,899161.28673799,2023-08-12 08:00:00+00:00,35000,29392.99
2023-08-12,9,BTC-230929-35000-P,BTCUSDT,P,230929-35000,6105.0,6105.0,6105.0,6105.0,0.0,0.0,5260.0,23250.0,3.26,5.52,,4.97932434,7048.0,0.775,-0.68382737,4.307e-05,37.92319894,-30.66831869,30.59,899877.37927727,2023-08-12 09:00:00+00:00,35000,29417.61
2023-08-12,10,BTC-230929-35000-P,BTCUSDT,P,230929-35000,6105.0,6105.0,6105.0,6105.0,0.0,0.0,5260.0,23250.0,3.26,5.52,,4.98256683,7036.0,0.775,-0.68326426,4.31e-05,37.95572939,-30.72134012,30.59,900348.54272014,2023-08-12 10:00:00+00:00,35000,29434.35
2023-08-12,11,BTC-230929-35000-P,BTCUSDT,P,230929-35000,6105.0,6105.0,6105.0,6105.0,0.0,0.0,5260.0,23250.0,3.26,5.52,,4.98440742,7038.0,0.775,-0.68359046,4.311e-05,37.9163806,-30.71622423,30.59,900208.09977079,2023-08-12 11:00:00+00:00,35000,29429.85
2023-08-12,12,BTC-230929-35000-P,BTCUSDT,P,230929-35000,6105.0,6105.0,6105.0,6105.0,0.0,0.0,5260.0,23250.0,3.26,5.52,,4.98649597,7038.0,0.775,-0.68375859,4.312e-05,37.88979582,-30.72144863,30.59,900171.17029246,2023-08-12 12:00:00+00:00,35000,29428.8
2023-08-12,13,BTC-230929-35000-P,BTCUSDT,P,230929-35000,6105.0,6105.0,6105.0,6105.0,0.0,0.0,5260.0,23250.0,3.26,5.52,,4.9874115,7049.0,0.775,-0.68466794,4.311e-05,37.8032673,-30.67803671,30.59,899610.98684317,2023-08-12 13:00:00+00:00,35000,29408.8
2023-08-12,14,BTC-230929-35000-P,BTCUSDT,P,230929-35000,6105.0,6105.0,6105.0,6105.0,0.0,0.0,5260.0,23250.0,3.26,5.52,,4.99237061,7020.0,0.775,-0.68303632,4.317e-05,37.92200014,-30.80126775,30.59,900760.01770754,2023-08-12 14:00:00+00:00,35000,29449.98
2023-08-12,15,BTC-230929-35000-P,BTCUSDT,P,230929-35000,6105.0,6105.0,6105.0,6105.0,0.0,0.0,5380.0,23180.0,1.5,5.21,,4.97112274,7025.0,0.775,-0.68355997,4.317e-05,37.86676364,-30.78328814,30.59,900548.80267208,2023-08-12 15:00:00+00:00,35000,29438.81
2023-08-12,16,BTC-230929-35000-P,BTCUSDT,P,230929-35000,6105.0,6105.0,6105.0,6105.0,0.0,0.0,5365.0,23185.0,1.5,4.72,,4.97627258,7010.0,0.775,-0.68282632,4.32e-05,37.91277144,-30.8476543,30.59,901192.48971531,2023-08-12 16:00:00+00:00,35000,29456.74
2023-08-12,17,BTC-230929-35000-P,BTCUSDT,P,230929-35000,6105.0,6105.0,6105.0,6105.0,0.0,0.0,5405.0,23185.0,1.5,4.72,,4.97652054,7028.0,0.775,-0.68415888,4.318e-05,37.79239507,-30.77663648,30.59,900316.13999987,2023-08-12 17:00:00+00:00,35000,29430.11
2023-08-12,18,BTC-230929-35000-P,BTCUSDT,P,230929-35000,6105.0,6105.0,6105.0,6105.0,0.0,0.0,5395.0,23185.0,1.5,4.72,,4.97854233,7028.0,0.775,-0.68437129,4.319e-05,37.76222618,-30.77901998,30.59,900239.85324614,2023-08-12 18:00:00+00:00,35000,29429.11
2023-08-12,19,BTC-230929-35000-P,BTCUSDT,P,230929-35000,6105.0,6105.0,6105.0,6105.0,0.0,0.0,5420.0,23185.0,1.5,4.72,,4.9798584,7036.0,0.775,-0.68503985,4.319e-05,37.69522274,-30.75135843,30.59,899757.50907079,2023-08-12 19:00:00+00:00,35000,29416.16
2023-08-12,20,BTC-230929-35000-P,BTCUSDT,P,230929-35000,6105.0,6105.0,6105.0,6105.0,0.0,0.0,5420.0,23185.0,1.5,4.72,,4.98235703,7031.0,0.775,-0.68495685,4.321e-05,37.68890699,-30.77320013,30.59,900005.35278362,2023-08-12 20:00:00+00:00,35000,29420.38
2023-08-12,21,BTC-230929-35000-P,BTCUSDT,P,230929-35000,6105.0,6105.0,6105.0,6105.0,0.0,0.0,5430.0,23185.0,1.5,4.72,,4.98434067,7032.0,0.775,-0.68520976,4.322e-05,37.65545932,-30.7729074,30.59,899905.3363507,2023-08-12 21:00:00+00:00,35000,29417.38
2023-08-12,22,BTC-230929-35000-P,BTCUSDT,P,230929-35000,6105.0,6105.0,6105.0,6105.0,0.0,0.0,5410.0,23185.0,1.5,4.72,,4.98714447,7025.0,0.775,-0.68494095,4.324e-05,37.66411924,-30.80705571,30.59,900170.63802248,2023-08-12 22:00:00+00:00,35000,29426.5
2023-08-12,23,BTC-230929-35000-P,BTCUSDT,P,230929-35000,6105.0,6105.0,6105.0,6105.0,0.0,0.0,5410.0,23185.0,1.5,4.72,,4.98958588,7021.0,0.775,-0.68490715,4.325e-05,37.65379458,-30.82572218,30.59,900282.9717,2023-08-12 23:00:00+00:00,35000,29430.17
2023-08-13,0,BTC-230929-35000-P,BTCUSDT,P,230929-35000,6105.0,6105.0,6105.0,6105.0,0.0,0.0,5375.0,23185.0,1.5,4.72,,4.9930954,7007.0,0.775,-0.68419942,4.329e-05,37.6976942,-30.88885201,30.59,900854.21271236,2023-08-13 00:00:00+00:00,35000,29449.99
2023-08-13,1,BTC-230929-35000-P,BTCUSDT,P,230929-35000,6105.0,6105.0,6105.0,6105.0,0.0,0.0,5370.0,23185.0,1.5,4.72,,4.99546051,7004.0,0.775,-0.68421587,4.33e-05,37.68327394,-30.90426471,30.59,900933.69642729,2023-08-13 01:00:00+00:00,35000,29452.75
2023-08-13,2,BTC-230929-35000-P,BTCUSDT,P,230929-35000,6105.0,6105.0,6105.0,6105.0,0.0,0.0,5375.0,23110.0,1.5,5.17,,4.97282028,7007.0,0.775,-0.68458329,4.331e-05,37.64064113,-30.89654693,30.59,900762.76537384,2023-08-13 02:00:00+00:00,35000,29446.31
2023-08-13,3,BTC-230929-35000-P,BTCUSDT,P,230929-35000,6105.0,6105.0,6105.0,6105.0,0.0,0.0,5425.0,23120.0,1.5,5.03,,4.9763298,7024.0,0.775,-0.68591936,4.329e-05,37.51995728,-30.82469232,30.59,899901.63173162,2023-08-13 03:00:00+00:00,35000,29418.56
2023-08-13,4,BTC-230929-35000-P,BTCUSDT,P,230929-35000,6105.0,6105.0,6105.0,6105.0,0.0,0.0,5430.0,23120.0,1.5,5.03,,4.97696877,7039.0,0.775,-0.68701359,4.328e-05,37.41852612,-30.76854178,30.59,899214.1858907,2023-08-13 04:00:00+00:00,35000,29394.68
2023-08-13,5,BTC-230929-35000-P,BTCUSDT,P,230929-35000,6105.0,6105.0,6105.0,6105.0,0.0,0.0,5455.0,23120.0,1.5,5.03,,4.97840881,7045.0,0.775,-0.68760505,4.328e-05,37.35764483,-30.74566473,30.59,898880.14363275,2023-08-13 05:00:00+00:00,35000,29385.0
2023-08-13,6,BTC-230929-35000-P,BTCUSDT,P,230929-35000,6105.0,6105.0,6105.0,6105.0,0.0,0.0,5425.0,23120.0,1.5,5.03,,4.98174667,7032.0,0.775,-0.68702518,4.331e-05,37.39154248,-30.80082015,30.59,899321.9886493,2023-08-13 06:00:00+00:00,35000,29401.56
2023-08-13,7,BTC-230929-35000-P,BTCUSDT,P,230929-35000,6105.0,6105.0,6105.0,6105.0,0.0,0.0,5285.0,6010.0,3.36,4.93,,0.46500444,5688.0,0.30750222,-0.93644219,3.841e-05,13.1444877,-4.29995551,30.59,899279.7096707,2023-08-13 07:00:00+00:00,35000,29396.36
2023-08-13,8,BTC-230929-35000-P,BTCUSDT,P,230929-35000,6105.0,6105.0,6105.0,6105.0,0.0,0.0,5450.0,0.0,1.5,0.0,,-1e-08,5991.0,0.4625,-0.83291523,5.129e-05,26.40020581,-13.00098546,30.59,899552.64084822,2023-08-13 08:00:00+00:00,35000,29414.53
2023-08-13,9,BTC-230929-35000-P,BTCUSDT,P,230929-35000,6105.0,6105.0,6105.0,6105.0,0.0,0.0,5445.0,23060.0,1.5,3.33,,4.96952057,7022.0,0.775,-0.68694414,4.335e-05,37.35894395,-30.85595853,30.59,899637.58747891,2023-08-13 09:00:00+00:00,35000,29413.7
2023-08-13,10,BTC-230929-35000-P,BTCUSDT,P,230929-35000,6105.0,6105.0,6105.0,6105.0,0.0,0.0,5445.0,23060.0,1.5,3.33,,4.97117996,7026.0,0.775,-0.68740662,4.336e-05,37.30856155,-30.8417366,30.59,899445.04682109,2023-08-13 10:00:00+00:00,35000,29403.86
2023-08-13,11,BTC-230929-35000-P,BTCUSDT,P,230929-35000,6105.0,6105.0,6105.0,6105.0,0.0,0.0,5465.0,23065.0,1.5,2.33,,4.97360229,7038.0,0.775,-0.68841003,4.335e-05,37.2144125,-30.79127676,30.59,898824.7787893,2023-08-13 11:00:00+00:00,35000,29383.38
2023-08-13,12,BTC-230929-35000-P,BTCUSDT,P,230929-35000,6105.0,6105.0,6105.0,6105.0,0.0,0.0,5445.0,23065.0,1.5,2.33,,4.97634888,7032.0,0.775,-0.68819427,4.337e-05,37.21883528,-30.82235819,30.59,899059.8899307,2023-08-13 12:00:00+00:00,35000,29389.99
2023-08-13,13,BTC-230929-35000-P,BTCUSDT,P,230929-35000,6105.0,6105.0,6105.0,6105.0,0.0,0.0,5475.0,23065.0,1.5,2.33,,4.97749329,7041.0,0.775,-0.68898704,4.336e-05,37.1416629,-30.78586269,30.59,898582.9135931,2023-08-13 13:00:00+00:00,35000,29375.99
2023-08-13,14,BTC-230929-35000-P,BTCUSDT,P,230929-35000,6105.0,6105.0,6105.0,6105.0,0.0,0.0,5470.0,23065.0,1.5,2.33,,4.97946739,7042.0,0.775,-0.6892561,4.337e-05,37.10685555,-30.78444881,30.59,898474.48370248,2023-08-13 14:00:00+00:00,35000,29371.64
2023-08-13,15,BTC-230929-35000-P,BTCUSDT,P,230929-35000,6105.0,6105.0,6105.0,6105.0,0.0,0.0,5480.0,23065.0,1.5,2.33,,4.98182297,7040.0,0.775,-0.68929923,4.338e-05,37.09034545,-30.79822564,30.59,898541.48719052,2023-08-13 15:00:00+00:00,35000,29374.2
2023-08-13,16,BTC-230929-35000-P,BTCUSDT,P,230929-35000,6105.0,6105.0,6105.0,6105.0,0.0,0.0,5495.0,23065.0,1.5,2.33,,4.9826622,7052.0,0.775,-0.69027456,4.337e-05,36.99827133,-30.74922591,30.59,897934.77173643,2023-08-13 16:00:00+00:00,35000,29353.59
2023-08-13,17,BTC-230929-35000-P,BTCUSDT,P,230929-35000,6105.0,6105.0,6105.0,6105.0,0.0,0.0,5290.0,23065.0,3.65,2.33,,4.98803139,7020.0,0.775,-0.68845101,4.344e-05,37.13281708,-30.88865054,30.59,899303.64332616,2023-08-13 17:00:00+00:00,35000,29400.02
2023-08-13,18,BTC-230929-35000-P,BTCUSDT,P,230929-35000,6105.0,6105.0,6105.0,6105.0,0.0,0.0,5430.0,22985.0,1.5,4.2,,4.96578217,7003.0,0.775,-0.68756717,4.348e-05,37.19093149,-30.96468907,30.59,900013.49899178,2023-08-13 18:00:00+00:00,35000,29422.12
2023-08-13,19,BTC-230929-35000-P,BTCUSDT,P,230929-35000,6105.0,6105.0,6105.0,6105.0,0.0,0.0,5400.0,22995.0,1.5,3.69,,4.9726963,6987.0,0.775,-0.68679512,4.351e-05,37.23981433,-31.03317088,30.59,900698.94891535,2023-08-13 19:00:00+00:00,35000,29442.91
2023-08-13,20,BTC-230929-35000-P,BTCUSDT,P,230929-35000,6105.0,6105.0,6105.0,6105.0,0.0,0.0,5440.0,22995.0,1.5,3.69,,4.97343063,7001.0,0.775,-0.68784833,4.35e-05,37.1420689,-30.97947576,30.59,899997.37843162,2023-08-13 20:00:00+00:00,35000,29420.01
2023-08-13,21,BTC-230929-35000-P,BTCUSDT,P,230929-35000,6105.0,6105.0,6105.0,6105.0,0.0,0.0,5490.0,22995.0,1.5,3.69,,4.97204781,7035.0,0.775,-0.69020394,4.345e-05,36.93892603,-30.83769537,30.59,898415.26363162,2023-08-13 21:00:00+00:00,35000,29367.2
2023-08-13,22,BTC-230929-35000-P,BTCUSDT,P,230929-35000,6105.0,6105.0,6105.0,6105.0,0.0,0.0,5540.0,23005.0,1.5,3.84,,4.97406006,7068.0,0.775,-0.69247625,4.34e-05,36.74145773,-30.70040177,30.59,896881.46806574,2023-08-13 22:00:00+00:00,35000,29319.41
2023-08-13,23,BTC-230929-35000-P,BTCUSDT,P,230929-35000,6105.0,6105.0,6105.0,6105.0,0.0,0.0,5540.0,23005.0,1.5,3.84,,4.97516632,7078.0,0.775,-0.69329473,4.34e-05,36.66180962,-30.66139787,30.59,896430.10002,2023-08-13 23:00:00+00:00,35000,29303.84
2023-08-14,0,BTC-230929-35000-P,BTCUSDT,P,230929-35000,6105.0,6105.0,6105.0,6105.0,0.0,0.0,5585.0,23005.0,1.5,3.84,,4.97472763,7103.0,0.775,-0.69506062,4.336e-05,36.50453265,-30.55734192,30.59,895265.43435426,2023-08-14 00:00:00+00:00,35000,29266.0
2023-08-14,1,BTC-230929-35000-P,BTCUSDT,P,230929-35000,6105.0,6105.0,6105.0,6105.0,0.0,0.0,5580.0,23005.0,1.5,3.84,,4.97702599,7101.0,0.775,-0.69515162,4.337e-05,36.48420958,-30.56784362,30.59,895235.15385287,2023-08-14 01:00:00+00:00,35000,29268.0
2023-08-14,2,BTC-230929-35000-P,BTCUSDT,P,230929-35000,6105.0,6105.0,6105.0,6105.0,0.0,0.0,5535.0,23015.0,1.5,5.59,,4.98607635,7065.0,0.775,-0.69310838,4.345e-05,36.63815827,-30.72450735,30.59,896759.91420248,2023-08-14 02:00:00+00:00,35000,29319.99
2023-08-14,3,BTC-230929-35000-P,BTCUSDT,P,230929-35000,6105.0,6105.0,6105.0,6105.0,0.0,0.0,5440.0,22955.0,1.5,5.41,,4.97441292,7008.0,0.775,-0.68970826,4.356e-05,36.90049559,-30.97242987,30.59,899016.94876822,2023-08-14 03:00:00+00:00,35000,29399.91
2023-08-14,4,BTC-230929-35000-P,BTCUSDT,P,230929-35000,6105.0,6105.0,6105.0,6105.0,0.0,0.0,5425.0,22935.0,1.5,3.5,,4.97106552,6997.0,0.775,-0.68925583,4.359e-05,36.92378694,-31.01997582,30.59,899722.18342921,2023-08-14 04:00:00+00:00,35000,29413.99
2023-08-14,5,BTC-230929-35000-P,BTCUSDT,P,230929-35000,6105.0,6105.0,6105.0,6105.0,0.0,0.0,5400.0,22935.0,1.5,3.5,,4.97577667,6972.0,0.775,-0.68785076,4.364e-05,37.02335497,-31.13174636,30.59,900708.41664546,2023-08-14 05:00:00+00:00,35000,29447.6
2023-08-14,6,BTC-230929-35000-P,BTCUSDT,P,230929-35000,6105.0,6105.0,6105.0,6105.0,0.0,0.0,5415.0,6000.0,1.5,3.44,,0.47276497,5669.0,0.31138248,-0.93515648,3.89e-05,13.22351165,-4.47156801,30.59,899938.43924058,2023-08-14 06:00:00+00:00,35000,29419.84
2023-08-14,7,BTC-230929-35000-P,BTCUSDT,P,230929-35000,6105.0,6105.0,6105.0,6105.0,0.0,0.0,5225.0,22930.0,2.34,4.95,,4.97693062,6986.0,0.775,-0.68915992,4.363e-05,36.89201652,-31.0775061,30.59,900162.46646072,2023-08-14 07:00:00+00:00,35000,29422.01
2023-08-14,8,BTC-230929-35000-P,BTCUSDT,P,230929-35000,6105.0,6105.0,6105.0,6105.0,0.0,0.0,5390.0,5940.0,1.5,4.13,,0.45247078,5648.0,0.30123539,-0.94169409,3.703e-05,12.16238766,-3.98593726,30.59,900110.4905659,2023-08-14 08:00:00+00:00,35000,29426.5
2023-08-14,9,BTC-230929-35000-P,BTCUSDT,P,230929-35000,6105.0,6105.0,6105.0,6105.0,0.0,0.0,5405.0,5985.0,1.5,4.83,,0.4660511,5668.0,0.30802555,-0.937841,3.811e-05,12.77582363,-4.28524042,30.59,899654.13717915,2023-08-14 09:00:00+00:00,35000,29413.99
2023-08-14,10,BTC-230929-35000-P,BTCUSDT,P,230929-35000,6105.0,6105.0,6105.0,6105.0,0.0,0.0,5390.0,5985.0,1.5,4.83,,0.4724884,5654.0,0.3112442,-0.93505742,3.901e-05,13.22170806,-4.48520865,30.59,900432.99048116,2023-08-14 10:00:00+00:00,35000,29433.58
2023-08-14,11,BTC-230929-35000-P,BTCUSDT,P,230929-35000,6105.0,6105.0,6105.0,6105.0,0.0,0.0,5420.0,22905.0,1.5,2.32,,4.97694016,6989.0,0.775,-0.69018268,4.367e-05,36.75718416,-31.07652058,30.59,899638.07514622,2023-08-14 11:00:00+00:00,35000,29409.99
2023-08-14,12,BTC-230929-35000-P,BTCUSDT,P,230929-35000,6105.0,6105.0,6105.0,6105.0,0.0,0.0,5425.0,6045.0,1.5,4.18,,0.48053741,5704.0,0.31526871,-0.93446387,3.889e-05,13.28156407,-4.57207695,30.59,898963.94638863,2023-08-14 12:00:00+00:00,35000,29384.01
2023-08-14,13,BTC-230929-35000-P,BTCUSDT,P,230929-35000,6105.0,6105.0,6105.0,6105.0,0.0,0.0,5430.0,6035.0,1.5,3.11,,0.4761982,5703.0,0.3130991,-0.93607483,3.843e-05,13.02028992,-4.45534426,30.59,898573.9548659,2023-08-14 13:00:00+00:00,35000,29384.92
2023-08-14,14,BTC-230929-35000-P,BTCUSDT,P,230929-35000,6105.0,6105.0,6105.0,6105.0,0.0,0.0,5295.0,5840.0,1.5,5.21,,0.44960499,5545.0,0.29980249,-0.93914745,3.844e-05,12.58798902,-4.1282511,30.59,903177.23486949,2023-08-14 14:00:00+00:00,35000,29534.0
2023-08-14,15,BTC-230929-35000-P,BTCUSDT,P,230929-35000,6105.0,6105.0,6105.0,6105.0,0.0,0.0,5240.0,5750.0,1.5,5.93,,0.43651819,5474.0,0.2932591,-0.94102908,3.827e-05,12.30431945,-3.95075112,30.59,905492.1892659,2023-08-14 15:00:00+00:00,35000,29599.99
2023-08-14,16,BTC-230929-35000-P,BTCUSDT,P,230929-35000,6105.0,6105.0,6105.0,6105.0,0.0,0.0,5180.0,22800.0,1.5,4.89,,4.97121811,6816.0,0.775,-0.68012212,4.401e-05,37.48568448,-31.83714861,30.59,906796.67851884,2023-08-14 16:00:00+00:00,35000,29653.99
2023-08-14,17,BTC-230929-35000-P,BTCUSDT,P,230929-35000,6105.0,6105.0,6105.0,6105.0,0.0,0.0,5350.0,22840.0,1.5,3.49,,4.97491837,6927.0,0.775,-0.68745883,4.384e-05,36.8953066,-31.36437516,30.59,902318.44191655,2023-08-14 17:00:00+00:00,35000,29487.28
2023-08-14,18,BTC-230929-35000-P,BTCUSDT,P,230929-35000,6105.0,6105.0,6105.0,6105.0,0.0,0.0,5495.0,22875.0,1.5,3.63,,4.97720718,7036.0,0.775,-0.69461115,4.365e-05,36.30795182,-30.89330889,30.59,896721.95882273,2023-08-14 18:00:00+00:00,35000,29330.01
2023-08-14,19,BTC-230929-35000-P,BTCUSDT,P,230929-35000,6105.0,6105.0,6105.0,6105.0,0.0,0.0,5485.0,22875.0,1.5,3.63,,4.98174667,7013.0,0.775,-0.69335143,4.371e-05,36.39680559,-30.9972716,30.59,897909.92340877,2023-08-14 19:00:00+00:00,35000,29360.54
2023-08-14,20,BTC-230929-35000-P,BTCUSDT,P,230929-35000,6105.0,6105.0,6105.0,6105.0,0.0,0.0,5415.0,22875.0,1.5,3.63,,4.98697281,6983.0,0.775,-0.69167301,4.377e-05,36.51882485,-31.12969612,30.59,899399.18787857,2023-08-14 20:00:00+00:00,35000,29400.83
2023-08-14,21,BTC-230929-35000-P,BTCUSDT,P,230929-35000,6105.0,6105.0,6105.0,6105.0,0.0,0.0,5430.0,22875.0,1.5,3.63,,4.98959541,6979.0,0.775,-0.6915937,4.379e-05,36.51199343,-31.15242682,30.59,899565.97694935,2023-08-14 21:00:00+00:00,35000,29405.13
2023-08-14,22,BTC-230929-35000-P,BTCUSDT,P,230929-35000,6105.0,6105.0,6105.0,6105.0,0.0,0.0,5420.0,22805.0,1.5,2.24,,4.9712944,6955.0,0.775,-0.69029324,4.384e-05,36.60290482,-31.25867107,30.59,900498.70881631,2023-08-14 22:00:00+00:00,35000,29438.0
2023-08-14,23,BTC-230929-35000-P,BTCUSDT,P,230929-35000,6105.0,6105.0,6105.0,6105.0,0.0,0.0,5435.0,22805.0,1.5,2.24,,4.97307777,6959.0,0.775,-0.69072297,4.384e-05,36.55528523,-31.24669723,30.59,900304.22946707,2023-08-14 23:00:00+00:00,35000,29430.93
2023-08-15,0,BTC-230929-35000-P,BTCUSDT,P,230929-35000,6105.0,6105.0,6105.0,6105.0,0.0,0.0,5420.0,22805.0,1.5,2.24,,4.97555733,6955.0,0.775,-0.6907306,4.386e-05,36.5414085,-31.26357058,30.59,900384.43369611,2023-08-15 00:00:00+00:00,35000,29433.88
2023-08-15,1,BTC-230929-35000-P,BTCUSDT,P,230929-35000,6105.0,6105.0,6105.0,6105.0,0.0,0.0,5440.0,22805.0,1.5,2.24,,4.9762249,6970.0,0.775,-0.69184989,4.384e-05,36.43856726,-31.20428995,30.59,899774.06252014,2023-08-15 01:00:00+00:00,35000,29411.07
2023-08-15,2,BTC-230929-35000-P,BTCUSDT,P,230929-35000,6105.0,6105.0,6105.0,6105.0,0.0,0.0,5475.0,22805.0,1.5,2.24,,4.97659683,6987.0,0.775,-0.69314644,4.382e-05,36.32127001,-31.13250918,30.59,898740.31412792,2023-08-15 02:00:00+00:00,35000,29383.98
2023-08-15,3,BTC-230929-35000-P,BTCUSDT,P,230929-35000,6105.0,6105.0,6105.0,6105.0,0.0,0.0,5440.0,22805.0,1.5,2.24,,4.98016357,6973.0,0.775,-0.69249755,4.386e-05,36.36017744,-31.19460918,30.59,899112.51311266,2023-08-15 03:00:00+00:00,35000,29402.01
2023-08-15,4,BTC-230929-35000-P,BTCUSDT,P,230929-35000,6105.0,6105.0,6105.0,6105.0,0.0,0.0,5465.0,22805.0,1.5,2.24,,4.98069763,6989.0,0.775,-0.69370234,4.384e-05,36.25018616,-31.12896074,30.59,898665.87975195,2023-08-15 04:00:00+00:00,35000,29378.01
2023-08-15,5,BTC-230929-35000-P,BTCUSDT,P,230929-35000,6105.0,6105.0,6105.0,6105.0,0.0,0.0,5470.0,22805.0,1.5,2.24,,4.98247147,6993.0,0.775,-0.69415264,4.384e-05,36.20076444,-31.11525165,30.59,898245.9371341,2023-08-15 05:00:00+00:00,35000,29369.73
2023-08-15,6,BTC-230929-35000-P,BTCUSDT,P,230929-35000,6105.0,6105.0,6105.0,6105.0,0.0,0.0,5470.0,6035.0,1.5,3.81,,0.47696114,5709.0,0.31348057,-0.93776676,3.789e-05,12.64800381,-4.40137176,30.59,898550.38507727,2023-08-15 06:00:00+00:00,35000,29374.1
2023-08-15,7,BTC-230929-35000-P,BTCUSDT,P,230929-35000,6105.0,6105.0,6105.0,6105.0,0.0,0.0,5280.0,6035.0,5.39,3.81,,0.48823357,5684.0,0.31911678,-0.932839,3.947e-05,13.42899519,-4.76157405,30.59,899652.2346907,2023-08-15 07:00:00+00:00,35000,29408.84
2023-08-15,8,BTC-230929-35000-P,BTCUSDT,P,230929-35000,6105.0,6105.0,6105.0,6105.0,0.0,0.0,5415.0,6035.0,1.5,3.05,,0.49406528,5670.0,0.32203264,-0.93028404,4.024e-05,13.82368633,-4.95089204,30.59,900223.09933838,2023-08-15 08:00:00+00:00,35000,29426.15
2023-08-15,9,BTC-230929-35000-P,BTCUSDT,P,230929-35000,6105.0,6105.0,6105.0,6105.0,0.0,0.0,5435.0,5990.0,1.5,5.49,,0.47598362,5662.0,0.31299181,-0.93649187,3.855e-05,12.85298848,-4.47815854,30.59,900242.19623855,2023-08-15 09:00:00+00:00,35000,29422.8
2023-08-15,10,BTC-230929-35000-P,BTCUSDT,P,230929-35000,6105.0,6105.0,6105.0,6105.0,0.0,0.0,5465.0,22710.0,1.5,3.38,,4.96513367,6965.0,0.775,-0.69340181,4.394e-05,36.19500127,-31.25472841,30.59,899414.24931535,2023-08-15 10:00:00+00:00,35000,29403.74
2023-08-15,11,BTC-230929-35000-P,BTCUSDT,P,230929-35000,6105.0,6105.0,6105.0,6105.0,0.0,0.0,5495.0,6045.0,1.5,2.9,,0.47908306,5718.0,0.31454153,-0.93788844,3.781e-05,12.59566409,-4.41842948,30.59,898332.91970763,2023-08-15 11:00:00+00:00,35000,29366.0
2023-08-15,12,BTC-230929-35000-P,BTCUSDT,P,230929-35000,6105.0,6105.0,6105.0,6105.0,0.0,0.0,5485.0,6050.0,1.5,4.96,,0.48233509,5717.0,0.31616755,-0.93680798,3.814e-05,12.7616764,-4.50399277,30.59,898553.87699246,2023-08-15 12:00:00+00:00,35000,29368.72
2023-08-15,13,BTC-230929-35000-P,BTCUSDT,P,230929-35000,6105.0,6105.0,6105.0,6105.0,0.0,0.0,5485.0,6060.0,1.5,5.4,,0.48859119,5714.0,0.3192956,-0.93461411,3.879e-05,13.10173647,-4.67410691,30.59,898624.43232303,2023-08-15 13:00:00+00:00,35000,29375.44
2023-08-15,14,BTC-230929-35000-P,BTCUSDT,P,230929-35000,6105.0,6105.0,6105.0,6105.0,0.0,0.0,5390.0,6095.0,1.5,3.76,,0.5240345,5668.0,0.33701725,-0.91988631,4.284e-05,15.34041879,-5.78190243,30.59,900834.02533833,2023-08-15 14:00:00+00:00,35000,29455.76
2023-08-15,15,BTC-230929-35000-P,BTCUSDT,P,230929-35000,6105.0,6105.0,6105.0,6105.0,0.0,0.0,5540.0,6055.0,1.5,2.06,,0.47337055,5744.0,0.31168528,-0.94127108,3.663e-05,12.01999449,-4.19379216,30.59,897242.14753833,2023-08-15 15:00:00+00:00,35000,29332.66
2023-08-15,16,BTC-230929-35000-P,BTCUSDT,P,230929-35000,6105.0,6105.0,6105.0,6105.0,0.0,0.0,5550.0,22715.0,1.5,4.31,,4.97205734,7039.0,0.775,-0.69937724,4.386e-05,35.63388182,-30.94257843,30.59,895894.81266925,2023-08-15 16:00:00+00:00,35000,29282.82
2023-08-15,17,BTC-230929-35000-P,BTCUSDT,P,230929-35000,6105.0,6105.0,6105.0,6105.0,0.0,0.0,5505.0,22715.0,1.5,4.31,,4.97818947,7002.0,0.775,-0.69720816,4.394e-05,35.79643506,-31.11278127,30.59,897268.81798474,2023-08-15 17:00:00+00:00,35000,29335.83
2023-08-15,18,BTC-230929-35000-P,BTCUSDT,P,230929-35000,6105.0,6105.0,6105.0,6105.0,0.0,0.0,5505.0,22715.0,1.5,4.31,,4.97962952,7009.0,0.775,-0.69787607,4.394e-05,35.72933717,-31.08351257,30.59,897001.12186908,2023-08-15 18:00:00+00:00,35000,29323.0
2023-08-15,19,BTC-230929-35000-P,BTCUSDT,P,230929-35000,6105.0,6105.0,6105.0,6105.0,0.0,0.0,5630.0,22755.0,1.5,2.47,,4.98491287,7106.0,0.775,-0.70414564,4.375e-05,35.20518819,-30.65619523,30.59,892980.09326167,2023-08-15 19:00:00+00:00,35000,29181.73
2023-08-15,20,BTC-230929-35000-P,BTCUSDT,P,230929-35000,6105.0,6105.0,6105.0,6105.0,0.0,0.0,5640.0,22755.0,1.5,2.47,,4.98841286,7093.0,0.775,-0.70357772,4.378e-05,35.23893816,-30.71434298,30.59,893209.96870768,2023-08-15 20:00:00+00:00,35000,29199.0
2023-08-15,21,BTC-230929-35000-P,BTCUSDT,P,230929-35000,6105.0,6105.0,6105.0,6105.0,0.0,0.0,5415.0,22680.0,4.22,4.99,,4.96837616,7070.0,0.775,-0.70230924,4.384e-05,35.32986132,-30.82247886,30.59,894186.94271544,2023-08-15 21:00:00+00:00,35000,29229.94
2023-08-15,22,BTC-230929-35000-P,BTCUSDT,P,230929-35000,6105.0,6105.0,6105.0,6105.0,0.0,0.0,5655.0,22680.0,1.5,4.99,,4.96736526,7100.0,0.775,-0.70444276,4.379e-05,35.14209392,-30.6874543,30.59,892824.64563833,2023-08-15 22:00:00+00:00,35000,29183.62
2023-08-15,23,BTC-230929-35000-P,BTCUSDT,P,230929-35000,6105.0,6105.0,6105.0,6105.0,0.0,0.0,5635.0,22680.0,1.5,4.99,,4.97087479,7088.0,0.775,-0.70387198,4.382e-05,35.17602733,-30.74595571,30.59,893265.26601544,2023-08-15 23:00:00+00:00,35000,29200.0
2023-08-16,0,BTC-230929-35000-P,BTCUSDT,P,230929-35000,6105.0,6105.0,6105.0,6105.0,0.0,0.0,5595.0,22680.0,1.5,4.99,,4.97497559,7070.0,0.775,-0.70294802,4.387e-05,35.23870978,-30.82971922,30.59,894014.54957684,2023-08-16 00:00:00+00:00,35000,29224.37
2023-08-16,1,BTC-230929-35000-P,BTCUSDT,P,230929-35000,6105.0,6105.0,6105.0,6105.0,0.0,0.0,5575.0,22680.0,1.5,4.99,,4.97880936,7054.0,0.775,-0.70218171,4.391e-05,35.28825758,-30.90213838,30.59,894629.40521531,2023-08-16 01:00:00+00:00,35000,29245.47
2023-08-16,2,BTC-230929-35000-P,BTCUSDT,P,230929-35000,6105.0,6105.0,6105.0,6105.0,0.0,0.0,5565.0,22680.0,1.5,4.99,,4.98182297,7046.0,0.775,-0.70191858,4.394e-05,35.29665815,-30.93862722,30.59,894928.28296145,2023-08-16 02:00:00+00:00,35000,29255.14
2023-08-16,3,BTC-230929-35000-P,BTCUSDT,P,230929-35000,6105.0,6105.0,6105.0,6105.0,0.0,0.0,5590.0,22680.0,1.5,4.99,,4.98226166,7063.0,0.775,-0.70319167,4.391e-05,35.17982799,-30.8653127,30.59,894120.75402294,2023-08-16 03:00:00+00:00,35000,29228.51
2023-08-16,4,BTC-230929-35000-P,BTCUSDT,P,230929-35000,6105.0,6105.0,6105.0,6105.0,0.0,0.0,5610.0,22680.0,1.5,4.99,,4.98329163,7075.0,0.775,-0.70410569,4.39e-05,35.09212286,-30.81743692,30.59,893613.08440004,2023-08-16 04:00:00+00:00,35000,29208.37
2023-08-16,5,BTC-230929-35000-P,BTCUSDT,P,230929-35000,6105.0,6105.0,6105.0,6105.0,0.0,0.0,5650.0,22680.0,1.5,4.99,,4.98056412,7122.0,0.775,-0.70726546,4.38e-05,34.81956711,-30.60698385,30.59,891449.50076154,2023-08-16 05:00:00+00:00,35000,29142.23
2023-08-16,6,BTC-230929-35000-P,BTCUSDT,P,230929-35000,6105.0,6105.0,6105.0,6105.0,0.0,0.0,5600.0,6245.0,1.5,2.9,,0.50572872,5892.0,0.32786436,-0.93771704,3.689e-05,12.43771237,-4.62957224,30.59,893085.20520763,2023-08-16 06:00:00+00:00,35000,29193.23
2023-08-16,7,BTC-230929-35000-P,BTCUSDT,P,230929-35000,6105.0,6105.0,6105.0,6105.0,0.0,0.0,5455.0,6250.0,2.5,3.96,,0.50983906,5889.0,0.32991953,-0.936315,3.731e-05,12.65193659,-4.74331803,30.59,893352.00043066,2023-08-16 07:00:00+00:00,35000,29197.67
2023-08-16,8,BTC-230929-35000-P,BTCUSDT,P,230929-35000,6105.0,6105.0,6105.0,6105.0,0.0,0.0,4500.0,0.0,0.01,0.0,,-1e-08,6147.0,0.4625,-0.85372028,4.895e-05,23.21849478,-12.2144656,30.59,892781.43978456,2023-08-16 08:00:00+00:00,35000,29179.96
2023-08-16,9,BTC-230929-35000-P,BTCUSDT,P,230929-35000,6105.0,6105.0,6105.0,6105.0,0.0,0.0,5425.0,6240.0,4.59,5.55,,0.49609184,5910.0,0.32304592,-0.94187858,3.555e-05,11.75514795,-4.32347431,30.59,892216.07607693,2023-08-16 09:00:00+00:00,35000,29167.59
2023-08-16,10,BTC-230929-35000-P,BTCUSDT,P,230929-35000,6105.0,6105.0,6105.0,6105.0,0.0,0.0,5425.0,6250.0,4.59,5.45,,0.51022053,5889.0,0.33011026,-0.93652794,3.725e-05,12.60060096,-4.74026964,30.59,893179.99723075,2023-08-16 10:00:00+00:00,35000,29197.33
2023-08-16,11,BTC-230929-35000-P,BTCUSDT,P,230929-35000,6105.0,6105.0,6105.0,6105.0,0.0,0.0,5425.0,6180.0,4.59,4.21,,0.47119617,5898.0,0.31059809,-0.94954296,3.309e-05,10.49987226,-3.72004492,30.59,892186.82396912,2023-08-16 11:00:00+00:00,35000,29164.67
2023-08-16,12,BTC-230929-35000-P,BTCUSDT,P,230929-35000,6105.0,6105.0,6105.0,6105.0,0.0,0.0,5510.0,6330.0,4.39,5.28,,0.52893162,5937.0,0.33946581,-0.93239114,3.812e-05,13.20277164,-5.11728453,30.59,892036.6909386,2023-08-16 12:00:00+00:00,35000,29160.0
2023-08-16,13,BTC-230929-35000-P,BTCUSDT,P,230929-35000,6105.0,6105.0,6105.0,6105.0,0.0,0.0,5510.0,6200.0,4.39,5.36,,0.45260429,5959.0,0.30130215,-0.95731482,2.993e-05,9.14866161,-3.15029789,30.59,889875.86040009,2023-08-16 13:00:00+00:00,35000,29088.62
2023-08-16,14,BTC-230929-35000-P,BTCUSDT,P,230929-35000,6105.0,6105.0,6105.0,6105.0,0.0,0.0,5510.0,6310.0,4.39,2.64,,0.52189827,5932.0,0.33594913,-0.93476506,3.751e-05,12.83016876,-4.9307336,30.59,891809.44085395,2023-08-16 14:00:00+00:00,35000,29159.91
2023-08-16,15,BTC-230929-35000-P,BTCUSDT,P,230929-35000,6105.0,6105.0,6105.0,6105.0,0.0,0.0,5510.0,6310.0,4.39,2.64,,0.50506592,5972.0,0.32753296,-0.94190362,3.522e-05,11.6930997,-4.38535252,30.59,890311.12584627,2023-08-16 15:00:00+00:00,35000,29106.55
2023-08-16,16,BTC-230929-35000-P,BTCUSDT,P,230929-35000,6105.0,6105.0,6105.0,6105.0,0.0,0.0,5635.0,22605.0,2.52,3.28,,4.9776268,7148.0,0.775,-0.71118684,4.384e-05,34.35422808,-30.51520882,30.59,889520.66680013,2023-08-16 16:00:00+00:00,35000,29086.52
2023-08-16,17,BTC-230929-35000-P,BTCUSDT,P,230929-35000,6105.0,6105.0,6105.0,6105.0,0.0,0.0,5545.0,22605.0,3.19,3.28,,4.98601913,7089.0,0.775,-0.70777853,4.398e-05,34.62263471,-30.78302269,30.59,892253.65807697,2023-08-16 17:00:00+00:00,35000,29168.0
2023-08-16,18,BTC-230929-35000-P,BTCUSDT,P,230929-35000,6105.0,6105.0,6105.0,6105.0,0.0,0.0,5545.0,22605.0,3.19,3.28,,4.98874664,7085.0,0.775,-0.70771379,4.4e-05,34.61500376,-30.80568894,30.59,892370.1052493,2023-08-16 18:00:00+00:00,35000,29172.0
2023-08-16,19,BTC-230929-35000-P,BTCUSDT,P,230929-35000,6105.0,6105.0,6105.0,6105.0,0.0,0.0,5525.0,22605.0,2.42,3.28,,4.98674393,7125.0,0.775,-0.7104305,4.392e-05,34.37840613,-30.62443409,30.59,891116.7069907,2023-08-16 19:00:00+00:00,35000,29111.7
2023-08-16,20,BTC-230929-35000-P,BTCUSDT,P,230929-35000,6105.0,6105.0,6105.0,6105.0,0.0,0.0,5525.0,22605.0,2.42,3.28,,4.97867584,7223.0,0.775,-0.71667313,4.37e-05,33.84552757,-30.17865029,30.59,886099.86421752,2023-08-16 20:00:00+00:00,35000,28974.01
2023-08-16,21,BTC-230929-35000-P,BTCUSDT,P,230929-35000,6105.0,6105.0,6105.0,6105.0,0.0,0.0,5685.0,22605.0,4.46,3.28,,4.97782707,7253.0,0.775,-0.71868371,4.363e-05,33.66364476,-30.04527954,30.59,884885.61036248,2023-08-16 21:00:00+00:00,35000,28929.63
2023-08-16,22,BTC-230929-35000-P,BTCUSDT,P,230929-35000,6105.0,6105.0,6105.0,6105.0,0.0,0.0,5685.0,22605.0,4.46,3.28,,4.97866631,7266.0,0.775,-0.71971582,4.361e-05,33.56391907,-29.98504938,30.59,884366.85687706,2023-08-16 22:00:00+00:00,35000,28910.0
2023-08-16,23,BTC-230929-35000-P,BTCUSDT,P,230929-35000,6105.0,6105.0,6105.0,6105.0,0.0,0.0,5910.0,22615.0,4.86,3.24,,4.97079849,7395.0,0.775,-0.72761849,4.329e-05,32.8758882,-29.39862294,30.59,878958.43058456,2023-08-16 23:00:00+00:00,35000,28730.51
2023-08-17,0,BTC-230929-35000-P,BTCUSDT,P,230929-35000,6105.0,6105.0,6105.0,6105.0,0.0,0.0,6000.0,22640.0,3.37,2.51,,4.96997833,7503.0,0.775,-0.73425779,4.3e-05,32.28545706,-28.89842833,30.59,873761.73751539,2023-08-17 00:00:00+00:00,35000,28580.85
2023-08-17,1,BTC-230929-35000-P,BTCUSDT,P,230929-35000,6105.0,6105.0,6105.0,6105.0,0.0,0.0,6000.0,22640.0,3.37,2.51,,4.97644424,7463.0,0.775,-0.73211458,4.312e-05,32.46130265,-29.08381829,30.59,875521.82224623,2023-08-17 01:00:00+00:00,35000,28632.69
2023-08-17,2,BTC-230929-35000-P,BTCUSDT,P,230929-35000,6105.0,6105.0,6105.0,6105.0,0.0,0.0,6000.0,22640.0,3.37,2.51,,4.9751091,7498.0,0.775,-0.73434712,4.303e-05,32.25392618,-28.92588555,30.59,874305.35879228,2023-08-17 02:00:00+00:00,35000,28584.35
2023-08-17,3,BTC-230929-35000-P,BTCUSDT,P,230929-35000,6105.0,6105.0,6105.0,6105.0,0.0,0.0,6000.0,22640.0,3.37,2.51,,4.98307228,7444.0,0.775,-0.7313726,4.318e-05,32.5020684,-29.17655937,30.59,876626.36327706,2023-08-17 03:00:00+00:00,35000,28657.31
2023-08-17,4,BTC-230929-35000-P,BTCUSDT,P,230929-35000,6105.0,6105.0,6105.0,6105.0,0.0,0.0,6000.0,22640.0,3.37,2.51,,4.98487473,7448.0,0.775,-0.73184948,4.317e-05,32.44854539,-29.15665615,30.59,876345.07982307,2023-08-17 04:00:00+00:00,35000,28649.99
2023-08-17,5,BTC-230929-35000-P,BTCUSDT,P,230929-35000,6105.0,6105.0,6105.0,6105.0,0.0,0.0,6000.0,6745.0,3.37,2.09,,0.53982258,6393.0,0.34491129,-0.9475886,3.151e-05,10.54976535,-4.22290003,30.59,877272.59551535,2023-08-17 05:00:00+00:00,35000,28679.64
2023-08-17,6,BTC-230929-35000-P,BTCUSDT,P,230929-35000,6105.0,6105.0,6105.0,6105.0,0.0,0.0,5885.0,6745.0,4.3,2.09,,0.54384232,6385.0,0.34692116,-0.94624091,3.197e-05,10.76321077,-4.33763935,30.59,877607.6568614,2023-08-17 06:00:00+00:00,35000,28690.22
2023-08-17,7,BTC-230929-35000-P,BTCUSDT,P,230929-35000,6105.0,6105.0,6105.0,6105.0,0.0,0.0,5885.0,6745.0,4.3,2.09,,0.52007198,6437.0,0.33503599,-0.95468535,2.896e-05,9.36400376,-3.64799702,30.59,875533.11365395,2023-08-17 07:00:00+00:00,35000,28621.99
2023-08-17,8,BTC-230929-35000-P,BTCUSDT,P,230929-35000,6105.0,6105.0,6105.0,6105.0,0.0,0.0,6030.0,22590.0,2.24,4.98,,4.97037888,7514.0,0.775,-0.73654384,4.302e-05,31.98984361,-28.85601023,30.59,873506.27740004,2023-08-17 08:00:00+00:00,35000,28554.01
2023-08-17,9,BTC-230929-35000-P,BTCUSDT,P,230929-35000,6105.0,6105.0,6105.0,6105.0,0.0,0.0,6030.0,6780.0,2.24,2.51,,0.52527428,6466.0,0.33763714,-0.95434388,2.897e-05,9.40219242,-3.69847979,30.59,874556.82876149,2023-08-17 09:00:00+00:00,35000,28593.12
2023-08-17,10,BTC-230929-35000-P,BTCUSDT,P,230929-35000,6105.0,6105.0,6105.0,6105.0,0.0,0.0,6030.0,6780.0,2.24,2.51,,0.50557137,6507.0,0.32778568,-0.96077571,2.645e-05,8.29628353,-3.17131455,30.59,873356.53094605,2023-08-17 10:00:00+00:00,35000,28540.0
2023-08-17,11,BTC-230929-35000-P,BTCUSDT,P,230929-35000,6105.0,6105.0,6105.0,6105.0,0.0,0.0,6030.0,6815.0,2.24,5.68,,0.52299023,6511.0,0.33649511,-0.95647392,2.804e-05,9.02306424,-3.54422125,30.59,873167.64273851,2023-08-17 11:00:00+00:00,35000,28545.11
2023-08-17,12,BTC-230929-35000-P,BTCUSDT,P,230929-35000,6105.0,6105.0,6105.0,6105.0,0.0,0.0,6030.0,22605.0,2.24,2.95,,4.98069763,7550.0,0.775,-0.73953871,4.293e-05,31.67843461,-28.68640333,30.59,872045.64187693,2023-08-17 12:00:00+00:00,35000,28496.41
2023-08-17,13,BTC-230929-35000-P,BTCUSDT,P,230929-35000,6105.0,6105.0,6105.0,6105.0,0.0,0.0,6160.0,22605.0,3.35,2.95,,4.97550964,7621.0,0.775,-0.74385319,4.273e-05,31.28284477,-28.35578729,30.59,868908.48946908,2023-08-17 13:00:00+00:00,35000,28400.0
2023-08-17,14,BTC-230929-35000-P,BTCUSDT,P,230929-35000,6105.0,6105.0,6105.0,6105.0,0.0,0.0,6160.0,7035.0,3.35,2.97,,0.56369781,6674.0,0.35684891,-0.95080623,2.937e-05,9.88786302,-4.13089424,30.59,868950.87510768,2023-08-17 14:00:00+00:00,35000,28394.34
2023-08-17,15,BTC-230929-35000-P,BTCUSDT,P,230929-35000,6105.0,6105.0,6105.0,6105.0,0.0,0.0,6160.0,6930.0,3.35,2.96,,6e-07,7078.0,0.15,-0.99999406,2e-08,0.0026018,-0.00045735,30.59,854544.90790759,2023-08-17 15:00:00+00:00,35000,27934.02
2023-08-17,16,BTC-230929-35000-P,BTCUSDT,P,230929-35000,6105.0,6105.0,6105.0,6105.0,0.0,0.0,6605.0,7340.0,4.05,3.35,,0.52371025,7097.0,0.33685513,-0.97131828,2.038e-05,6.2579667,-2.47275963,30.59,854304.69573075,2023-08-17 16:00:00+00:00,35000,27937.35
2023-08-17,17,BTC-230929-35000-P,BTCUSDT,P,230929-35000,6105.0,6105.0,6105.0,6105.0,0.0,0.0,6605.0,22685.0,4.05,5.23,,4.97846603,7938.0,0.775,-0.762446,4.175e-05,29.53717413,-26.87824312,30.59,855523.19963833,2023-08-17 17:00:00+00:00,35000,27974.0
2023-08-17,18,BTC-230929-35000-P,BTCUSDT,P,230929-35000,6105.0,6105.0,6105.0,6105.0,0.0,0.0,6605.0,22685.0,4.05,5.23,,4.97324944,8009.0,0.775,-0.76655634,4.151e-05,29.1402705,-26.54304034,30.59,852612.95780009,2023-08-17 18:00:00+00:00,35000,27879.97
2023-08-17,19,BTC-230929-35000-P,BTCUSDT,P,230929-35000,6105.0,6105.0,6105.0,6105.0,0.0,0.0,6605.0,22690.0,4.05,4.14,,4.97862816,7997.0,0.775,-0.766067,4.155e-05,29.1758982,-26.601547,30.59,853309.5795,2023-08-17 19:00:00+00:00,35000,27894.01
2023-08-17,20,BTC-230929-35000-P,BTCUSDT,P,230929-35000,6105.0,6105.0,6105.0,6105.0,0.0,0.0,6795.0,22715.0,5.46,5.77,,4.97169495,8165.0,0.775,-0.77531462,4.097e-05,28.28419655,-25.8138328,30.59,845128.71763833,2023-08-17 20:00:00+00:00,35000,27679.57
2023-08-17,21,BTC-230929-35000-P,BTCUSDT,P,230929-35000,6105.0,6105.0,6105.0,6105.0,0.0,0.0,4500.0,0.0,0.01,0.0,,-1e-08,8795.0,0.4625,-0.95918104,2.115e-05,7.84486861,-4.2769164,30.59,803193.10177689,2023-08-17 21:00:00+00:00,35000,26253.92
2023-08-17,22,BTC-230929-35000-P,BTCUSDT,P,230929-35000,6105.0,6105.0,6105.0,6105.0,0.0,0.0,8485.0,23105.0,5.82,2.94,,5.04032135,9484.0,1.00473232,-0.72809143,3.615e-05,30.31531564,-35.93955065,30.59,821693.63123842,2023-08-17 22:00:00+00:00,35000,26801.29
2023-08-17,23,BTC-230929-35000-P,BTCUSDT,P,230929-35000,6105.0,6105.0,6105.0,6105.0,0.0,0.0,4500.0,8690.0,0.01,4.46,,0.73229313,8196.0,0.44114656,-0.9537064,2.401e-05,8.8796517,-4.62279599,30.59,815578.80789246,2023-08-17 23:00:00+00:00,35000,26623.41
2023-08-18,1,BTC-230929-35000-P,BTCUSDT,P,230929-35000,6105.0,6105.0,6105.0,6105.0,0.0,0.0,4500.0,8785.0,0.01,5.44,,0.67565918,8427.0,0.41282959,-0.96994818,1.823e-05,6.16978996,-3.0142854,30.59,814054.21910013,2023-08-18 01:00:00+00:00,35000,26613.49
2023-08-18,2,BTC-230929-35000-P,BTCUSDT,P,230929-35000,6105.0,6105.0,6105.0,6105.0,0.0,0.0,4500.0,8915.0,0.01,4.53,,0.68435669,8558.0,0.41717834,-0.97094727,1.764e-05,5.96643007,-2.94854658,30.59,810878.73843083,2023-08-18 02:00:00+00:00,35000,26482.13
2023-08-18,3,BTC-230929-35000-P,BTCUSDT,P,230929-35000,6105.0,6105.0,6105.0,6105.0,0.0,0.0,4500.0,8915.0,0.01,4.53,,0.64605713,8629.0,0.39802856,-0.97817103,1.46e-05,4.67823714,-2.20798992,30.59,807729.58196921,2023-08-18 03:00:00+00:00,35000,26398.0
2023-08-18,4,BTC-230929-35000-P,BTCUSDT,P,230929-35000,6105.0,6105.0,6105.0,6105.0,0.0,0.0,4500.0,9125.0,0.01,3.86,,0.69757462,8770.0,0.42378731,-0.97267885,1.665e-05,5.61731155,-2.82557233,30.59,803004.27743851,2023-08-18 04:00:00+00:00,35000,26267.94
2023-08-18,5,BTC-230929-35000-P,BTCUSDT,P,230929-35000,6105.0,6105.0,6105.0,6105.0,0.0,0.0,4500.0,0.0,0.01,0.0,,-1e-08,8627.0,0.4625,-0.95606431,2.239e-05,8.34813135,-4.58733824,30.59,808814.1487386,2023-08-18 05:00:00+00:00,35000,26443.76
2023-08-18,6,BTC-230929-35000-P,BTCUSDT,P,230929-35000,6105.0,6105.0,6105.0,6105.0,0.0,0.0,7960.0,8810.0,3.47,4.71,,0.64396858,8518.0,0.39698429,-0.97694893,1.528e-05,4.91189124,-2.31906021,30.59,810826.6278614,2023-08-18 06:00:00+00:00,35000,26502.66
2023-08-18,7,BTC-230929-35000-P,BTCUSDT,P,230929-35000,6105.0,6105.0,6105.0,6105.0,0.0,0.0,7960.0,8840.0,3.47,3.69,,0.61660767,8598.0,0.38330383,-0.98201036,1.288e-05,3.96580011,-1.80964996,30.59,808334.31601539,2023-08-18 07:00:00+00:00,35000,26429.99
2023-08-18,8,BTC-230929-35000-P,BTCUSDT,P,230929-35000,6105.0,6105.0,6105.0,6105.0,0.0,0.0,7960.0,8865.0,3.47,4.16,,0.70656776,8460.0,0.42828388,-0.96563084,1.972e-05,6.86266166,-3.5024825,30.59,813097.71686162,2023-08-18 08:00:00+00:00,35000,26591.69
2023-08-18,9,BTC-230929-35000-P,BTCUSDT,P,230929-35000,6105.0,6105.0,6105.0,6105.0,0.0,0.0,7960.0,8865.0,3.47,4.16,,0.64661026,8576.0,0.39830513,-0.97763125,1.491e-05,4.7712623,-2.26689987,30.59,809022.60446154,2023-08-18 09:00:00+00:00,35000,26451.61
2023-08-18,10,BTC-230929-35000-P,BTCUSDT,P,230929-35000,6105.0,6105.0,6105.0,6105.0,0.0,0.0,7960.0,8865.0,3.47,4.16,,0.64648628,8577.0,0.39824314,-0.97771919,1.487e-05,4.75290714,-2.2600742,30.59,809137.24973083,2023-08-18 10:00:00+00:00,35000,26452.08
2023-08-18,11,BTC-230929-35000-P,BTCUSDT,P,230929-35000,6105.0,6105.0,6105.0,6105.0,0.0,0.0,7960.0,8905.0,3.47,4.97,,0.68730354,8546.0,0.41865177,-0.97087279,1.768e-05,5.95507219,-2.97980179,30.59,810523.00026158,2023-08-18 11:00:00+00:00,35000,26494.0
2023-08-18,12,BTC-230929-35000-P,BTCUSDT,P,230929-35000,6105.0,6105.0,6105.0,6105.0,0.0,0.0,8110.0,8970.0,2.04,2.75,,0.64524651,8697.0,0.39762325,-0.97976238,1.381e-05,4.35687209,-2.07265385,30.59,805297.12567684,2023-08-18 12:00:00+00:00,35000,26328.02
2023-08-18,13,BTC-230929-35000-P,BTCUSDT,P,230929-35000,6105.0,6105.0,6105.0,6105.0,0.0,0.0,8110.0,9070.0,2.04,2.91,,0.6580162,8786.0,0.4040081,-0.9793293,1.389e-05,4.41861702,-2.13791207,30.59,803188.72841544,2023-08-18 13:00:00+00:00,35000,26241.78
2023-08-18,14,BTC-230929-35000-P,BTCUSDT,P,230929-35000,6105.0,6105.0,6105.0,6105.0,0.0,0.0,8275.0,9235.0,4.1,2.5,,0.64153671,8996.0,0.39576836,-0.98416879,1.139e-05,3.48913362,-1.65541054,30.59,796614.0735,2023-08-18 14:00:00+00:00,35000,26012.08
2023-08-18,15,BTC-230929-35000-P,BTCUSDT,P,230929-35000,6105.0,6105.0,6105.0,6105.0,0.0,0.0,8275.0,9275.0,4.1,5.57,,0.65236092,9024.0,0.40118046,-0.98326089,1.181e-05,3.65437105,-1.75927421,30.59,794477.35527693,2023-08-18 15:00:00+00:00,35000,26002.0
2023-08-18,16,BTC-230929-35000-P,BTCUSDT,P,230929-35000,6105.0,6105.0,6105.0,6105.0,0.0,0.0,4500.0,9275.0,0.01,5.57,,0.59277534,9110.0,0.37138767,-0.99031516,7.98e-06,2.26675764,-1.01122596,30.59,789481.43345382,2023-08-18 16:00:00+00:00,35000,25904.91
2023-08-18,17,BTC-230929-35000-P,BTCUSDT,P,230929-35000,6105.0,6105.0,6105.0,6105.0,0.0,0.0,4500.0,9420.0,0.01,3.1,,0.74057579,9029.0,0.4452879,-0.97125232,1.68e-05,5.7661705,-3.08730085,30.59,795840.22381531,2023-08-18 17:00:00+00:00,35000,26012.02
2023-08-18,18,BTC-230929-35000-P,BTCUSDT,P,230929-35000,6105.0,6105.0,6105.0,6105.0,0.0,0.0,4500.0,9420.0,0.01,3.1,,0.78654289,8934.0,0.46827145,-0.96182243,2.01e-05,7.31211138,-4.1212261,30.59,799498.79453838,2023-08-18 18:00:00+00:00,35000,26124.01
2023-08-18,19,BTC-230929-35000-P,BTCUSDT,P,230929-35000,6105.0,6105.0,6105.0,6105.0,0.0,0.0,4500.0,9420.0,0.01,3.1,,0.76259613,8986.0,0.45629807,-0.96706442,1.833e-05,6.45949984,-3.55115236,30.59,796565.85895373,2023-08-18 19:00:00+00:00,35000,26065.01
2023-08-18,20,BTC-230929-35000-P,BTCUSDT,P,230929-35000,6105.0,6105.0,6105.0,6105.0,0.0,0.0,4500.0,9310.0,0.01,5.91,,0.71815491,8950.0,0.43407745,-0.97357056,1.604e-05,5.38312174,-2.81811995,30.59,798977.60144601,2023-08-18 20:00:00+00:00,35000,26083.78
2023-08-18,21,BTC-230929-35000-P,BTCUSDT,P,230929-35000,6105.0,6105.0,6105.0,6105.0,0.0,0.0,4500.0,9310.0,0.01,5.91,,0.70981026,8966.0,0.42990513,-0.97514299,1.541e-05,5.10733629,-2.65070758,30.59,797959.31076934,2023-08-18 21:00:00+00:00,35000,26062.75
2023-08-18,22,BTC-230929-35000-P,BTCUSDT,P,230929-35000,6105.0,6105.0,6105.0,6105.0,0.0,0.0,4500.0,9310.0,0.01,5.91,,0.71229935,8962.0,0.43114967,-0.97477683,1.556e-05,5.16865214,-2.69300551,30.59,797535.16529228,2023-08-18 22:00:00+00:00,35000,26071.99
2023-08-18,23,BTC-230929-35000-P,BTCUSDT,P,230929-35000,6105.0,6105.0,6105.0,6105.0,0.0,0.0,4500.0,9310.0,0.01,5.91,,0.70416451,8978.0,0.42708225,-0.97626749,1.494e-05,4.90508095,-2.53411988,30.59,796964.36597689,2023-08-18 23:00:00+00:00,35000,26054.0
2023-08-19,0,BTC-230929-35000-P,BTCUSDT,P,230929-35000,6105.0,6105.0,6105.0,6105.0,0.0,0.0,4500.0,9310.0,0.01,5.91,,0.72522163,8939.0,0.43761082,-0.97257904,1.644e-05,5.54271068,-2.9370932,30.59,798342.27740013,2023-08-19 00:00:00+00:00,35000,26099.09
2023-08-19,1,BTC-230929-35000-P,BTCUSDT,P,230929-35000,6105.0,6105.0,6105.0,6105.0,0.0,0.0,4500.0,9310.0,0.01,5.91,,0.68840027,9007.0,0.41920013,-0.97900195,1.376e-05,4.4135773,-2.24263234,30.59,796006.84855386,2023-08-19 01:00:00+00:00,35000,26016.01
2023-08-19,2,BTC-230929-35000-P,BTCUSDT,P,230929-35000,6105.0,6105.0,6105.0,6105.0,0.0,0.0,4500.0,9310.0,0.01,5.91,,0.68162918,9020.0,0.41581459,-0.98012139,1.326e-05,4.20893183,-2.12352045,30.59,795608.80878469,2023-08-19 02:00:00+00:00,35000,26002.01
2023-08-19,3,BTC-230929-35000-P,BTCUSDT,P,230929-35000,6105.0,6105.0,6105.0,6105.0,0.0,0.0,4500.0,9310.0,0.01,5.91,,0.66214561,9053.0,0.40607281,-0.98302479,1.189e-05,3.67209741,-1.81109937,30.59,794310.6465,2023-08-19 03:00:00+00:00,35000,25967.51
2023-08-19,4,BTC-230929-35000-P,BTCUSDT,P,230929-35000,6105.0,6105.0,6105.0,6105.0,0.0,0.0,4500.0,9310.0,0.01,5.91,,0.67307472,9035.0,0.41153736,-0.98152429,1.261e-05,3.94832853,-1.97554316,30.59,794744.17066917,2023-08-19 04:00:00+00:00,35000,25988.76
2023-08-19,5,BTC-230929-35000-P,BTCUSDT,P,230929-35000,6105.0,6105.0,6105.0,6105.0,0.0,0.0,4500.0,9490.0,0.01,4.2,,0.72541237,9145.0,0.43770618,-0.97617226,1.477e-05,4.87538063,-2.59714034,30.59,792029.47288469,2023-08-19 05:00:00+00:00,35000,25884.49
2023-08-19,6,BTC-230929-35000-P,BTCUSDT,P,230929-35000,6105.0,6105.0,6105.0,6105.0,0.0,0.0,4500.0,9490.0,0.01,4.2,,0.7013607,9188.0,0.42568035,-0.98006905,1.309e-05,4.1825464,-2.16904851,30.59,790671.61640004,2023-08-19 06:00:00+00:00,35000,25836.28
2023-08-19,7,BTC-230929-35000-P,BTCUSDT,P,230929-35000,6105.0,6105.0,6105.0,6105.0,0.0,0.0,4500.0,9490.0,0.01,4.2,,0.74012756,9119.0,0.44506378,-0.97377837,1.573e-05,5.28366949,-2.86776739,30.59,792783.49957702,2023-08-19 07:00:00+00:00,35000,25917.99
2023-08-19,8,BTC-230929-35000-P,BTCUSDT,P,230929-35000,6105.0,6105.0,6105.0,6105.0,0.0,0.0,7550.0,9375.0,1.5,4.47,,0.68516731,9089.0,0.41758366,-0.98091945,1.282e-05,4.0415688,-2.06025546,30.59,793408.97095373,2023-08-19 08:00:00+00:00,35000,25932.97
2023-08-19,9,BTC-230929-35000-P,BTCUSDT,P,230929-35000,6105.0,6105.0,6105.0,6105.0,0.0,0.0,7560.0,9375.0,1.5,4.47,,0.691185,9080.0,0.4205925,-0.98007885,1.321e-05,4.19196578,-2.15451185,30.59,793657.76513855,2023-08-19 09:00:00+00:00,35000,25945.99
2023-08-19,10,BTC-230929-35000-P,BTCUSDT,P,230929-35000,6105.0,6105.0,6105.0,6105.0,0.0,0.0,7560.0,9375.0,1.5,4.47,,0.67379951,9109.0,0.41189976,-0.98266981,1.2e-05,3.71632592,-1.87248111,30.59,792630.2033386,2023-08-19 10:00:00+00:00,35000,25908.82
2023-08-19,11,BTC-230929-35000-P,BTCUSDT,P,230929-35000,6105.0,6105.0,6105.0,6105.0,0.0,0.0,7560.0,9375.0,1.5,4.47,,0.66872597,9118.0,0.40936298,-0.98342202,1.163e-05,3.57478112,-1.79189712,30.59,792388.57259241,2023-08-19 11:00:00+00:00,35000,25900.08
2023-08-19,12,BTC-230929-35000-P,BTCUSDT,P,230929-35000,6105.0,6105.0,6105.0,6105.0,0.0,0.0,7560.0,9375.0,1.5,4.47,,0.67625999,9106.0,0.41313,-0.98244012,1.211e-05,3.75498665,-1.90148787,30.59,792787.56703847,2023-08-19 12:00:00+00:00,35000,25914.37
2023-08-19,13,BTC-230929-35000-P,BTCUSDT,P,230929-35000,6105.0,6105.0,6105.0,6105.0,0.0,0.0,7535.0,9375.0,1.5,4.47,,0.68250656,9097.0,0.41625328,-0.98160975,1.25e-05,3.90555187,-1.99472186,30.59,793161.33986158,2023-08-19 13:00:00+00:00,35000,25925.24
2023-08-19,14,BTC-230929-35000-P,BTCUSDT,P,230929-35000,6105.0,6105.0,6105.0,6105.0,0.0,0.0,7510.0,9375.0,1.5,4.47,,0.70872307,9052.0,0.42936153,-0.97765007,1.428e-05,4.61434748,-2.43343633,30.59,794650.14843851,2023-08-19 14:00:00+00:00,35000,25975.0
2023-08-19,15,BTC-230929-35000-P,BTCUSDT,P,230929-35000,6105.0,6105.0,6105.0,6105.0,0.0,0.0,7515.0,9245.0,1.5,2.32,,0.74855804,8830.0,0.44927902,-0.9679765,1.827e-05,6.2846876,-3.47161168,30.59,800991.18315386,2023-08-19 15:00:00+00:00,35000,26216.01
2023-08-19,16,BTC-230929-35000-P,BTCUSDT,P,230929-35000,6105.0,6105.0,6105.0,6105.0,0.0,0.0,7515.0,9100.0,1.5,5.94,,0.69055557,8778.0,0.42027779,-0.97619561,1.524e-05,4.91258609,-2.54110796,30.59,802550.42940763,2023-08-19 16:00:00+00:00,35000,26253.3
2023-08-19,17,BTC-230929-35000-P,BTCUSDT,P,230929-35000,6105.0,6105.0,6105.0,6105.0,0.0,0.0,7515.0,9240.0,1.5,3.51,,0.68874359,8938.0,0.4193718,-0.97889618,1.389e-05,4.40809996,-2.27757569,30.59,798347.7432614,2023-08-19 17:00:00+00:00,35000,26086.9
2023-08-19,18,BTC-230929-35000-P,BTCUSDT,P,230929-35000,6105.0,6105.0,6105.0,6105.0,0.0,0.0,7410.0,9240.0,1.5,3.51,,0.70809364,8904.0,0.42904682,-0.97575396,1.525e-05,4.96016898,-2.62463819,30.59,799455.24580772,2023-08-19 18:00:00+00:00,35000,26126.44
2023-08-19,19,BTC-230929-35000-P,BTCUSDT,P,230929-35000,6105.0,6105.0,6105.0,6105.0,0.0,0.0,7410.0,9240.0,1.5,3.51,,0.70841789,8904.0,0.42920895,-0.97577175,1.524e-05,4.95454807,-2.62535277,30.59,799535.30420781,2023-08-19 19:00:00+00:00,35000,26125.62
2023-08-19,20,BTC-230929-35000-P,BTCUSDT,P,230929-35000,6105.0,6105.0,6105.0,6105.0,0.0,0.0,7410.0,9240.0,1.5,3.51,,0.67388535,8965.0,0.41194267,-0.98136044,1.276e-05,3.95639267,-2.01417899,30.59,796982.47458452,2023-08-19 20:00:00+00:00,35000,26056.78
2023-08-19,21,BTC-230929-35000-P,BTCUSDT,P,230929-35000,6105.0,6105.0,6105.0,6105.0,0.0,0.0,7410.0,9240.0,1.5,3.51,,0.68861961,8941.0,0.41930981,-0.97918049,1.376e-05,4.34831434,-2.25561689,30.59,798021.26383799,2023-08-19 21:00:00+00:00,35000,26084.96
2023-08-19,22,BTC-230929-35000-P,BTCUSDT,P,230929-35000,6105.0,6105.0,6105.0,6105.0,0.0,0.0,7410.0,9240.0,1.5,3.51,,0.67321777,8967.0,0.41160889,-0.98157888,1.266e-05,3.91245705,-1.99430542,30.59,797018.14050772,2023-08-19 22:00:00+00:00,35000,26054.0
2023-08-19,23,BTC-230929-35000-P,BTCUSDT,P,230929-35000,6105.0,6105.0,6105.0,6105.0,0.0,0.0,7410.0,9240.0,1.5,3.51,,0.6964016,8928.0,0.4232008,-0.97807068,1.426e-05,4.54129775,-2.38249621,30.59,798387.40605382,2023-08-19 23:00:00+00:00,35000,26100.01
2023-08-20,0,BTC-230929-35000-P,BTCUSDT,P,230929-35000,6105.0,6105.0,6105.0,6105.0,0.0,0.0,7435.0,9240.0,1.5,3.51,,0.73467255,8858.0,0.44233627,-0.97139781,1.7e-05,5.68887473,-3.1227238,30.59,800753.13580776,2023-08-20 00:00:00+00:00,35000,26181.68
2023-08-20,1,BTC-230929-35000-P,BTCUSDT,P,230929-35000,6105.0,6105.0,6105.0,6105.0,0.0,0.0,7435.0,9240.0,1.5,3.51,,0.68307877,8953.0,0.41653938,-0.9802961,1.326e-05,4.13921483,-2.14179565,30.59,797555.34460768,2023-08-20 01:00:00+00:00,35000,26072.45
2023-08-20,2,BTC-230929-35000-P,BTCUSDT,P,230929-35000,6105.0,6105.0,6105.0,6105.0,0.0,0.0,7460.0,9240.0,1.5,3.51,,0.69458008,8933.0,0.42229004,-0.97856905,1.404e-05,4.44603593,-2.3347351,30.59,798203.72150781,2023-08-20 02:00:00+00:00,35000,26094.0
2023-08-20,3,BTC-230929-35000-P,BTCUSDT,P,230929-35000,6105.0,6105.0,6105.0,6105.0,0.0,0.0,7460.0,9240.0,1.5,3.51,,0.70022583,8924.0,0.42511292,-0.97772444,1.441e-05,4.59308173,-2.43059477,30.59,798530.86643075,2023-08-20 03:00:00+00:00,35000,26105.24
2023-08-20,4,BTC-230929-35000-P,BTCUSDT,P,230929-35000,6105.0,6105.0,6105.0,6105.0,0.0,0.0,7460.0,9240.0,1.5,3.51,,0.7089901,8909.0,0.42949505,-0.97633534,1.5e-05,4.83390274,-2.58708622,30.59,799158.81862311,2023-08-20 04:00:00+00:00,35000,26121.47
2023-08-20,5,BTC-230929-35000-P,BTCUSDT,P,230929-35000,6105.0,6105.0,6105.0,6105.0,0.0,0.0,7460.0,9240.0,1.5,3.51,,0.694561,8935.0,0.4222805,-0.9787748,1.395e-05,4.40268569,-2.31912822,30.59,798163.72928465,2023-08-20 05:00:00+00:00,35000,26092.0
2023-08-20,6,BTC-230929-35000-P,BTCUSDT,P,230929-35000,6105.0,6105.0,6105.0,6105.0,0.0,0.0,7460.0,9240.0,1.5,3.51,,0.68084717,8959.0,0.41542358,-0.98094555,1.296e-05,4.01139373,-2.08086628,30.59,797290.90246167,2023-08-20 06:00:00+00:00,35000,26063.99
2023-08-20,7,BTC-230929-35000-P,BTCUSDT,P,230929-35000,6105.0,6105.0,6105.0,6105.0,0.0,0.0,4500.0,9240.0,0.01,3.51,,0.69329262,8939.0,0.42164631,-0.97910951,1.38e-05,4.33868654,-2.28673829,30.59,797992.00173092,2023-08-20 07:00:00+00:00,35000,26088.44
2023-08-20,8,BTC-230929-35000-P,BTCUSDT,P,230929-35000,6105.0,6105.0,6105.0,6105.0,0.0,0.0,7465.0,9940.0,1.5,1.5,,1.01039886,9049.0,0.58019943,-0.92368841,2.862e-05,12.39185528,-8.99655305,30.59,798668.49453846,2023-08-20 08:00:00+00:00,35000,26112.0
2023-08-20,9,BTC-230929-35000-P,BTCUSDT,P,230929-35000,6105.0,6105.0,6105.0,6105.0,0.0,0.0,7465.0,9210.0,1.5,3.32,,0.70497513,8886.0,0.42748756,-0.9768625,1.482e-05,4.73482276,-2.53537862,30.59,799751.70660768,2023-08-20 09:00:00+00:00,35000,26144.0
2023-08-20,10,BTC-230929-35000-P,BTCUSDT,P,230929-35000,6105.0,6105.0,6105.0,6105.0,0.0,0.0,7405.0,9210.0,1.5,3.32,,0.70804596,8881.0,0.42902298,-0.97641817,1.501e-05,4.80975077,-2.58745205,30.59,799636.81258447,2023-08-20 10:00:00+00:00,35000,26148.05
2023-08-20,11,BTC-230929-35000-P,BTCUSDT,P,230929-35000,6105.0,6105.0,6105.0,6105.0,0.0,0.0,7405.0,9210.0,1.5,3.32,,0.72137833,8857.0,0.43568916,-0.97417338,1.594e-05,5.19381759,-2.84044692,30.59,800789.24209237,2023-08-20 11:00:00+00:00,35000,26176.7
2023-08-20,12,BTC-230929-35000-P,BTCUSDT,P,230929-35000,6105.0,6105.0,6105.0,6105.0,0.0,0.0,7405.0,9210.0,1.5,3.32,,0.72450638,8852.0,0.43725319,-0.97369064,1.614e-05,5.27334031,-2.89732046,30.59,800911.2323232,2023-08-20 12:00:00+00:00,35000,26183.72
2023-08-20,13,BTC-230929-35000-P,BTCUSDT,P,230929-35000,6105.0,6105.0,6105.0,6105.0,0.0,0.0,7410.0,9210.0,1.5,3.32,,0.70243835,8893.0,0.42621918,-0.9775698,1.451e-05,4.60145902,-2.46695535,30.59,799530.70898474,2023-08-20 13:00:00+00:00,35000,26135.9
2023-08-20,14,BTC-230929-35000-P,BTCUSDT,P,230929-35000,6105.0,6105.0,6105.0,6105.0,0.0,0.0,7450.0,9210.0,1.5,3.32,,0.66731453,8953.0,0.40865726,-0.98294244,1.203e-05,3.63534844,-1.87065408,30.59,798392.82149237,2023-08-20 14:00:00+00:00,35000,26062.87
2023-08-20,15,BTC-230929-35000-P,BTCUSDT,P,230929-35000,6105.0,6105.0,6105.0,6105.0,0.0,0.0,7465.0,9335.0,1.5,2.6,,0.75545311,8936.0,0.45272655,-0.97062509,1.716e-05,5.75412941,-3.28367196,30.59,798093.99416925,2023-08-20 15:00:00+00:00,35000,26106.83
2023-08-20,16,BTC-230929-35000-P,BTCUSDT,P,230929-35000,6105.0,6105.0,6105.0,6105.0,0.0,0.0,7485.0,9335.0,1.5,2.6,,0.73262215,8981.0,0.44131107,-0.97485819,1.55e-05,5.04087793,-2.80705943,30.59,796900.30177702,2023-08-20 16:00:00+00:00,35000,26053.01
2023-08-20,17,BTC-230929-35000-P,BTCUSDT,P,230929-35000,6105.0,6105.0,6105.0,6105.0,0.0,0.0,7485.0,9335.0,1.5,2.6,,0.76359749,8922.0,0.45679874,-0.96923327,1.768e-05,5.97691763,-3.4487339,30.59,798956.85403088,2023-08-20 17:00:00+00:00,35000,26124.18
2023-08-20,18,BTC-230929-35000-P,BTCUSDT,P,230929-35000,6105.0,6105.0,6105.0,6105.0,0.0,0.0,7485.0,9335.0,1.5,2.6,,0.76030731,8929.0,0.45515366,-0.96996089,1.741e-05,5.85454033,-3.3695022,30.59,798737.03294614,2023-08-20 18:00:00+00:00,35000,26113.81
2023-08-20,19,BTC-230929-35000-P,BTCUSDT,P,230929-35000,6105.0,6105.0,6105.0,6105.0,0.0,0.0,7485.0,9200.0,1.5,4.21,,0.69982529,8890.0,0.42491264,-0.97825186,1.423e-05,4.46923538,-2.40384059,30.59,799529.86860004,2023-08-20 19:00:00+00:00,35000,26137.25
2023-08-20,20,BTC-230929-35000-P,BTCUSDT,P,230929-35000,6105.0,6105.0,6105.0,6105.0,0.0,0.0,7310.0,9200.0,1.5,4.21,,0.74365616,8810.0,0.44682808,-0.97059214,1.737e-05,5.77212525,-3.26819034,30.59,802217.1194232,2023-08-20 20:00:00+00:00,35000,26232.98
2023-08-20,21,BTC-230929-35000-P,BTCUSDT,P,230929-35000,6105.0,6105.0,6105.0,6105.0,0.0,0.0,7310.0,9200.0,1.5,4.21,,0.71923256,8857.0,0.43461628,-0.97515062,1.555e-05,5.00205672,-2.75768454,30.59,800521.67371535,2023-08-20 21:00:00+00:00,35000,26176.86
2023-08-20,22,BTC-230929-35000-P,BTCUSDT,P,230929-35000,6105.0,6105.0,6105.0,6105.0,0.0,0.0,7370.0,9200.0,1.5,4.21,,0.73506355,8828.0,0.44253178,-0.97238665,1.667e-05,5.46734078,-3.07234453,30.59,801763.60082307,2023-08-20 22:00:00+00:00,35000,26209.46
2023-08-20,23,BTC-230929-35000-P,BTCUSDT,P,230929-35000,6105.0,6105.0,6105.0,6105.0,0.0,0.0,7370.0,9200.0,1.5,4.21,,0.7264328,8845.0,0.4382164,-0.97403851,1.601e-05,5.18616019,-2.8889743,30.59,801149.66960768,2023-08-20 23:00:00+00:00,35000,26189.99
2023-08-21,0,BTC-230929-35000-P,BTCUSDT,P,230929-35000,6105.0,6105.0,6105.0,6105.0,0.0,0.0,7375.0,9200.0,1.5,4.21,,0.70374489,8886.0,0.42687244,-0.97797178,1.435e-05,4.50657911,-2.44801765,30.59,799607.51677702,2023-08-21 00:00:00+00:00,35000,26142.0
2023-08-21,1,BTC-230929-35000-P,BTCUSDT,P,230929-35000,6105.0,6105.0,6105.0,6105.0,0.0,0.0,7375.0,9200.0,1.5,4.21,,0.70613861,8883.0,0.42806931,-0.97765453,1.449e-05,4.55958439,-2.48639178,30.59,799594.95134627,2023-08-21 01:00:00+00:00,35000,26146.14
2023-08-21,2,BTC-230929-35000-P,BTCUSDT,P,230929-35000,6105.0,6105.0,6105.0,6105.0,0.0,0.0,7375.0,9200.0,1.5,4.21,,0.6815815,8925.0,0.41579075,-0.98150047,1.274e-05,3.87575767,-2.05505255,30.59,798308.73596925,2023-08-21 02:00:00+00:00,35000,26097.38
2023-08-21,3,BTC-230929-35000-P,BTCUSDT,P,230929-35000,6105.0,6105.0,6105.0,6105.0,0.0,0.0,7485.0,9200.0,1.5,4.21,,0.67875862,8931.0,0.41437931,-0.98196767,1.252e-05,3.78932482,-2.00453278,30.59,798125.15899237,2023-08-21 03:00:00+00:00,35000,26090.66
2023-08-21,4,BTC-230929-35000-P,BTCUSDT,P,230929-35000,6105.0,6105.0,6105.0,6105.0,0.0,0.0,7485.0,9200.0,1.5,4.21,,0.66110611,8959.0,0.40555305,-0.98442948,1.13e-05,3.33627997,-1.72912222,30.59,797141.751,2023-08-21 04:00:00+00:00,35000,26059.02
2023-08-21,5,BTC-230929-35000-P,BTCUSDT,P,230929-35000,6105.0,6105.0,6105.0,6105.0,0.0,0.0,7470.0,9335.0,1.5,2.02,,0.75813293,8942.0,0.45406647,-0.97134196,1.689e-05,5.59414916,-3.24961381,30.59,798445.41612316,2023-08-21 05:00:00+00:00,35000,26104.54
2023-08-21,6,BTC-230929-35000-P,BTCUSDT,P,230929-35000,6105.0,6105.0,6105.0,6105.0,0.0,0.0,7470.0,9335.0,1.5,2.02,,0.73003769,8995.0,0.44001884,-0.97636893,1.488e-05,4.74686643,-2.67497553,30.59,796800.6052693,2023-08-21 06:00:00+00:00,35000,26032.0
2023-08-21,7,BTC-230929-35000-P,BTCUSDT,P,230929-35000,6105.0,6105.0,6105.0,6105.0,0.0,0.0,8400.0,9335.0,4.32,2.02,,0.72386742,9007.0,0.43693371,-0.97745185,1.442e-05,4.55820324,-2.55337443,30.59,795709.68183092,2023-08-21 07:00:00+00:00,35000,26023.34
2023-08-21,8,BTC-230929-35000-P,BTCUSDT,P,230929-35000,6105.0,6105.0,6105.0,6105.0,0.0,0.0,7510.0,9335.0,1.5,2.02,,0.74193954,8975.0,0.44596977,-0.97450501,1.565e-05,5.05833155,-2.89522434,30.59,797161.5101232,2023-08-21 08:00:00+00:00,35000,26059.99
2023-08-21,9,BTC-230929-35000-P,BTCUSDT,P,230929-35000,6105.0,6105.0,6105.0,6105.0,0.0,0.0,7495.0,9335.0,1.5,2.02,,0.72990417,8997.0,0.43995209,-0.97661668,1.477e-05,4.69693636,-2.65493749,30.59,796287.24456167,2023-08-21 09:00:00+00:00,35000,26028.0
2023-08-21,10,BTC-230929-35000-P,BTCUSDT,P,230929-35000,6105.0,6105.0,6105.0,6105.0,0.0,0.0,7590.0,9440.0,1.5,4.04,,0.74571609,9088.0,0.44785805,-0.97587889,1.496e-05,4.80222462,-2.76619203,30.59,793504.98321531,2023-08-21 10:00:00+00:00,35000,25944.01
2023-08-21,11,BTC-230929-35000-P,BTCUSDT,P,230929-35000,6105.0,6105.0,6105.0,6105.0,0.0,0.0,8475.0,9440.0,1.5,4.04,,0.78538895,9013.0,0.46769447,-0.96884557,1.768e-05,5.96114026,-3.58968865,30.59,796261.69350768,2023-08-21 11:00:00+00:00,35000,26031.6
2023-08-21,12,BTC-230929-35000-P,BTCUSDT,P,230929-35000,6105.0,6105.0,6105.0,6105.0,0.0,0.0,4500.0,0.0,0.01,0.0,,-1e-08,9036.0,0.4625,-0.97093622,1.69e-05,5.61865348,-3.34946482,30.59,795395.2435232,2023-08-21 12:00:00+00:00,35000,26004.0
2023-08-21,13,BTC-230929-35000-P,BTCUSDT,P,230929-35000,6105.0,6105.0,6105.0,6105.0,0.0,0.0,0.0,0.0,0.0,0.0,,-1e-08,9337.0,0.775,-0.84889178,3.551e-05,19.94571964,-19.94571369,30.59,799088.73054623,2023-08-21 13:00:00+00:00,35000,26129.7
2023-08-21,14,BTC-230929-35000-P,BTCUSDT,P,230929-35000,6105.0,6105.0,6105.0,6105.0,0.0,0.0,0.0,0.0,0.0,0.0,,-1e-08,9349.0,0.775,-0.8495805,3.545e-05,19.86315529,-19.88453056,30.59,799027.25809237,2023-08-21 14:00:00+00:00,35000,26108.51
2023-08-21,15,BTC-230929-35000-P,BTCUSDT,P,230929-35000,6105.0,6105.0,6105.0,6105.0,0.0,0.0,8500.0,9420.0,3.89,5.3,,0.73462486,9088.0,0.44231243,-0.97771459,1.421e-05,4.47987993,-2.56229223,30.59,793872.9607461,2023-08-21 15:00:00+00:00,35000,25939.59
2023-08-21,16,BTC-230929-35000-P,BTCUSDT,P,230929-35000,6105.0,6105.0,6105.0,6105.0,0.0,0.0,195.0,9300.0,5.81,3.31,,0.70333481,9009.0,0.4266674,-0.98068234,1.302e-05,3.97853603,-2.19742541,30.59,795546.39846162,2023-08-21 16:00:00+00:00,35000,26015.43
2023-08-21,17,BTC-230929-35000-P,BTCUSDT,P,230929-35000,6105.0,6105.0,6105.0,6105.0,0.0,0.0,195.0,9300.0,5.81,3.31,,0.72179794,8978.0,0.43589897,-0.97793418,1.425e-05,4.45662854,-2.51745902,30.59,796670.75239991,2023-08-21 17:00:00+00:00,35000,26050.7
2023-08-21,18,BTC-230929-35000-P,BTCUSDT,P,230929-35000,6105.0,6105.0,6105.0,6105.0,0.0,0.0,195.0,9300.0,5.81,3.31,,0.71414948,8992.0,0.43207474,-0.97919769,1.369e-05,4.23502207,-2.37385362,30.59,796406.52875399,2023-08-21 18:00:00+00:00,35000,26034.18
2023-08-21,19,BTC-230929-35000-P,BTCUSDT,P,230929-35000,6105.0,6105.0,6105.0,6105.0,0.0,0.0,195.0,9300.0,5.81,3.31,,0.74455261,8938.0,0.44727631,-0.97430178,1.578e-05,5.06916062,-2.94456462,30.59,797994.08252298,2023-08-21 19:00:00+00:00,35000,26097.74
2023-08-21,20,BTC-230929-35000-P,BTCUSDT,P,230929-35000,6105.0,6105.0,6105.0,6105.0,0.0,0.0,195.0,9300.0,5.81,3.31,,0.74996948,8929.0,0.44998474,-0.97343271,1.613e-05,5.21147741,-3.04886406,30.59,798697.42057706,2023-08-21 20:00:00+00:00,35000,26105.6
2023-08-21,21,BTC-230929-35000-P,BTCUSDT,P,230929-35000,6105.0,6105.0,6105.0,6105.0,0.0,0.0,195.0,9140.0,5.81,4.12,,0.70465088,8831.0,0.42732544,-0.97834009,1.426e-05,4.40226352,-2.4484147,30.59,801439.55523855,2023-08-21 21:00:00+00:00,35000,26196.01
2023-08-21,22,BTC-230929-35000-P,BTCUSDT,P,230929-35000,6105.0,6105.0,6105.0,6105.0,0.0,0.0,195.0,9140.0,5.81,4.12,,0.67141533,8887.0,0.41070766,-0.98329998,1.193e-05,3.51844841,-1.88280559,30.59,799475.40451891,2023-08-21 22:00:00+00:00,35000,26132.0
2023-08-21,23,BTC-230929-35000-P,BTCUSDT,P,230929-35000,6105.0,6105.0,6105.0,6105.0,0.0,0.0,195.0,9265.0,5.81,4.38,,0.74101448,8908.0,0.44550724,-0.97460282,1.57e-05,5.01416743,-2.91371377,30.59,799193.30128474,2023-08-21 23:00:00+00:00,35000,26126.92
2023-08-22,0,BTC-230929-35000-P,BTCUSDT,P,230929-35000,6105.0,6105.0,6105.0,6105.0,0.0,0.0,195.0,9265.0,5.81,4.38,,0.7290554,8930.0,0.4395277,-0.97669764,1.483e-05,4.65736223,-2.67295639,30.59,798520.58012294,2023-08-22 00:00:00+00:00,35000,26100.11
2023-08-22,1,BTC-230929-35000-P,BTCUSDT,P,230929-35000,6105.0,6105.0,6105.0,6105.0,0.0,0.0,195.0,9265.0,5.81,4.38,,0.70439339,8974.0,0.42719669,-0.98060077,1.31e-05,3.97875171,-2.22184191,30.59,796883.42685399,2023-08-22 01:00:00+00:00,35000,26050.0
2023-08-22,2,BTC-230929-35000-P,BTCUSDT,P,230929-35000,6105.0,6105.0,6105.0,6105.0,0.0,0.0,195.0,9265.0,5.81,4.38,,0.71256638,8960.0,0.43128319,-0.97944857,1.362e-05,4.17848522,-2.35826811,30.59,797319.71084623,2023-08-22 02:00:00+00:00,35000,26065.61
2023-08-22,3,BTC-230929-35000-P,BTCUSDT,P,230929-35000,6105.0,6105.0,6105.0,6105.0,0.0,0.0,195.0,9265.0,5.81,4.38,,0.70800781,8969.0,0.42900391,-0.98020131,1.328e-05,4.04464633,-2.27314657,30.59,797040.63749741,2023-08-22 03:00:00+00:00,35000,26055.99
2023-08-22,4,BTC-230929-35000-P,BTCUSDT,P,230929-35000,6105.0,6105.0,6105.0,6105.0,0.0,0.0,7535.0,9390.0,1.5,2.36,,0.75875282,9020.0,0.45437641,-0.97422671,1.569e-05,5.04090817,-3.00389386,30.59,795790.54363851,2023-08-22 04:00:00+00:00,35000,26015.22
2023-08-22,5,BTC-230929-35000-P,BTCUSDT,P,230929-35000,6105.0,6105.0,6105.0,6105.0,0.0,0.0,195.0,9390.0,5.81,2.36,,0.77259064,8995.0,0.46129532,-0.97186929,1.662e-05,5.42617224,-3.28630253,30.59,796795.81507689,2023-08-22 05:00:00+00:00,35000,26041.39
2023-08-22,6,BTC-230929-35000-P,BTCUSDT,P,230929-35000,6105.0,6105.0,6105.0,6105.0,0.0,0.0,195.0,9280.0,3.64,4.61,,0.72484016,8959.0,0.43742008,-0.97807294,1.422e-05,4.40489721,-2.53247305,30.59,797281.67839987,2023-08-22 06:00:00+00:00,35000,26069.99
2023-08-22,7,BTC-230929-35000-P,BTCUSDT,P,230929-35000,6105.0,6105.0,6105.0,6105.0,0.0,0.0,8390.0,9280.0,4.44,4.61,,0.74293137,8927.0,0.44646568,-0.97519025,1.544e-05,4.89157269,-2.87357721,30.59,798599.76788452,2023-08-22 07:00:00+00:00,35000,26106.69
2023-08-22,8,BTC-230929-35000-P,BTCUSDT,P,230929-35000,6105.0,6105.0,6105.0,6105.0,0.0,0.0,8390.0,9280.0,4.44,4.61,,0.72160721,8966.0,0.4358036,-0.97872209,1.393e-05,4.28841756,-2.46178783,30.59,797169.43326908,2023-08-22 08:00:00+00:00,35000,26061.72
2023-08-22,9,BTC-230929-35000-P,BTCUSDT,P,230929-35000,6105.0,6105.0,6105.0,6105.0,0.0,0.0,8390.0,9300.0,4.44,5.73,,0.72703362,8979.0,0.43851681,-0.97827254,1.411e-05,4.3603207,-2.52141538,30.59,796884.6134768,2023-08-22 09:00:00+00:00,35000,26048.07
2023-08-22,10,BTC-230929-35000-P,BTCUSDT,P,230929-35000,6105.0,6105.0,6105.0,6105.0,0.0,0.0,8390.0,9300.0,4.44,5.73,,0.72687149,8980.0,0.43843575,-0.97837046,1.406e-05,4.34113863,-2.51262016,30.59,796787.60283838,2023-08-22 10:00:00+00:00,35000,26047.48
2023-08-22,11,BTC-230929-35000-P,BTCUSDT,P,230929-35000,6105.0,6105.0,6105.0,6105.0,0.0,0.0,8390.0,9300.0,4.44,5.73,,0.72879791,8978.0,0.43939896,-0.97814313,1.416e-05,4.3777506,-2.54217417,30.59,796870.82108452,2023-08-22 11:00:00+00:00,35000,26049.64
2023-08-22,12,BTC-230929-35000-P,BTCUSDT,P,230929-35000,6105.0,6105.0,6105.0,6105.0,0.0,0.0,8390.0,9305.0,4.44,4.17,,0.72987556,8982.0,0.43993778,-0.97812904,1.416e-05,4.37698579,-2.5476527,30.59,797222.40439241,2023-08-22 12:00:00+00:00,35000,26044.94
2023-08-22,13,BTC-230929-35000-P,BTCUSDT,P,230929-35000,6105.0,6105.0,6105.0,6105.0,0.0,0.0,8390.0,9365.0,4.44,3.68,,0.74205399,9029.0,0.44602699,-0.97726828,1.447e-05,4.51155042,-2.66526179,30.59,795470.88150004,2023-08-22 13:00:00+00:00,35000,25998.93
2023-08-22,14,BTC-230929-35000-P,BTCUSDT,P,230929-35000,6105.0,6105.0,6105.0,6105.0,0.0,0.0,8390.0,9380.0,4.44,2.94,,0.74727058,9037.0,0.44863529,-0.97676161,1.466e-05,4.59224904,-2.73181572,30.59,795181.90012303,2023-08-22 14:00:00+00:00,35000,25994.21
2023-08-22,15,BTC-230929-35000-P,BTCUSDT,P,230929-35000,6105.0,6105.0,6105.0,6105.0,0.0,0.0,8450.0,9380.0,4.72,2.94,,0.72108269,9083.0,0.43554134,-0.98081145,1.288e-05,3.89541055,-2.25213959,30.59,793771.82550013,2023-08-22 15:00:00+00:00,35000,25936.61
2023-08-22,16,BTC-230929-35000-P,BTCUSDT,P,230929-35000,6105.0,6105.0,6105.0,6105.0,0.0,0.0,190.0,9380.0,3.51,2.94,,0.76036453,9015.0,0.45518227,-0.97476137,1.549e-05,4.92141978,-2.97693331,30.59,795820.33695377,2023-08-22 16:00:00+00:00,35000,26020.01
2023-08-22,17,BTC-230929-35000-P,BTCUSDT,P,230929-35000,6105.0,6105.0,6105.0,6105.0,0.0,0.0,190.0,9515.0,3.51,4.95,,0.74525833,9194.0,0.44762917,-0.97946116,1.335e-05,4.10494988,-2.44456061,30.59,790186.15646158,2023-08-22 17:00:00+00:00,35000,25832.42
2023-08-22,18,BTC-230929-35000-P,BTCUSDT,P,230929-35000,6105.0,6105.0,6105.0,6105.0,0.0,0.0,190.0,9385.0,3.51,2.3,,0.70595741,9115.0,0.42797871,-0.98314767,1.177e-05,3.47664436,-1.98170383,30.59,792471.25299232,2023-08-22 18:00:00+00:00,35000,25905.6
2023-08-22,19,BTC-230929-35000-P,BTCUSDT,P,230929-35000,6105.0,6105.0,6105.0,6105.0,0.0,0.0,190.0,9635.0,3.51,3.4,,0.78849792,9254.0,0.46924896,-0.97485671,1.515e-05,4.8527299,-3.03618369,30.59,788672.41199219,2023-08-22 19:00:00+00:00,35000,25779.99
2023-08-22,20,BTC-230929-35000-P,BTCUSDT,P,230929-35000,6105.0,6105.0,6105.0,6105.0,0.0,0.0,190.0,9510.0,3.51,2.1,,0.76167107,9162.0,0.45583553,-0.97710984,1.437e-05,4.49737355,-2.73645655,30.59,791267.14319241,2023-08-22 20:00:00+00:00,35000,25864.01
2023-08-22,21,BTC-230929-35000-P,BTCUSDT,P,230929-35000,6105.0,6105.0,6105.0,6105.0,0.0,0.0,0.0,9690.0,0.0,4.87,,0.76505661,9698.0,0.77002831,-0.87173937,3.312e-05,17.22314741,-17.72245912,30.59,783796.55423846,2023-08-22 21:00:00+00:00,35000,25669.29
2023-08-22,22,BTC-230929-35000-P,BTCUSDT,P,230929-35000,6105.0,6105.0,6105.0,6105.0,0.0,0.0,0.0,9690.0,0.0,4.87,,0.83097458,9636.0,0.80298729,-0.8548047,3.44e-05,18.83963492,-20.23810394,30.59,789605.34312303,2023-08-22 22:00:00+00:00,35000,25807.99
2023-08-22,23,BTC-230929-35000-P,BTCUSDT,P,230929-35000,6105.0,6105.0,6105.0,6105.0,0.0,0.0,0.0,9380.0,0.0,4.88,,0.7791996,9376.0,0.7770998,-0.85622476,3.5e-05,18.88303659,-19.65267779,30.59,796835.10137706,2023-08-22 23:00:00+00:00,35000,26056.0
2023-08-23,0,BTC-230929-35000-P,BTCUSDT,P,230929-35000,6105.0,6105.0,6105.0,6105.0,0.0,0.0,0.0,9200.0,0.0,4.09,,0.66821098,9284.0,0.72160549,-0.87820784,3.365e-05,16.82736726,-16.28073768,30.59,796739.59334605,2023-08-23 00:00:00+00:00,35000,26040.38
2023-08-23,1,BTC-230929-35000-P,BTCUSDT,P,230929-35000,6105.0,6105.0,6105.0,6105.0,0.0,0.0,0.0,9200.0,0.0,4.09,,0.67310333,9281.0,0.72405167,-0.87715806,3.375e-05,16.92442419,-16.44852849,30.59,796912.82350781,2023-08-23 01:00:00+00:00,35000,26049.41
2023-08-23,2,BTC-230929-35000-P,BTCUSDT,P,230929-35000,6105.0,6105.0,6105.0,6105.0,0.0,0.0,7515.0,9355.0,1.5,5.6,,0.76336861,8989.0,0.4566843,-0.97463394,1.558e-05,4.91976521,-3.0191877,30.59,796748.22577706,2023-08-23 02:00:00+00:00,35000,26044.42
2023-08-23,3,BTC-230929-35000-P,BTCUSDT,P,230929-35000,6105.0,6105.0,6105.0,6105.0,0.0,0.0,0.0,9355.0,0.0,5.6,,0.74461937,9381.0,0.75980968,-0.86516835,3.44e-05,18.00223822,-18.40126101,30.59,795549.09105399,2023-08-23 03:00:00+00:00,35000,26006.32
2023-08-23,4,BTC-230929-35000-P,BTCUSDT,P,230929-35000,6105.0,6105.0,6105.0,6105.0,0.0,0.0,0.0,9355.0,0.0,5.6,,0.76691628,9362.0,0.77095814,-0.85948602,3.484e-05,18.53848822,-19.24901535,30.59,797004.73805382,2023-08-23 04:00:00+00:00,35000,26050.01
2023-08-23,5,BTC-230929-35000-P,BTCUSDT,P,230929-35000,6105.0,6105.0,6105.0,6105.0,0.0,0.0,0.0,9355.0,0.0,5.6,,0.76478958,9364.0,0.76989479,-0.86024925,3.478e-05,18.4557839,-19.15821228,30.59,796540.18688447,2023-08-23 05:00:00+00:00,35000,26042.01
2023-08-23,6,BTC-230929-35000-P,BTCUSDT,P,230929-35000,6105.0,6105.0,6105.0,6105.0,0.0,0.0,8385.0,9355.0,2.18,5.6,,0.77299118,8974.0,0.46149559,-0.97332588,1.61e-05,5.12292379,-3.19127919,30.59,797577.74589991,2023-08-23 06:00:00+00:00,35000,26064.0
2023-08-23,7,BTC-230929-35000-P,BTCUSDT,P,230929-35000,6105.0,6105.0,6105.0,6105.0,0.0,0.0,8375.0,9355.0,4.36,5.6,,0.7707119,8979.0,0.46035595,-0.97380682,1.591e-05,5.04164519,-3.13641977,30.59,797052.08868465,2023-08-23 07:00:00+00:00,35000,26057.13
2023-08-23,8,BTC-230929-35000-P,BTCUSDT,P,230929-35000,6105.0,6105.0,6105.0,6105.0,0.0,0.0,8380.0,9955.0,1.5,1.5,,1.03465557,9103.0,0.59232779,-0.9299119,2.739e-05,11.1353932,-8.92329298,30.59,796361.05050004,2023-08-23 08:00:00+00:00,35000,26037.99
2023-08-23,9,BTC-230929-35000-P,BTCUSDT,P,230929-35000,6105.0,6105.0,6105.0,6105.0,0.0,0.0,8410.0,9310.0,1.5,5.77,,0.73915482,8986.0,0.44457741,-0.97832804,1.408e-05,4.29202633,-2.58438466,30.59,796657.32641526,2023-08-23 09:00:00+00:00,35000,26042.01
2023-08-23,10,BTC-230929-35000-P,BTCUSDT,P,230929-35000,6105.0,6105.0,6105.0,6105.0,0.0,0.0,8410.0,9310.0,1.5,5.77,,0.6993866,9052.0,0.4246933,-0.98398099,1.143e-05,3.3070911,-1.90440541,30.59,794346.81329224,2023-08-23 10:00:00+00:00,35000,25965.99
2023-08-23,11,BTC-230929-35000-P,BTCUSDT,P,230929-35000,6105.0,6105.0,6105.0,6105.0,0.0,0.0,8410.0,9310.0,1.5,5.77,,0.68317413,9076.0,0.41658707,-0.9860143,1.039e-05,2.93804757,-1.66147362,30.59,793514.68797693,2023-08-23 11:00:00+00:00,35000,25939.49
2023-08-23,12,BTC-230929-35000-P,BTCUSDT,P,230929-35000,6105.0,6105.0,6105.0,6105.0,0.0,0.0,8545.0,9470.0,1.5,5.46,,0.73246002,9178.0,0.44123001,-0.98190537,1.228e-05,3.64858885,-2.1878139,30.59,790577.04960009,2023-08-23 12:00:00+00:00,35000,25844.01
2023-08-23,13,BTC-230929-35000-P,BTCUSDT,P,230929-35000,6105.0,6105.0,6105.0,6105.0,0.0,0.0,8420.0,9470.0,1.5,5.46,,0.81670761,9028.0,0.48335381,-0.96832747,1.783e-05,5.87553524,-3.86389309,30.59,795812.79366167,2023-08-23 13:00:00+00:00,35000,26018.22
2023-08-23,14,BTC-230929-35000-P,BTCUSDT,P,230929-35000,6105.0,6105.0,6105.0,6105.0,0.0,0.0,8420.0,9315.0,1.5,2.94,,0.74586868,8984.0,0.44793434,-0.97774906,1.432e-05,4.37681363,-2.67040796,30.59,797068.45601526,2023-08-23 14:00:00+00:00,35000,26041.99
2023-08-23,15,BTC-230929-35000-P,BTCUSDT,P,230929-35000,6105.0,6105.0,6105.0,6105.0,0.0,0.0,8315.0,9250.0,1.5,2.52,,0.75801849,8890.0,0.45400925,-0.97473057,1.568e-05,4.88666615,-3.02535125,30.59,799629.50254357,2023-08-23 15:00:00+00:00,35000,26144.0
2023-08-23,16,BTC-230929-35000-P,BTCUSDT,P,230929-35000,6105.0,6105.0,6105.0,6105.0,0.0,0.0,7230.0,9025.0,1.5,2.17,,0.75530052,8641.0,0.45265026,-0.97096469,1.749e-05,5.53765243,-3.42200549,30.59,807445.62182109,2023-08-23 16:00:00+00:00,35000,26396.0
2023-08-23,17,BTC-230929-35000-P,BTCUSDT,P,230929-35000,6105.0,6105.0,6105.0,6105.0,0.0,0.0,7230.0,8820.0,1.5,3.44,,0.71192741,8489.0,0.43096371,-0.97494263,1.617e-05,4.92069174,-2.89836749,30.59,812177.49535178,2023-08-23 17:00:00+00:00,35000,26539.34
2023-08-23,18,BTC-230929-35000-P,BTCUSDT,P,230929-35000,6105.0,6105.0,6105.0,6105.0,0.0,0.0,7230.0,8820.0,1.5,3.44,,0.671978,8557.0,0.410989,-0.98145164,1.32e-05,3.80282024,-2.13854065,30.59,809591.96017426,2023-08-23 18:00:00+00:00,35000,26462.97
2023-08-23,19,BTC-230929-35000-P,BTCUSDT,P,230929-35000,6105.0,6105.0,6105.0,6105.0,0.0,0.0,6925.0,8700.0,1.5,4.84,,0.69173813,8392.0,0.42086906,-0.97641671,1.57e-05,4.68784068,-2.70269383,30.59,815207.15414357,2023-08-23 19:00:00+00:00,35000,26632.0
2023-08-23,20,BTC-230929-35000-P,BTCUSDT,P,230929-35000,6105.0,6105.0,6105.0,6105.0,0.0,0.0,6925.0,8700.0,1.5,4.84,,0.6700325,8429.0,0.41001625,-0.980036,1.403e-05,4.06346755,-2.28491959,30.59,813527.18013426,2023-08-23 20:00:00+00:00,35000,26593.59
2023-08-23,21,BTC-230929-35000-P,BTCUSDT,P,230929-35000,6105.0,6105.0,6105.0,6105.0,0.0,0.0,7255.0,9010.0,1.5,4.07,,0.71068764,8707.0,0.43034382,-0.97877287,1.423e-05,4.23343145,-2.50136908,30.59,804167.28072465,2023-08-23 21:00:00+00:00,35000,26320.02
2023-08-23,22,BTC-230929-35000-P,BTCUSDT,P,230929-35000,6105.0,6105.0,6105.0,6105.0,0.0,0.0,7255.0,9010.0,1.5,4.07,,0.77439308,8592.0,0.46219654,-0.9675232,1.882e-05,6.06770106,-3.85494096,30.59,809200.33979643,2023-08-23 22:00:00+00:00,35000,26456.0
2023-08-23,23,BTC-230929-35000-P,BTCUSDT,P,230929-35000,6105.0,6105.0,6105.0,6105.0,0.0,0.0,7255.0,8940.0,1.5,2.7,,0.72878838,8599.0,0.43939419,-0.97473042,1.609e-05,4.91844114,-2.97403728,30.59,808655.40953643,2023-08-23 23:00:00+00:00,35000,26432.72
2023-08-24,0,BTC-230929-35000-P,BTCUSDT,P,230929-35000,6105.0,6105.0,6105.0,6105.0,0.0,0.0,7190.0,8940.0,1.5,2.7,,0.76522827,8531.0,0.45761414,-0.96800965,1.876e-05,5.99912671,-3.78225163,30.59,810422.35631426,2023-08-24 00:00:00+00:00,35000,26513.66
2023-08-24,1,BTC-230929-35000-P,BTCUSDT,P,230929-35000,6105.0,6105.0,6105.0,6105.0,0.0,0.0,7190.0,9070.0,1.5,3.71,,0.76054573,8689.0,0.45527287,-0.97173881,1.713e-05,5.37667582,-3.37635011,30.59,806127.76503426,2023-08-24 01:00:00+00:00,35000,26348.01
2023-08-24,2,BTC-230929-35000-P,BTCUSDT,P,230929-35000,6105.0,6105.0,6105.0,6105.0,0.0,0.0,7190.0,8940.0,1.5,5.32,,0.70053101,8649.0,0.4252655,-0.97958227,1.395e-05,4.09337468,-2.40382575,30.59,806868.21217891,2023-08-24 02:00:00+00:00,35000,26374.5
2023-08-24,3,BTC-230929-35000-P,BTCUSDT,P,230929-35000,6105.0,6105.0,6105.0,6105.0,0.0,0.0,7190.0,8940.0,1.5,5.32,,0.7345295,8591.0,0.44226475,-0.97406792,1.637e-05,5.01624509,-3.06706128,30.59,808924.75988465,2023-08-24 03:00:00+00:00,35000,26442.01
2023-08-24,4,BTC-230929-35000-P,BTCUSDT,P,230929-35000,6105.0,6105.0,6105.0,6105.0,0.0,0.0,7190.0,8940.0,1.5,5.32,,0.74132919,8580.0,0.4456646,-0.97294125,1.683e-05,5.19738269,-3.20593594,30.59,809449.96435201,2023-08-24 04:00:00+00:00,35000,26456.13
2023-08-24,5,BTC-230929-35000-P,BTCUSDT,P,230929-35000,6105.0,6105.0,6105.0,6105.0,0.0,0.0,7205.0,8940.0,1.5,5.32,,0.72303772,8613.0,0.43651886,-0.97621167,1.546e-05,4.65619419,-2.8164193,30.59,808067.04147643,2023-08-24 05:00:00+00:00,35000,26421.67
2023-08-24,6,BTC-230929-35000-P,BTCUSDT,P,230929-35000,6105.0,6105.0,6105.0,6105.0,0.0,0.0,8045.0,8985.0,1.5,3.51,,0.76185226,8594.0,0.45592613,-0.97023007,1.784e-05,5.61870273,-3.55382092,30.59,809289.05079643,2023-08-24 06:00:00+00:00,35000,26447.35
2023-08-24,7,BTC-230929-35000-P,BTCUSDT,P,230929-35000,6105.0,6105.0,6105.0,6105.0,0.0,0.0,8040.0,8985.0,2.3,3.51,,0.77523232,8569.0,0.46261616,-0.96772392,1.879e-05,6.0105707,-3.86192531,30.59,809913.44894655,2023-08-24 07:00:00+00:00,35000,26477.38
2023-08-24,8,BTC-230929-35000-P,BTCUSDT,P,230929-35000,6105.0,6105.0,6105.0,6105.0,0.0,0.0,8045.0,8985.0,1.5,3.51,,0.77736855,8566.0,0.46368427,-0.96740058,1.891e-05,6.05759029,-3.90564326,30.59,809642.24653535,2023-08-24 08:00:00+00:00,35000,26494.87
2023-08-24,9,BTC-230929-35000-P,BTCUSDT,P,230929-35000,6105.0,6105.0,6105.0,6105.0,0.0,0.0,8045.0,8915.0,1.5,4.55,,0.72169304,8590.0,0.43584652,-0.97631895,1.545e-05,4.63177341,-2.81031323,30.59,808796.25526921,2023-08-24 09:00:00+00:00,35000,26440.75
2023-08-24,10,BTC-230929-35000-P,BTCUSDT,P,230929-35000,6105.0,6105.0,6105.0,6105.0,0.0,0.0,8045.0,8980.0,1.5,2.41,,0.77371597,8569.0,0.46185799,-0.96822188,1.862e-05,5.92342536,-3.81293439,30.59,809798.40719996,2023-08-24 10:00:00+00:00,35000,26475.98
2023-08-24,11,BTC-230929-35000-P,BTCUSDT,P,230929-35000,6105.0,6105.0,6105.0,6105.0,0.0,0.0,8045.0,8905.0,1.5,3.49,,0.71961403,8584.0,0.43480701,-0.97665071,1.532e-05,4.57278479,-2.77434176,30.59,809573.01268452,2023-08-24 11:00:00+00:00,35000,26444.02
2023-08-24,12,BTC-230929-35000-P,BTCUSDT,P,230929-35000,6105.0,6105.0,6105.0,6105.0,0.0,0.0,8150.0,9015.0,1.5,5.13,,0.75475693,8646.0,0.45237846,-0.97271386,1.682e-05,5.19663318,-3.28406637,30.59,807404.23883092,2023-08-24 12:00:00+00:00,35000,26390.08
2023-08-24,13,BTC-230929-35000-P,BTCUSDT,P,230929-35000,6105.0,6105.0,6105.0,6105.0,0.0,0.0,8150.0,9075.0,1.5,4.18,,0.77082634,8685.0,0.46041317,-0.97107819,1.738e-05,5.44412938,-3.50566161,30.59,806280.88999224,2023-08-24 13:00:00+00:00,35000,26356.52
2023-08-24,14,BTC-230929-35000-P,BTCUSDT,P,230929-35000,6105.0,6105.0,6105.0,6105.0,0.0,0.0,8390.0,9320.0,1.5,4.73,,0.79619408,8917.0,0.47309704,-0.97148233,1.688e-05,5.3303085,-3.5310418,30.59,799274.43537697,2023-08-24 14:00:00+00:00,35000,26116.05
2023-08-24,15,BTC-230929-35000-P,BTCUSDT,P,230929-35000,6105.0,6105.0,6105.0,6105.0,0.0,0.0,195.0,9320.0,2.28,4.73,,0.73479652,9025.0,0.44239826,-0.98127998,1.273e-05,3.71982639,-2.30697784,30.59,795391.28026934,2023-08-24 15:00:00+00:00,35000,25996.34
2023-08-24,16,BTC-230929-35000-P,BTCUSDT,P,230929-35000,6105.0,6105.0,6105.0,6105.0,0.0,0.0,195.0,9320.0,2.28,4.73,,0.79352379,8924.0,0.47176189,-0.97214495,1.662e-05,5.21932119,-3.45582604,30.59,798662.45049224,2023-08-24 16:00:00+00:00,35000,26115.0
2023-08-24,17,BTC-230929-35000-P,BTCUSDT,P,230929-35000,6105.0,6105.0,6105.0,6105.0,0.0,0.0,0.0,0.0,0.0,0.0,,-1e-08,9336.0,0.775,-0.864042,3.46e-05,17.74894582,-19.32847101,30.59,796389.65383066,2023-08-24 17:00:00+00:00,35000,26059.99
2023-08-24,18,BTC-230929-35000-P,BTCUSDT,P,230929-35000,6105.0,6105.0,6105.0,6105.0,0.0,0.0,0.0,0.0,0.0,0.0,,-1e-08,9365.0,0.775,-0.86541157,3.443e-05,17.59238776,-19.18043996,30.59,795972.40959219,2023-08-24 18:00:00+00:00,35000,26021.25
2023-08-24,19,BTC-230929-35000-P,BTCUSDT,P,230929-35000,6105.0,6105.0,6105.0,6105.0,0.0,0.0,0.0,0.0,0.0,0.0,,-1e-08,9375.0,0.775,-0.86599425,3.436e-05,17.52169967,-19.1257927,30.59,796197.66292316,2023-08-24 19:00:00+00:00,35000,26039.44
2023-08-24,20,BTC-230929-35000-P,BTCUSDT,P,230929-35000,6105.0,6105.0,6105.0,6105.0,0.0,0.0,0.0,0.0,0.0,0.0,,-1e-08,9355.0,0.775,-0.86541378,3.446e-05,17.5782246,-19.21003941,30.59,795924.43707706,2023-08-24 20:00:00+00:00,35000,26031.99
2023-08-24,21,BTC-230929-35000-P,BTCUSDT,P,230929-35000,6105.0,6105.0,6105.0,6105.0,0.0,0.0,0.0,0.0,0.0,0.0,,-1e-08,9298.0,0.775,-0.86332885,3.476e-05,17.79836082,-19.4734943,30.59,798274.77098465,2023-08-24 21:00:00+00:00,35000,26095.0
2023-08-24,22,BTC-230929-35000-P,BTCUSDT,P,230929-35000,6105.0,6105.0,6105.0,6105.0,0.0,0.0,0.0,0.0,0.0,0.0,,-1e-08,9276.0,0.775,-0.8626356,3.486e-05,17.86649994,-19.57107127,30.59,799020.25936925,2023-08-24 22:00:00+00:00,35000,26119.71
2023-08-24,23,BTC-230929-35000-P,BTCUSDT,P,230929-35000,6105.0,6105.0,6105.0,6105.0,0.0,0.0,0.0,0.0,0.0,0.0,,-1e-08,9224.0,0.775,-0.8607285,3.513e-05,18.0655991,-19.81250195,30.59,800797.10473092,2023-08-24 23:00:00+00:00,35000,26180.05
2023-08-25,0,BTC-230929-35000-P,BTCUSDT,P,230929-35000,6105.0,6105.0,6105.0,6105.0,0.0,0.0,0.0,9180.0,0.0,3.24,,0.72932243,9218.0,0.75216122,-0.87099586,3.442e-05,17.10315736,-18.22572954,30.59,799740.38158461,2023-08-25 00:00:00+00:00,35000,26138.63
2023-08-25,1,BTC-230929-35000-P,BTCUSDT,P,230929-35000,6105.0,6105.0,6105.0,6105.0,0.0,0.0,0.0,9180.0,0.0,3.24,,0.7341671,9214.0,0.75458355,-0.8699577,3.451e-05,17.19364791,-18.40289307,30.59,799676.3919341,2023-08-25 01:00:00+00:00,35000,26148.76
2023-08-25,2,BTC-230929-35000-P,BTCUSDT,P,230929-35000,6105.0,6105.0,6105.0,6105.0,0.0,0.0,0.0,9180.0,0.0,3.24,,0.72590828,9220.0,0.75045414,-0.87225632,3.431e-05,16.96180314,-18.0767591,30.59,799430.66960013,2023-08-25 02:00:00+00:00,35000,26130.96
2023-08-25,3,BTC-230929-35000-P,BTCUSDT,P,230929-35000,6105.0,6105.0,6105.0,6105.0,0.0,0.0,0.0,9180.0,0.0,3.24,,0.71178436,9230.0,0.74339218,-0.87600471,3.398e-05,16.5868272,-17.53153592,30.59,798512.46179481,2023-08-25 03:00:00+00:00,35000,26106.0
2023-08-25,4,BTC-230929-35000-P,BTCUSDT,P,230929-35000,6105.0,6105.0,6105.0,6105.0,0.0,0.0,0.0,9180.0,0.0,3.24,,0.66291809,9260.0,0.71895905,-0.88811256,3.279e-05,15.36823445,-15.72829542,30.59,796169.69828452,2023-08-25 04:00:00+00:00,35000,26026.08
2023-08-25,5,BTC-230929-35000-P,BTCUSDT,P,230929-35000,6105.0,6105.0,6105.0,6105.0,0.0,0.0,0.0,9180.0,0.0,3.24,,0.68451881,9247.0,0.72975941,-0.88310162,3.331e-05,15.86523491,-16.50042841,30.59,797167.47013075,2023-08-25 05:00:00+00:00,35000,26059.99
2023-08-25,6,BTC-230929-35000-P,BTCUSDT,P,230929-35000,6105.0,6105.0,6105.0,6105.0,0.0,0.0,8435.0,9325.0,1.5,2.56,,0.75509071,9008.0,0.45254536,-0.97957116,1.351e-05,3.97406149,-2.56614861,30.59,796090.5071614,2023-08-25 06:00:00+00:00,35000,26015.37
2023-08-25,7,BTC-230929-35000-P,BTCUSDT,P,230929-35000,6105.0,6105.0,6105.0,6105.0,0.0,0.0,8430.0,9330.0,4.97,6.0,,0.73816299,9042.0,0.4440815,-0.98206812,1.235e-05,3.54987282,-2.25204616,30.59,794618.89621548,2023-08-25 07:00:00+00:00,35000,25980.5
2023-08-25,8,BTC-230929-35000-P,BTCUSDT,P,230929-35000,6105.0,6105.0,6105.0,6105.0,0.0,0.0,8425.0,9330.0,1.5,6.0,,0.79538345,8945.0,0.47269173,-0.97350418,1.608e-05,4.9543754,-3.34954682,30.59,798078.96809237,2023-08-25 08:00:00+00:00,35000,26093.51
2023-08-25,9,BTC-230929-35000-P,BTCUSDT,P,230929-35000,6105.0,6105.0,6105.0,6105.0,0.0,0.0,8425.0,25715.0,1.5,1.5,,6.57783508,9303.0,0.775,-0.86598582,3.456e-05,17.42484517,-19.33782893,30.59,797828.12000776,2023-08-25 09:00:00+00:00,35000,26079.98
2023-08-25,10,BTC-230929-35000-P,BTCUSDT,P,230929-35000,6105.0,6105.0,6105.0,6105.0,0.0,0.0,8365.0,9245.0,1.5,3.42,,0.74612617,8936.0,0.44806309,-0.97993428,1.344e-05,3.91543834,-2.5152155,30.59,798061.57885386,2023-08-25 10:00:00+00:00,35000,26088.01
2023-08-25,11,BTC-230929-35000-P,BTCUSDT,P,230929-35000,6105.0,6105.0,6105.0,6105.0,0.0,0.0,8365.0,25720.0,1.5,1.5,,6.58979416,9283.0,0.775,-0.86561695,3.464e-05,17.45077983,-19.41294241,30.59,798368.83691526,2023-08-25 11:00:00+00:00,35000,26096.4
2023-08-25,12,BTC-230929-35000-P,BTCUSDT,P,230929-35000,6105.0,6105.0,6105.0,6105.0,0.0,0.0,8350.0,9230.0,1.5,3.82,,0.74790955,8918.0,0.44895477,-0.97959545,1.361e-05,3.96953117,-2.56115838,30.59,798611.81563855,2023-08-25 12:00:00+00:00,35000,26108.69
2023-08-25,13,BTC-230929-35000-P,BTCUSDT,P,230929-35000,6105.0,6105.0,6105.0,6105.0,0.0,0.0,8250.0,9120.0,1.5,5.48,,0.65086365,8939.0,0.40043182,-0.98988204,8.36e-06,2.1660488,-1.24799221,30.59,797391.4326307,2023-08-25 13:00:00+00:00,35000,26068.33
2023-08-25,14,BTC-230929-35000-P,BTCUSDT,P,230929-35000,6105.0,6105.0,6105.0,6105.0,0.0,0.0,8615.0,9530.0,4.82,5.31,,0.7841301,9196.0,0.46706505,-0.97917767,1.347e-05,3.9907517,-2.68514768,30.59,790608.5774693,2023-08-25 14:00:00+00:00,35000,25833.58
2023-08-25,15,BTC-230929-35000-P,BTCUSDT,P,230929-35000,6105.0,6105.0,6105.0,6105.0,0.0,0.0,8515.0,9410.0,1.5,3.88,,0.76705933,9090.0,0.45852966,-0.97984179,1.33e-05,3.89594744,-2.57654837,30.59,793006.54101544,2023-08-25 15:00:00+00:00,35000,25932.01
2023-08-25,16,BTC-230929-35000-P,BTCUSDT,P,230929-35000,6105.0,6105.0,6105.0,6105.0,0.0,0.0,8515.0,25550.0,1.5,1.5,,6.51771545,9423.0,0.775,-0.8721631,3.378e-05,16.70162386,-18.69134176,30.59,793063.4350539,2023-08-25 16:00:00+00:00,35000,25935.33
2023-08-25,17,BTC-230929-35000-P,BTCUSDT,P,230929-35000,6105.0,6105.0,6105.0,6105.0,0.0,0.0,7695.0,25565.0,1.5,1.5,,6.52448654,9461.0,0.775,-0.87383137,3.355e-05,16.51133287,-18.5006439,30.59,791887.46469246,2023-08-25 17:00:00+00:00,35000,25890.0
2023-08-25,18,BTC-230929-35000-P,BTCUSDT,P,230929-35000,6105.0,6105.0,6105.0,6105.0,0.0,0.0,190.0,26150.0,5.99,3.07,,6.81312561,9319.0,0.775,-0.86849278,3.433e-05,17.08918933,-19.17121924,30.59,796890.99031531,2023-08-25 18:00:00+00:00,35000,26052.01
2023-08-25,19,BTC-230929-35000-P,BTCUSDT,P,230929-35000,6105.0,6105.0,6105.0,6105.0,0.0,0.0,7605.0,25655.0,1.5,1.5,,6.5807724,9386.0,0.775,-0.87133329,3.394e-05,16.77227312,-18.83841639,30.59,794602.96588474,2023-08-25 19:00:00+00:00,35000,25972.36
2023-08-25,20,BTC-230929-35000-P,BTCUSDT,P,230929-35000,6105.0,6105.0,6105.0,6105.0,0.0,0.0,7525.0,9995.0,1.5,1.5,,1.09509945,9092.0,0.62254972,-0.92591623,2.813e-05,11.22920403,-10.14375168,30.59,797243.37030763,2023-08-25 20:00:00+00:00,35000,26060.84
2023-08-25,21,BTC-230929-35000-P,BTCUSDT,P,230929-35000,6105.0,6105.0,6105.0,6105.0,0.0,0.0,7525.0,25655.0,1.5,1.5,,6.59826279,9291.0,0.775,-0.86798725,3.445e-05,17.12313007,-19.27906248,30.59,797778.023,2023-08-25 21:00:00+00:00,35000,26081.86
2023-08-25,22,BTC-230929-35000-P,BTCUSDT,P,230929-35000,6105.0,6105.0,6105.0,6105.0,0.0,0.0,7525.0,25660.0,1.5,1.5,,6.60207748,9314.0,0.775,-0.86912626,3.43e-05,16.99240533,-19.15506865,30.59,796786.81287702,2023-08-25 22:00:00+00:00,35000,26053.98
2023-08-25,23,BTC-230929-35000-P,BTCUSDT,P,230929-35000,6105.0,6105.0,6105.0,6105.0,0.0,0.0,7525.0,25660.0,1.5,1.5,,6.60667419,9308.0,0.775,-0.86906918,3.432e-05,16.9916382,-19.17744928,30.59,797173.32256917,2023-08-25 23:00:00+00:00,35000,26060.01
2023-08-26,0,BTC-230929-35000-P,BTCUSDT,P,230929-35000,6105.0,6105.0,6105.0,6105.0,0.0,0.0,195.0,26160.0,5.19,5.3,,6.84171677,9324.0,0.775,-0.86992017,3.421e-05,16.89212953,-19.08830518,30.59,796571.88955382,2023-08-26 00:00:00+00:00,35000,26040.27
2023-08-26,1,BTC-230929-35000-P,BTCUSDT,P,230929-35000,6105.0,6105.0,6105.0,6105.0,0.0,0.0,7540.0,26165.0,1.5,4.43,,6.84886932,9317.0,0.775,-0.86985092,3.424e-05,16.89272018,-19.11219521,30.59,796791.10892316,2023-08-26 01:00:00+00:00,35000,26046.0
2023-08-26,2,BTC-230929-35000-P,BTCUSDT,P,230929-35000,6105.0,6105.0,6105.0,6105.0,0.0,0.0,7520.0,26210.0,1.5,2.53,,6.87681198,9292.0,0.775,-0.8690788,3.436e-05,16.96962292,-19.22258706,30.59,797710.05941544,2023-08-26 02:00:00+00:00,35000,26076.01
2023-08-26,3,BTC-230929-35000-P,BTCUSDT,P,230929-35000,6105.0,6105.0,6105.0,6105.0,0.0,0.0,7500.0,25710.0,1.5,1.5,,6.64808273,9281.0,0.775,-0.86884894,3.441e-05,16.98754009,-19.26634992,30.59,798001.38378456,2023-08-26 03:00:00+00:00,35000,26087.15
2023-08-26,4,BTC-230929-35000-P,BTCUSDT,P,230929-35000,6105.0,6105.0,6105.0,6105.0,0.0,0.0,195.0,26210.0,5.19,2.53,,6.88512802,9291.0,0.775,-0.86946257,3.434e-05,16.91398551,-19.20635065,30.59,797562.70424935,2023-08-26 04:00:00+00:00,35000,26076.0
2023-08-26,5,BTC-230929-35000-P,BTCUSDT,P,230929-35000,6105.0,6105.0,6105.0,6105.0,0.0,0.0,7535.0,26210.0,1.5,2.53,,6.88829422,9301.0,0.775,-0.87005459,3.426e-05,16.84274407,-19.14883455,30.59,797247.75375399,2023-08-26 05:00:00+00:00,35000,26062.0
2023-08-26,6,BTC-230929-35000-P,BTCUSDT,P,230929-35000,6105.0,6105.0,6105.0,6105.0,0.0,0.0,195.0,26210.0,5.19,2.53,,6.89397812,9285.0,0.775,-0.86964425,3.434e-05,16.88028291,-19.21500339,30.59,797746.00098452,2023-08-26 06:00:00+00:00,35000,26079.88
2023-08-26,7,BTC-230929-35000-P,BTCUSDT,P,230929-35000,6105.0,6105.0,6105.0,6105.0,0.0,0.0,195.0,26210.0,5.19,2.53,,6.89569473,9310.0,0.775,-0.87081528,3.418e-05,16.74619617,-19.08573179,30.59,796837.76371531,2023-08-26 07:00:00+00:00,35000,26050.81
2023-08-26,8,BTC-230929-35000-P,BTCUSDT,P,230929-35000,6105.0,6105.0,6105.0,6105.0,0.0,0.0,7575.0,25710.0,1.5,1.5,,6.66452408,9316.0,0.775,-0.87125239,3.413e-05,16.69174782,-19.04701863,30.59,796629.90634623,2023-08-26 08:00:00+00:00,35000,26041.9
2023-08-26,9,BTC-230929-35000-P,BTCUSDT,P,230929-35000,6105.0,6105.0,6105.0,6105.0,0.0,0.0,7580.0,26210.0,1.5,2.53,,6.90114975,9339.0,0.775,-0.87235112,3.399e-05,16.56526577,-18.92591144,30.59,795844.88626908,2023-08-26 09:00:00+00:00,35000,26015.41
2023-08-26,10,BTC-230929-35000-P,BTCUSDT,P,230929-35000,6105.0,6105.0,6105.0,6105.0,0.0,0.0,7565.0,26210.0,1.5,2.53,,6.90711975,9320.0,0.775,-0.87184944,3.407e-05,16.61298649,-19.0037788,30.59,796418.95189382,2023-08-26 10:00:00+00:00,35000,26035.15
2023-08-26,11,BTC-230929-35000-P,BTCUSDT,P,230929-35000,6105.0,6105.0,6105.0,6105.0,0.0,0.0,195.0,26210.0,5.19,2.53,,6.91228867,9310.0,0.775,-0.87166534,3.412e-05,16.62608121,-19.04218009,30.59,796734.82268474,2023-08-26 11:00:00+00:00,35000,26045.87
2023-08-26,12,BTC-230929-35000-P,BTCUSDT,P,230929-35000,6105.0,6105.0,6105.0,6105.0,0.0,0.0,7570.0,26120.0,1.5,5.56,,6.87210083,9324.0,0.775,-0.87241727,3.402e-05,16.53741538,-18.96398402,30.59,796233.31318734,2023-08-26 12:00:00+00:00,35000,26029.37
2023-08-26,13,BTC-230929-35000-P,BTCUSDT,P,230929-35000,6105.0,6105.0,6105.0,6105.0,0.0,0.0,195.0,26140.0,5.19,4.84,,6.88718796,9310.0,0.775,-0.87207784,3.408e-05,16.56741286,-19.02183788,30.59,796684.52462298,2023-08-26 13:00:00+00:00,35000,26044.19
2023-08-26,14,BTC-230929-35000-P,BTCUSDT,P,230929-35000,6105.0,6105.0,6105.0,6105.0,0.0,0.0,195.0,26160.0,5.19,3.7,,6.9030571,9289.0,0.775,-0.87144507,3.419e-05,16.62915301,-19.11632508,30.59,797419.84099228,2023-08-26 14:00:00+00:00,35000,26068.01
2023-08-26,15,BTC-230929-35000-P,BTCUSDT,P,230929-35000,6105.0,6105.0,6105.0,6105.0,0.0,0.0,195.0,26170.0,5.19,4.07,,6.91093445,9300.0,0.775,-0.87208548,3.411e-05,16.55272683,-19.05201815,30.59,797004.68090772,2023-08-26 15:00:00+00:00,35000,26054.0
2023-08-26,16,BTC-230929-35000-P,BTCUSDT,P,230929-35000,6105.0,6105.0,6105.0,6105.0,0.0,0.0,7560.0,26170.0,1.5,4.07,,6.91413879,9310.0,0.775,-0.87269073,3.404e-05,16.48008042,-18.9919077,30.59,796641.01980519,2023-08-26 16:00:00+00:00,35000,26041.93
2023-08-26,17,BTC-230929-35000-P,BTCUSDT,P,230929-35000,6105.0,6105.0,6105.0,6105.0,0.0,0.0,195.0,26170.0,5.19,4.07,,6.91772461,9316.0,0.775,-0.8731344,3.398e-05,16.42496735,-18.95187887,30.59,796408.97335812,2023-08-26 17:00:00+00:00,35000,26035.04
2023-08-26,18,BTC-230929-35000-P,BTCUSDT,P,230929-35000,6105.0,6105.0,6105.0,6105.0,0.0,0.0,195.0,26170.0,5.19,4.07,,6.92085266,9327.0,0.775,-0.87377284,3.39e-05,16.34866054,-18.88726591,30.59,795970.48923275,2023-08-26 18:00:00+00:00,35000,26019.99
2023-08-26,19,BTC-230929-35000-P,BTCUSDT,P,230929-35000,6105.0,6105.0,6105.0,6105.0,0.0,0.0,7565.0,26170.0,1.5,4.07,,6.92638397,9314.0,0.775,-0.87346897,3.396e-05,16.37482482,-18.94102217,30.59,796405.12703821,2023-08-26 19:00:00+00:00,35000,26034.21
2023-08-26,20,BTC-230929-35000-P,BTCUSDT,P,230929-35000,6105.0,6105.0,6105.0,6105.0,0.0,0.0,195.0,26170.0,5.19,4.07,,6.93050385,9315.0,0.775,-0.87371986,3.394e-05,16.3406749,-18.92505903,30.59,796378.13241092,2023-08-26 20:00:00+00:00,35000,26032.37
2023-08-26,21,BTC-230929-35000-P,BTCUSDT,P,230929-35000,6105.0,6105.0,6105.0,6105.0,0.0,0.0,195.0,26170.0,5.19,4.07,,6.93567276,9306.0,0.775,-0.87357095,3.398e-05,16.34995913,-18.95942235,30.59,796717.37693855,2023-08-26 21:00:00+00:00,35000,26042.02
2023-08-26,22,BTC-230929-35000-P,BTCUSDT,P,230929-35000,6105.0,6105.0,6105.0,6105.0,0.0,0.0,195.0,26170.0,5.19,4.07,,6.93904877,9315.0,0.775,-0.87412169,3.391e-05,16.28324917,-18.90563854,30.59,796298.35108465,2023-08-26 22:00:00+00:00,35000,26030.2
2023-08-26,23,BTC-230929-35000-P,BTCUSDT,P,230929-35000,6105.0,6105.0,6105.0,6105.0,0.0,0.0,7575.0,26170.0,1.5,4.07,,6.94229126,9325.0,0.775,-0.87471621,3.383e-05,16.211756,-18.84615981,30.59,795938.86701266,2023-08-26 23:00:00+00:00,35000,26017.37
2023-08-27,0,BTC-230929-35000-P,BTCUSDT,P,230929-35000,6105.0,6105.0,6105.0,6105.0,0.0,0.0,195.0,26170.0,5.19,4.07,,6.94522858,9338.0,0.775,-0.87544193,3.374e-05,16.12594687,-18.76986906,30.59,795421.33242311,2023-08-27 00:00:00+00:00,35000,26000.01
2023-08-27,1,BTC-230929-35000-P,BTCUSDT,P,230929-35000,6105.0,6105.0,6105.0,6105.0,0.0,0.0,195.0,26170.0,5.19,4.07,,6.94911957,9342.0,0.775,-0.87579397,3.37e-05,16.08079876,-18.74077399,30.59,795216.06007697,2023-08-27 01:00:00+00:00,35000,25997.74
2023-08-27,2,BTC-230929-35000-P,BTCUSDT,P,230929-35000,6105.0,6105.0,6105.0,6105.0,0.0,0.0,195.0,26170.0,5.19,4.07,,6.9537735,9338.0,0.775,-0.87585633,3.371e-05,16.06720126,-18.74842153,30.59,795439.26623092,2023-08-27 02:00:00+00:00,35000,26000.06
2023-08-27,3,BTC-230929-35000-P,BTCUSDT,P,230929-35000,6105.0,6105.0,6105.0,6105.0,0.0,0.0,195.0,26170.0,5.19,4.07,,6.95995331,9319.0,0.775,-0.87533788,3.38e-05,16.11677256,-18.82989102,30.59,796034.23500754,2023-08-27 03:00:00+00:00,35000,26021.96
2023-08-27,4,BTC-230929-35000-P,BTCUSDT,P,230929-35000,6105.0,6105.0,6105.0,6105.0,0.0,0.0,7565.0,26170.0,1.5,4.07,,6.96569443,9305.0,0.775,-0.87499456,3.386e-05,16.14720135,-18.88917234,30.59,796478.13624627,2023-08-27 04:00:00+00:00,35000,26037.81
2023-08-27,5,BTC-230929-35000-P,BTCUSDT,P,230929-35000,6105.0,6105.0,6105.0,6105.0,0.0,0.0,7565.0,26170.0,1.5,4.07,,6.96971893,9307.0,0.775,-0.87531145,3.383e-05,16.10593291,-18.86462515,30.59,796352.41470781,2023-08-27 05:00:00+00:00,35000,26033.52
2023-08-27,6,BTC-230929-35000-P,BTCUSDT,P,230929-35000,6105.0,6105.0,6105.0,6105.0,0.0,0.0,7555.0,26170.0,1.5,4.07,,6.97517395,9296.0,0.775,-0.8750798,3.388e-05,16.12419369,-18.9098296,30.59,796724.93320877,2023-08-27 06:00:00+00:00,35000,26045.97
2023-08-27,7,BTC-230929-35000-P,BTCUSDT,P,230929-35000,6105.0,6105.0,6105.0,6105.0,0.0,0.0,195.0,26170.0,5.19,4.07,,6.97948456,9296.0,0.775,-0.87530009,3.386e-05,16.09341998,-18.89756986,30.59,796688.08785386,2023-08-27 07:00:00+00:00,35000,26043.61
2023-08-27,8,BTC-230929-35000-P,BTCUSDT,P,230929-35000,6105.0,6105.0,6105.0,6105.0,0.0,0.0,7565.0,25670.0,1.5,1.5,,6.74749374,9284.0,0.775,-0.87502835,3.392e-05,16.1159788,-18.94798359,30.59,797248.78574618,2023-08-27 08:00:00+00:00,35000,26063.09
2023-08-27,9,BTC-230929-35000-P,BTCUSDT,P,230929-35000,6105.0,6105.0,6105.0,6105.0,0.0,0.0,7565.0,25670.0,1.5,1.5,,6.75350189,9266.0,0.775,-0.8745573,3.4e-05,16.16003692,-19.02383424,30.59,797633.40961531,2023-08-27 09:00:00+00:00,35000,26078.13
2023-08-27,10,BTC-230929-35000-P,BTCUSDT,P,230929-35000,6105.0,6105.0,6105.0,6105.0,0.0,0.0,7565.0,26195.0,1.5,5.28,,7.00832367,9259.0,0.775,-0.87450141,3.403e-05,16.1591327,-19.04687975,30.59,797943.17538465,2023-08-27 10:00:00+00:00,35000,26082.77
2023-08-27,11,BTC-230929-35000-P,BTCUSDT,P,230929-35000,6105.0,6105.0,6105.0,6105.0,0.0,0.0,7565.0,26195.0,1.5,5.28,,7.01080322,9278.0,0.775,-0.87544472,3.39e-05,16.05017566,-18.94245952,30.59,797208.12793846,2023-08-27 11:00:00+00:00,35000,26060.44
2023-08-27,12,BTC-230929-35000-P,BTCUSDT,P,230929-35000,6105.0,6105.0,6105.0,6105.0,0.0,0.0,7565.0,26195.0,1.5,5.28,,7.0161438,9269.0,0.775,-0.87527785,3.394e-05,16.06131618,-18.97969349,30.59,797519.67302532,2023-08-27 12:00:00+00:00,35000,26071.66
2023-08-27,13,BTC-230929-35000-P,BTCUSDT,P,230929-35000,6105.0,6105.0,6105.0,6105.0,0.0,0.0,7565.0,26195.0,1.5,5.28,,7.02133179,9261.0,0.775,-0.87517912,3.397e-05,16.06505919,-19.00826943,30.59,797743.39579237,2023-08-27 13:00:00+00:00,35000,26079.99
2023-08-27,14,BTC-230929-35000-P,BTCUSDT,P,230929-35000,6105.0,6105.0,6105.0,6105.0,0.0,0.0,7565.0,25695.0,1.5,1.5,,6.79294586,9201.0,0.775,-0.87307921,3.43e-05,16.28436067,-19.29229307,30.59,799879.20640004,2023-08-27 14:00:00+00:00,35000,26145.28
2023-08-27,15,BTC-230929-35000-P,BTCUSDT,P,230929-35000,6105.0,6105.0,6105.0,6105.0,0.0,0.0,7460.0,25720.0,1.5,1.5,,6.80698395,9220.0,0.775,-0.87403955,3.417e-05,16.17401856,-19.18601011,30.59,799061.96933838,2023-08-27 15:00:00+00:00,35000,26122.15
2023-08-27,16,BTC-230929-35000-P,BTCUSDT,P,230929-35000,6105.0,6105.0,6105.0,6105.0,0.0,0.0,7460.0,25720.0,1.5,1.5,,6.81512833,9183.0,0.775,-0.87277392,3.437e-05,16.30296943,-19.3636733,30.59,800408.83359224,2023-08-27 16:00:00+00:00,35000,26166.08
2023-08-27,17,BTC-230929-35000-P,BTCUSDT,P,230929-35000,6105.0,6105.0,6105.0,6105.0,0.0,0.0,7460.0,25735.0,1.5,1.5,,6.81743622,9270.0,0.775,-0.87641089,3.384e-05,15.90421934,-18.91421832,30.59,797147.51267697,2023-08-27 17:00:00+00:00,35000,26065.08
2023-08-27,18,BTC-230929-35000-P,BTCUSDT,P,230929-35000,6105.0,6105.0,6105.0,6105.0,0.0,0.0,7460.0,25735.0,1.5,1.5,,6.82544708,9234.0,0.775,-0.87521787,3.404e-05,16.02609121,-19.08355893,30.59,798556.10486167,2023-08-27 18:00:00+00:00,35000,26104.12
2023-08-27,19,BTC-230929-35000-P,BTCUSDT,P,230929-35000,6105.0,6105.0,6105.0,6105.0,0.0,0.0,7485.0,25735.0,1.5,1.5,,6.83158875,9216.0,0.775,-0.87473004,3.412e-05,16.07163216,-19.16232383,30.59,799152.47539996,2023-08-27 19:00:00+00:00,35000,26125.49
2023-08-27,20,BTC-230929-35000-P,BTCUSDT,P,230929-35000,6105.0,6105.0,6105.0,6105.0,0.0,0.0,7485.0,25735.0,1.5,1.5,,6.83303833,9244.0,0.775,-0.87602183,3.394e-05,15.92547532,-19.01243487,30.59,798141.87592294,2023-08-27 20:00:00+00:00,35000,26091.49
2023-08-27,21,BTC-230929-35000-P,BTCUSDT,P,230929-35000,6105.0,6105.0,6105.0,6105.0,0.0,0.0,7485.0,25735.0,1.5,1.5,,6.83521271,9265.0,0.775,-0.87703863,3.38e-05,15.8087624,-18.89735705,30.59,797394.40759232,2023-08-27 21:00:00+00:00,35000,26067.86
2023-08-27,22,BTC-230929-35000-P,BTCUSDT,P,230929-35000,6105.0,6105.0,6105.0,6105.0,0.0,0.0,7485.0,25735.0,1.5,1.5,,6.8416214,9244.0,0.775,-0.87646601,3.39e-05,15.86367567,-18.98740424,30.59,798059.91825399,2023-08-27 22:00:00+00:00,35000,26089.29
2023-08-27,23,BTC-230929-35000-P,BTCUSDT,P,230929-35000,6105.0,6105.0,6105.0,6105.0,0.0,0.0,7485.0,25735.0,1.5,1.5,,6.84713364,9233.0,0.775,-0.87623475,3.395e-05,15.8816608,-19.03342688,30.59,798451.76270754,2023-08-27 23:00:00+00:00,35000,26101.77
2023-08-28,0,BTC-230929-35000-P,BTCUSDT,P,230929-35000,6105.0,6105.0,6105.0,6105.0,0.0,0.0,7520.0,25735.0,1.5,1.5,,6.84593201,9280.0,0.775,-0.8782379,3.366e-05,15.65948589,-18.78769287,30.59,796272.2016768,2023-08-28 00:00:00+00:00,35000,26023.51
2023-08-28,2,BTC-230929-35000-P,BTCUSDT,P,230929-35000,6105.0,6105.0,6105.0,6105.0,0.0,0.0,7550.0,25620.0,1.5,1.5,,6.79962158,9293.0,0.775,-0.87918717,3.354e-05,15.54199846,-18.69864602,30.59,796041.04212316,2023-08-28 02:00:00+00:00,35000,26030.5
2023-08-28,3,BTC-230929-35000-P,BTCUSDT,P,230929-35000,6105.0,6105.0,6105.0,6105.0,0.0,0.0,7575.0,25620.0,1.5,1.5,,6.80257797,9306.0,0.775,-0.87989324,3.344e-05,15.45866102,-18.62247354,30.59,795825.20446149,2023-08-28 03:00:00+00:00,35000,26012.98
2023-08-28,4,BTC-230929-35000-P,BTCUSDT,P,230929-35000,6105.0,6105.0,6105.0,6105.0,0.0,0.0,7585.0,25620.0,1.5,1.5,,6.80799484,9296.0,0.775,-0.87970695,3.349e-05,15.47207207,-18.66280394,30.59,796172.70686149,2023-08-28 04:00:00+00:00,35000,26026.61
2023-08-28,5,BTC-230929-35000-P,BTCUSDT,P,230929-35000,6105.0,6105.0,6105.0,6105.0,0.0,0.0,7635.0,25525.0,1.5,1.5,,6.76197052,9350.0,0.775,-0.88198744,3.314e-05,15.217606,-18.37969932,30.59,794194.11876921,2023-08-28 05:00:00+00:00,35000,25963.02
2023-08-28,6,BTC-230929-35000-P,BTCUSDT,P,230929-35000,6105.0,6105.0,6105.0,6105.0,0.0,0.0,8555.0,9455.0,1.5,3.54,,0.83145142,9084.0,0.49072571,-0.97647363,1.472e-05,4.26958842,-3.26948667,30.59,793863.47112303,2023-08-28 06:00:00+00:00,35000,25946.26
2023-08-28,7,BTC-230929-35000-P,BTCUSDT,P,230929-35000,6105.0,6105.0,6105.0,6105.0,0.0,0.0,8550.0,9455.0,3.79,3.54,,0.82519531,9096.0,0.48759766,-0.9774869,1.429e-05,4.1094134,-3.13084315,30.59,793269.30239237,2023-08-28 07:00:00+00:00,35000,25934.12
2023-08-28,8,BTC-230929-35000-P,BTCUSDT,P,230929-35000,6105.0,6105.0,6105.0,6105.0,0.0,0.0,8555.0,10165.0,1.5,1.5,,1.17854118,9197.0,0.66427059,-0.92221661,2.851e-05,11.18311498,-11.62233906,30.59,794371.20797693,2023-08-28 08:00:00+00:00,35000,25969.72
2023-08-28,9,BTC-230929-35000-P,BTCUSDT,P,230929-35000,6105.0,6105.0,6105.0,6105.0,0.0,0.0,8580.0,9485.0,1.5,5.41,,0.84316254,9101.0,0.49658127,-0.97550809,1.509e-05,4.40518952,-3.42694591,30.59,793256.36719246,2023-08-28 09:00:00+00:00,35000,25931.54
2023-08-28,10,BTC-230929-35000-P,BTCUSDT,P,230929-35000,6105.0,6105.0,6105.0,6105.0,0.0,0.0,8575.0,9485.0,3.38,2.37,,0.85447311,9082.0,0.50223656,-0.97384867,1.576e-05,4.65475554,-3.66711772,30.59,793947.11964627,2023-08-28 10:00:00+00:00,35000,25953.45
2023-08-28,11,BTC-230929-35000-P,BTCUSDT,P,230929-35000,6105.0,6105.0,6105.0,6105.0,0.0,0.0,8580.0,9485.0,1.5,2.37,,0.87808609,9041.0,0.51404305,-0.97005873,1.721e-05,5.21643669,-4.21173617,30.59,795313.38333846,2023-08-28 11:00:00+00:00,35000,26000.99
2023-08-28,12,BTC-230929-35000-P,BTCUSDT,P,230929-35000,6105.0,6105.0,6105.0,6105.0,0.0,0.0,8335.0,9215.0,1.5,5.93,,0.78778267,8891.0,0.46889133,-0.97940374,1.373e-05,3.82866747,-2.82342597,30.59,799525.90870772,2023-08-28 12:00:00+00:00,35000,26136.55
2023-08-28,13,BTC-230929-35000-P,BTCUSDT,P,230929-35000,6105.0,6105.0,6105.0,6105.0,0.0,0.0,8335.0,9215.0,1.5,5.93,,0.7699585,8920.0,0.45997925,-0.98189331,1.256e-05,3.42509149,-2.4810558,30.59,798450.02479237,2023-08-28 13:00:00+00:00,35000,26101.31
2023-08-28,14,BTC-230929-35000-P,BTCUSDT,P,230929-35000,6105.0,6105.0,6105.0,6105.0,0.0,0.0,8335.0,9260.0,1.5,3.92,,0.81839561,8893.0,0.48419781,-0.97582005,1.524e-05,4.37845107,-3.34302596,30.59,799591.13936149,2023-08-28 14:00:00+00:00,35000,26139.61
2023-08-28,15,BTC-230929-35000-P,BTCUSDT,P,230929-35000,6105.0,6105.0,6105.0,6105.0,0.0,0.0,8335.0,25645.0,1.5,1.5,,6.87583923,9221.0,0.775,-0.87921137,3.373e-05,15.45015672,-18.90610592,30.59,798159.13742311,2023-08-28 15:00:00+00:00,35000,26104.17
2023-08-28,16,BTC-230929-35000-P,BTCUSDT,P,230929-35000,6105.0,6105.0,6105.0,6105.0,0.0,0.0,8335.0,25700.0,1.5,1.5,,6.91083908,9179.0,0.775,-0.87781177,3.397e-05,15.59346575,-19.10661112,30.59,799920.38860754,2023-08-28 16:00:00+00:00,35000,26146.92
2023-08-28,17,BTC-230929-35000-P,BTCUSDT,P,230929-35000,6105.0,6105.0,6105.0,6105.0,0.0,0.0,8335.0,25725.0,1.5,1.5,,6.92684174,9183.0,0.775,-0.87818688,3.392e-05,15.54626085,-19.07390145,30.59,799744.62048465,2023-08-28 17:00:00+00:00,35000,26141.79
2023-08-28,18,BTC-230929-35000-P,BTCUSDT,P,230929-35000,6105.0,6105.0,6105.0,6105.0,0.0,0.0,8335.0,25725.0,1.5,1.5,,6.93202972,9177.0,0.775,-0.87814539,3.394e-05,15.54370477,-19.0959579,30.59,799833.12979224,2023-08-28 18:00:00+00:00,35000,26148.91
2023-08-28,19,BTC-230929-35000-P,BTCUSDT,P,230929-35000,6105.0,6105.0,6105.0,6105.0,0.0,0.0,7620.0,25535.0,1.5,1.5,,6.83231354,9308.0,0.775,-0.88337588,3.312e-05,14.97313107,-18.41932114,30.59,795361.11382307,2023-08-28 19:00:00+00:00,35000,25996.26
2023-08-28,20,BTC-230929-35000-P,BTCUSDT,P,230929-35000,6105.0,6105.0,6105.0,6105.0,0.0,0.0,7610.0,25550.0,1.5,1.5,,6.84335709,9313.0,0.775,-0.88376871,3.307e-05,14.92383249,-18.3829922,30.59,795088.44952403,2023-08-28 20:00:00+00:00,35000,25993.03
2023-08-28,21,BTC-230929-35000-P,BTCUSDT,P,230929-35000,6105.0,6105.0,6105.0,6105.0,0.0,0.0,7610.0,25550.0,1.5,1.5,,6.84711456,9320.0,0.775,-0.88423179,3.301e-05,14.86690857,-18.33716164,30.59,794931.45878447,2023-08-28 21:00:00+00:00,35000,25982.67
2023-08-28,22,BTC-230929-35000-P,BTCUSDT,P,230929-35000,6105.0,6105.0,6105.0,6105.0,0.0,0.0,7550.0,25615.0,1.5,1.5,,6.88985825,9250.0,0.775,-0.88180615,3.342e-05,15.12258853,-18.67729369,30.59,797375.4586,2023-08-28 22:00:00+00:00,35000,26061.41
2023-08-28,23,BTC-230929-35000-P,BTCUSDT,P,230929-35000,6105.0,6105.0,6105.0,6105.0,0.0,0.0,7505.0,25725.0,1.5,1.5,,6.95243835,9198.0,0.775,-0.88003182,3.372e-05,15.30658395,-18.92967795,30.59,799153.10158215,2023-08-28 23:00:00+00:00,35000,26120.0
2023-08-29,0,BTC-230929-35000-P,BTCUSDT,P,230929-35000,6105.0,6105.0,6105.0,6105.0,0.0,0.0,7510.0,25725.0,1.5,1.5,,6.95888519,9179.0,0.775,-0.87954584,3.381e-05,15.35173566,-19.01079745,30.59,799644.82985395,2023-08-29 00:00:00+00:00,35000,26140.44
2023-08-29,1,BTC-230929-35000-P,BTCUSDT,P,230929-35000,6105.0,6105.0,6105.0,6105.0,0.0,0.0,190.0,26240.0,4.43,2.44,,7.21279144,9208.0,0.775,-0.88085886,3.362e-05,15.20395039,-18.8528915,30.59,798605.38837702,2023-08-29 01:00:00+00:00,35000,26106.34
2023-08-29,2,BTC-230929-35000-P,BTCUSDT,P,230929-35000,6105.0,6105.0,6105.0,6105.0,0.0,0.0,7530.0,25740.0,1.5,1.5,,6.97200775,9210.0,0.775,-0.88116521,3.358e-05,15.16414363,-18.82863597,30.59,798261.79544601,2023-08-29 02:00:00+00:00,35000,26104.69
2023-08-29,3,BTC-230929-35000-P,BTCUSDT,P,230929-35000,6105.0,6105.0,6105.0,6105.0,0.0,0.0,7530.0,25740.0,1.5,1.5,,6.97483063,9227.0,0.775,-0.88202455,3.346e-05,15.06488171,-18.7303941,30.59,798065.02779224,2023-08-29 03:00:00+00:00,35000,26083.19
2023-08-29,4,BTC-230929-35000-P,BTCUSDT,P,230929-35000,6105.0,6105.0,6105.0,6105.0,0.0,0.0,7545.0,25640.0,1.5,1.5,,6.92909241,9249.0,0.775,-0.88304929,3.331e-05,14.94769468,-18.6095728,30.59,797143.68388452,2023-08-29 04:00:00+00:00,35000,26057.87
2023-08-29,5,BTC-230929-35000-P,BTCUSDT,P,230929-35000,6105.0,6105.0,6105.0,6105.0,0.0,0.0,7550.0,25640.0,1.5,1.5,,6.93441391,9241.0,0.775,-0.88299068,3.333e-05,14.94720805,-18.63391194,30.59,797414.55329237,2023-08-29 05:00:00+00:00,35000,26065.15
2023-08-29,6,BTC-230929-35000-P,BTCUSDT,P,230929-35000,6105.0,6105.0,6105.0,6105.0,0.0,0.0,8495.0,25585.0,1.5,1.5,,6.90736771,9291.0,0.775,-0.88508434,3.3e-05,14.7143995,-18.36830393,30.59,795525.60398469,2023-08-29 06:00:00+00:00,35000,26008.66
2023-08-29,7,BTC-230929-35000-P,BTCUSDT,P,230929-35000,6105.0,6105.0,6105.0,6105.0,0.0,0.0,8510.0,9415.0,2.63,5.25,,0.851717,9028.0,0.5008585,-0.97511484,1.534e-05,4.41242916,-3.56451905,30.59,795583.51993075,2023-08-29 07:00:00+00:00,35000,26004.2
2023-08-29,8,BTC-230929-35000-P,BTCUSDT,P,230929-35000,6105.0,6105.0,6105.0,6105.0,0.0,0.0,8510.0,9410.0,2.95,3.0,,0.82408905,9069.0,0.48704453,-0.97913347,1.363e-05,3.7942723,-2.98462266,30.59,794393.22269232,2023-08-29 08:00:00+00:00,35000,25956.43
2023-08-29,9,BTC-230929-35000-P,BTCUSDT,P,230929-35000,6105.0,6105.0,6105.0,6105.0,0.0,0.0,8670.0,9410.0,3.0,3.0,,0.84291458,9039.0,0.49645729,-0.9765449,1.475e-05,4.19058954,-3.36460585,30.59,795001.25776934,2023-08-29 09:00:00+00:00,35000,25992.23
2023-08-29,10,BTC-230929-35000-P,BTCUSDT,P,230929-35000,6105.0,6105.0,6105.0,6105.0,0.0,0.0,8695.0,9410.0,3.0,3.0,,0.83861351,9047.0,0.49430676,-0.9772674,1.444e-05,4.07740698,-3.26394989,30.59,794673.34305395,2023-08-29 10:00:00+00:00,35000,25981.27
2023-08-29,11,BTC-230929-35000-P,BTCUSDT,P,230929-35000,6105.0,6105.0,6105.0,6105.0,0.0,0.0,8695.0,9410.0,3.0,3.0,,0.83609581,9052.0,0.4930479,-0.97772206,1.425e-05,4.00492565,-3.20208561,30.59,794636.92078474,2023-08-29 11:00:00+00:00,35000,25975.55
2023-08-29,12,BTC-230929-35000-P,BTCUSDT,P,230929-35000,6105.0,6105.0,6105.0,6105.0,0.0,0.0,8695.0,9410.0,3.0,3.0,,0.87051392,8994.0,0.51025696,-0.97258608,1.636e-05,4.77524261,-3.95658975,30.59,796453.20707689,2023-08-29 12:00:00+00:00,35000,26044.51
2023-08-29,13,BTC-230929-35000-P,BTCUSDT,P,230929-35000,6105.0,6105.0,6105.0,6105.0,0.0,0.0,8695.0,9410.0,3.0,3.0,,0.87542534,8987.0,0.51271267,-0.97189609,1.662e-05,4.87355408,-4.06297883,30.59,796977.36840781,2023-08-29 13:00:00+00:00,35000,26052.0
2023-08-29,14,BTC-230929-35000-P,BTCUSDT,P,230929-35000,6105.0,6105.0,6105.0,6105.0,0.0,0.0,7260.0,8070.0,3.0,3.0,,0.80427647,7579.0,0.47713823,-0.95309813,2.576e-05,7.81388873,-6.07050799,30.59,839772.26073079,2023-08-29 14:00:00+00:00,35000,27492.03
2023-08-29,15,BTC-230929-35000-P,BTCUSDT,P,230929-35000,6105.0,6105.0,6105.0,6105.0,0.0,0.0,7345.0,8115.0,3.0,3.0,,0.80022812,7640.0,0.47511406,-0.95563521,2.481e-05,7.449181,-5.77044993,30.59,837975.29320013,2023-08-29 15:00:00+00:00,35000,27423.44
2023-08-29,16,BTC-230929-35000-P,BTCUSDT,P,230929-35000,6105.0,6105.0,6105.0,6105.0,0.0,0.0,6830.0,7545.0,3.0,5.48,,0.75210571,7078.0,0.45105286,-0.94992467,2.823e-05,8.37322162,-6.16614547,30.59,855216.22730772,2023-08-29 16:00:00+00:00,35000,27999.99
2023-08-29,17,BTC-230929-35000-P,BTCUSDT,P,230929-35000,6105.0,6105.0,6105.0,6105.0,0.0,0.0,6865.0,7880.0,3.0,3.0,,0.86436272,7229.0,0.50718136,-0.92964883,3.292e-05,10.88174399,-9.02291381,30.59,853461.19793535,2023-08-29 17:00:00+00:00,35000,27892.07
2023-08-29,18,BTC-230929-35000-P,BTCUSDT,P,230929-35000,6105.0,6105.0,6105.0,6105.0,0.0,0.0,6865.0,28060.0,3.0,5.49,,8.43704224,7611.0,0.775,-0.81270119,4.29e-05,21.76351184,-27.61263075,30.59,855699.81012357,2023-08-29 18:00:00+00:00,35000,27971.79
2023-08-29,19,BTC-230929-35000-P,BTCUSDT,P,230929-35000,6105.0,6105.0,6105.0,6105.0,0.0,0.0,6865.0,27420.0,3.0,1.5,,8.06877136,7720.0,0.775,-0.81868863,4.227e-05,21.20990684,-26.94700256,30.59,852081.81206248,2023-08-29 19:00:00+00:00,35000,27831.33
2023-08-29,20,BTC-230929-35000-P,BTCUSDT,P,230929-35000,6105.0,6105.0,6105.0,6105.0,0.0,0.0,7090.0,27160.0,3.0,1.5,,7.91172028,7934.0,0.775,-0.82974271,4.103e-05,20.17676144,-25.66946786,30.59,844016.19354713,2023-08-29 20:00:00+00:00,35000,27569.28
2023-08-29,21,BTC-230929-35000-P,BTCUSDT,P,230929-35000,6105.0,6105.0,6105.0,6105.0,0.0,0.0,7090.0,8270.0,3.0,3.0,,0.9541893,7493.0,0.55209465,-0.91882012,3.41e-05,12.00243027,-10.89283565,30.59,845667.6180893,2023-08-29 21:00:00+00:00,35000,27658.99
2023-08-29,22,BTC-230929-35000-P,BTCUSDT,P,230929-35000,6105.0,6105.0,6105.0,6105.0,0.0,0.0,7125.0,27210.0,3.0,1.5,,7.95495987,7877.0,0.775,-0.82743367,4.134e-05,20.37200791,-25.98897138,30.59,845482.95525643,2023-08-29 22:00:00+00:00,35000,27638.28
2023-08-29,23,BTC-230929-35000-P,BTCUSDT,P,230929-35000,6105.0,6105.0,6105.0,6105.0,0.0,0.0,7125.0,27305.0,3.0,1.5,,8.01849365,7811.0,0.775,-0.8243681,4.172e-05,20.64583152,-26.37447252,30.59,848137.25315535,2023-08-29 23:00:00+00:00,35000,27716.34
2023-08-30,0,BTC-230929-35000-P,BTCUSDT,P,230929-35000,6105.0,6105.0,6105.0,6105.0,0.0,0.0,7125.0,27225.0,3.0,1.5,,7.97286987,7887.0,0.775,-0.82845229,4.127e-05,20.25649708,-25.91270301,30.59,845530.36975643,2023-08-30 00:00:00+00:00,35000,27622.24
2023-08-30,1,BTC-230929-35000-P,BTCUSDT,P,230929-35000,6105.0,6105.0,6105.0,6105.0,0.0,0.0,7165.0,27135.0,3.0,1.5,,7.92362213,7947.0,0.775,-0.8316612,4.091e-05,19.94606576,-25.55073562,30.59,843069.34667535,2023-08-30 01:00:00+00:00,35000,27552.62
2023-08-30,2,BTC-230929-35000-P,BTCUSDT,P,230929-35000,6105.0,6105.0,6105.0,6105.0,0.0,0.0,7255.0,27020.0,3.0,1.5,,7.85533905,8067.0,0.775,-0.83775249,4.018e-05,19.35999857,-24.83419555,30.59,838266.54393178,2023-08-30 02:00:00+00:00,35000,27400.56
2023-08-30,3,BTC-230929-35000-P,BTCUSDT,P,230929-35000,6105.0,6105.0,6105.0,6105.0,0.0,0.0,7370.0,26935.0,3.0,1.5,,7.8144455,8075.0,0.775,-0.83840255,4.012e-05,19.28829856,-24.7763961,30.59,838901.54554713,2023-08-30 03:00:00+00:00,35000,27391.13
2023-08-30,4,BTC-230929-35000-P,BTCUSDT,P,230929-35000,6105.0,6105.0,6105.0,6105.0,0.0,0.0,7370.0,27015.0,3.0,1.5,,7.86634445,8036.0,0.775,-0.83677727,4.034e-05,19.43314104,-24.99697679,30.59,839453.8713893,2023-08-30 04:00:00+00:00,35000,27443.0
2023-08-30,5,BTC-230929-35000-P,BTCUSDT,P,230929-35000,6105.0,6105.0,6105.0,6105.0,0.0,0.0,7370.0,27025.0,3.0,1.5,,7.87939072,8012.0,0.775,-0.83588391,4.047e-05,19.5079464,-25.12795454,30.59,840285.78263426,2023-08-30 05:00:00+00:00,35000,27469.04
2023-08-30,6,BTC-230929-35000-P,BTCUSDT,P,230929-35000,6105.0,6105.0,6105.0,6105.0,0.0,0.0,7370.0,8130.0,3.0,4.82,,0.79901695,7675.0,0.47450848,-0.95859117,2.378e-05,6.96281562,-5.49888559,30.59,837838.42143842,2023-08-30 06:00:00+00:00,35000,27382.21
2023-08-30,7,BTC-230929-35000-P,BTCUSDT,P,230929-35000,6105.0,6105.0,6105.0,6105.0,0.0,0.0,7370.0,8130.0,3.0,4.82,,0.82161427,7632.0,0.48580713,-0.95333911,2.554e-05,7.67649055,-6.21548737,30.59,839334.95146912,2023-08-30 07:00:00+00:00,35000,27436.25
2023-08-30,8,BTC-230929-35000-P,BTCUSDT,P,230929-35000,6105.0,6105.0,6105.0,6105.0,0.0,0.0,7225.0,8370.0,3.0,3.0,,0.9432888,7654.0,0.5466444,-0.92892738,3.157e-05,10.69222853,-9.75495623,30.59,840443.72467693,2023-08-30 08:00:00+00:00,35000,27470.98
2023-08-30,9,BTC-230929-35000-P,BTCUSDT,P,230929-35000,6105.0,6105.0,6105.0,6105.0,0.0,0.0,7285.0,8045.0,3.0,3.0,,0.77568054,7625.0,0.46284027,-0.96194676,2.277e-05,6.49718132,-5.02588747,30.59,838769.74575395,2023-08-30 09:00:00+00:00,35000,27426.8
2023-08-30,10,BTC-230929-35000-P,BTCUSDT,P,230929-35000,6105.0,6105.0,6105.0,6105.0,0.0,0.0,7285.0,8045.0,3.0,3.0,,0.78001976,7618.0,0.46500988,-0.96111437,2.307e-05,6.61028976,-5.14451691,30.59,839278.6279987,2023-08-30 10:00:00+00:00,35000,27435.44
2023-08-30,11,BTC-230929-35000-P,BTCUSDT,P,230929-35000,6105.0,6105.0,6105.0,6105.0,0.0,0.0,7305.0,8055.0,3.0,3.0,,0.74243546,7699.0,0.44621773,-0.96941818,1.982e-05,5.40377805,-4.04121893,30.59,836180.99809232,2023-08-30 11:00:00+00:00,35000,27338.51
2023-08-30,12,BTC-230929-35000-P,BTCUSDT,P,230929-35000,6105.0,6105.0,6105.0,6105.0,0.0,0.0,7340.0,8055.0,3.0,3.0,,0.74954033,7687.0,0.44977016,-0.96812755,2.035e-05,5.59064929,-4.22015039,30.59,836923.81741531,2023-08-30 12:00:00+00:00,35000,27353.64
2023-08-30,13,BTC-230929-35000-P,BTCUSDT,P,230929-35000,6105.0,6105.0,6105.0,6105.0,0.0,0.0,7400.0,8140.0,3.0,3.0,,0.80389023,7685.0,0.47694511,-0.95878169,2.369e-05,6.90062922,-5.53146237,30.59,837383.60192298,2023-08-30 13:00:00+00:00,35000,27376.07
2023-08-30,14,BTC-230929-35000-P,BTCUSDT,P,230929-35000,6105.0,6105.0,6105.0,6105.0,0.0,0.0,7495.0,0.0,3.0,0.0,,-1e-08,7924.0,0.4625,-0.96912245,1.948e-05,5.39118139,-4.19650001,30.59,830260.47503092,2023-08-30 14:00:00+00:00,35000,27110.01
2023-08-30,15,BTC-230929-35000-P,BTCUSDT,P,230929-35000,6105.0,6105.0,6105.0,6105.0,0.0,0.0,7495.0,8300.0,3.0,2.91,,0.81414223,7852.0,0.48207111,-0.96121449,2.248e-05,6.51762959,-5.29543774,30.59,832231.30805377,2023-08-30 15:00:00+00:00,35000,27201.63
2023-08-30,16,BTC-230929-35000-P,BTCUSDT,P,230929-35000,6105.0,6105.0,6105.0,6105.0,0.0,0.0,7575.0,26720.0,3.0,1.5,,7.75060654,8266.0,0.775,-0.85062745,3.878e-05,17.98710345,-23.5274257,30.59,830868.37900776,2023-08-30 16:00:00+00:00,35000,27155.37
2023-08-30,17,BTC-230929-35000-P,BTCUSDT,P,230929-35000,6105.0,6105.0,6105.0,6105.0,0.0,0.0,7575.0,26775.0,3.0,1.5,,7.78675079,8250.0,0.775,-0.85013061,3.887e-05,18.02633458,-23.61195014,30.59,831090.88596149,2023-08-30 17:00:00+00:00,35000,27167.98
2023-08-30,18,BTC-230929-35000-P,BTCUSDT,P,230929-35000,6105.0,6105.0,6105.0,6105.0,0.0,0.0,7440.0,26775.0,3.0,1.5,,7.80124664,8159.0,0.775,-0.84618741,3.942e-05,18.39868271,-24.13366462,30.59,834300.18034601,2023-08-30 18:00:00+00:00,35000,27279.98
2023-08-30,19,BTC-230929-35000-P,BTCUSDT,P,230929-35000,6105.0,6105.0,6105.0,6105.0,0.0,0.0,7470.0,26815.0,3.0,1.5,,7.81990051,8240.0,0.775,-0.85015673,3.89e-05,18.0054299,-23.65119101,30.59,832115.5366693,2023-08-30 19:00:00+00:00,35000,27178.28
2023-08-30,20,BTC-230929-35000-P,BTCUSDT,P,230929-35000,6105.0,6105.0,6105.0,6105.0,0.0,0.0,7470.0,26820.0,3.0,1.5,,7.8336525,8183.0,0.775,-0.84780401,3.924e-05,18.22404146,-23.97220919,30.59,833617.80820776,2023-08-30 20:00:00+00:00,35000,27250.15
2023-08-30,21,BTC-230929-35000-P,BTCUSDT,P,230929-35000,6105.0,6105.0,6105.0,6105.0,0.0,0.0,7470.0,26820.0,3.0,1.5,,7.840271,8171.0,0.775,-0.84751483,3.93e-05,18.24257858,-24.03058273,30.59,833905.12898461,2023-08-30 21:00:00+00:00,35000,27259.69
2023-08-30,22,BTC-230929-35000-P,BTCUSDT,P,230929-35000,6105.0,6105.0,6105.0,6105.0,0.0,0.0,7470.0,26840.0,3.0,1.5,,7.85490036,8187.0,0.775,-0.84848062,3.919e-05,18.140024,-23.92938394,30.59,833479.27920772,2023-08-30 22:00:00+00:00,35000,27241.0
2023-08-30,23,BTC-230929-35000-P,BTCUSDT,P,230929-35000,6105.0,6105.0,6105.0,6105.0,0.0,0.0,7470.0,26840.0,3.0,1.5,,7.8653717,8137.0,0.775,-0.8464121,3.949e-05,18.32983986,-24.21412548,30.59,834766.19042311,2023-08-30 23:00:00+00:00,35000,27299.99
2023-08-31,0,BTC-230929-35000-P,BTCUSDT,P,230929-35000,6105.0,6105.0,6105.0,6105.0,0.0,0.0,7470.0,26790.0,3.0,1.5,,7.83744812,8203.0,0.775,-0.84974893,3.906e-05,17.99880477,-23.81064271,30.59,832209.47150004,2023-08-31 00:00:00+00:00,35000,27222.13
2023-08-31,1,BTC-230929-35000-P,BTCUSDT,P,230929-35000,6105.0,6105.0,6105.0,6105.0,0.0,0.0,7470.0,26790.0,3.0,1.5,,7.84046173,8228.0,0.775,-0.85113235,3.889e-05,17.85551509,-23.65473285,30.59,831730.37831548,2023-08-31 01:00:00+00:00,35000,27196.48
2023-08-31,2,BTC-230929-35000-P,BTCUSDT,P,230929-35000,6105.0,6105.0,6105.0,6105.0,0.0,0.0,7450.0,26790.0,3.0,1.5,,7.84622192,8225.0,0.775,-0.8512575,3.889e-05,17.83417121,-23.66016071,30.59,831859.78410009,2023-08-31 02:00:00+00:00,35000,27190.01
2023-08-31,3,BTC-230929-35000-P,BTCUSDT,P,230929-35000,6105.0,6105.0,6105.0,6105.0,0.0,0.0,7460.0,26790.0,3.0,1.5,,7.85392761,8203.0,0.775,-0.85050938,3.902e-05,17.89741749,-23.77798808,30.59,832467.8662386,2023-08-31 03:00:00+00:00,35000,27217.27
2023-08-31,4,BTC-230929-35000-P,BTCUSDT,P,230929-35000,6105.0,6105.0,6105.0,6105.0,0.0,0.0,7460.0,26810.0,3.0,1.5,,7.87338257,8171.0,0.775,-0.8492883,3.92e-05,18.00604929,-23.95653675,30.59,833669.49858469,2023-08-31 04:00:00+00:00,35000,27252.3
2023-08-31,5,BTC-230929-35000-P,BTCUSDT,P,230929-35000,6105.0,6105.0,6105.0,6105.0,0.0,0.0,7460.0,26820.0,3.0,1.5,,7.88421631,8172.0,0.775,-0.84958566,3.918e-05,17.96803497,-23.94020898,30.59,833607.74712311,2023-08-31 05:00:00+00:00,35000,27251.29
2023-08-31,6,BTC-230929-35000-P,BTCUSDT,P,230929-35000,6105.0,6105.0,6105.0,6105.0,0.0,0.0,7460.0,8235.0,3.0,4.98,,0.8108139,7799.0,0.48040695,-0.9623243,2.222e-05,6.30939675,-5.21849674,30.59,833701.31554623,2023-08-31 06:00:00+00:00,35000,27253.2
2023-08-31,7,BTC-230929-35000-P,BTCUSDT,P,230929-35000,6105.0,6105.0,6105.0,6105.0,0.0,0.0,7460.0,8235.0,3.0,4.98,,0.81428528,7794.0,0.48214264,-0.96172186,2.244e-05,6.38853774,-5.31066417,30.59,833817.53401548,2023-08-31 07:00:00+00:00,35000,27261.03
2023-08-31,8,BTC-230929-35000-P,BTCUSDT,P,230929-35000,6105.0,6105.0,6105.0,6105.0,0.0,0.0,7405.0,8150.0,3.0,3.0,,0.75558662,7803.0,0.45279331,-0.97151341,1.877e-05,4.99973763,-3.90880033,30.59,832756.54507684,2023-08-31 08:00:00+00:00,35000,27235.08
2023-08-31,9,BTC-230929-35000-P,BTCUSDT,P,230929-35000,6105.0,6105.0,6105.0,6105.0,0.0,0.0,7445.0,8150.0,3.0,3.0,,0.738554,7832.0,0.444277,-0.97465012,1.738e-05,4.52677,-3.47747376,30.59,832018.2705539,2023-08-31 09:00:00+00:00,35000,27198.27
2023-08-31,10,BTC-230929-35000-P,BTCUSDT,P,230929-35000,6105.0,6105.0,6105.0,6105.0,0.0,0.0,7445.0,8150.0,3.0,3.0,,0.74065208,7829.0,0.44532604,-0.97439612,1.75e-05,4.56193638,-3.51783248,30.59,832228.79464416,2023-08-31 10:00:00+00:00,35000,27201.83
2023-08-31,11,BTC-230929-35000-P,BTCUSDT,P,230929-35000,6105.0,6105.0,6105.0,6105.0,0.0,0.0,7335.0,8040.0,3.0,3.0,,0.72869301,7726.0,0.4393465,-0.97434204,1.772e-05,4.58402201,-3.49243914,30.59,835652.52390759,2023-08-31 11:00:00+00:00,35000,27303.96
2023-08-31,12,BTC-230929-35000-P,BTCUSDT,P,230929-35000,6105.0,6105.0,6105.0,6105.0,0.0,0.0,7460.0,8210.0,3.0,3.0,,0.77400208,7843.0,0.46200104,-0.96989869,1.934e-05,5.21178776,-4.18150574,30.59,831988.30243851,2023-08-31 12:00:00+00:00,35000,27192.62
2023-08-31,13,BTC-230929-35000-P,BTCUSDT,P,230929-35000,6105.0,6105.0,6105.0,6105.0,0.0,0.0,7555.0,8720.0,3.0,3.0,,1.00549698,7977.0,0.57774849,-0.93131992,3.006e-05,10.08121367,-10.1293976,30.59,830229.25175643,2023-08-31 13:00:00+00:00,35000,27149.99
2023-08-31,14,BTC-230929-35000-P,BTCUSDT,P,230929-35000,6105.0,6105.0,6105.0,6105.0,0.0,0.0,7515.0,8255.0,3.0,3.0,,0.79001427,7868.0,0.47000713,-0.96813405,1.997e-05,5.45106897,-4.46218915,30.59,831199.56295752,2023-08-31 14:00:00+00:00,35000,27175.66
2023-08-31,15,BTC-230929-35000-P,BTCUSDT,P,230929-35000,6105.0,6105.0,6105.0,6105.0,0.0,0.0,7730.0,8430.0,3.0,3.0,,0.76582909,8108.0,0.45791454,-0.97619354,1.624e-05,4.23205581,-3.38009149,30.59,823507.40155752,2023-08-31 15:00:00+00:00,35000,26922.01
2023-08-31,16,BTC-230929-35000-P,BTCUSDT,P,230929-35000,6105.0,6105.0,6105.0,6105.0,0.0,0.0,8375.0,9820.0,3.0,1.5,,1.18264198,8913.0,0.66632099,-0.92667384,2.842e-05,10.22228144,-11.89749861,30.59,804270.37982109,2023-08-31 16:00:00+00:00,35000,26234.23
2023-08-31,17,BTC-230929-35000-P,BTCUSDT,P,230929-35000,6105.0,6105.0,6105.0,6105.0,0.0,0.0,8455.0,25915.0,3.0,1.5,,7.39454269,8966.0,0.775,-0.88593864,3.38e-05,14.21495849,-19.27100007,30.59,804787.83306357,2023-08-31 17:00:00+00:00,35000,26329.07
2023-08-31,18,BTC-230929-35000-P,BTCUSDT,P,230929-35000,6105.0,6105.0,6105.0,6105.0,0.0,0.0,8455.0,25810.0,3.0,1.5,,7.34392166,8991.0,0.775,-0.88712092,3.361e-05,14.08383027,-19.12110488,30.59,804418.34185178,2023-08-31 18:00:00+00:00,35000,26292.23
2023-08-31,19,BTC-230929-35000-P,BTCUSDT,P,230929-35000,6105.0,6105.0,6105.0,6105.0,0.0,0.0,8490.0,25745.0,3.0,1.5,,7.30466843,9101.0,0.775,-0.8914358,3.287e-05,13.62145045,-18.52038563,30.59,800356.40371643,2023-08-31 19:00:00+00:00,35000,26162.79
2023-08-31,20,BTC-230929-35000-P,BTCUSDT,P,230929-35000,6105.0,6105.0,6105.0,6105.0,0.0,0.0,8620.0,25585.0,3.0,1.5,,7.2146225,9240.0,0.775,-0.89669345,3.192e-05,13.05342184,-17.77405179,30.59,794608.15764248,2023-08-31 20:00:00+00:00,35000,26022.61
2023-08-31,21,BTC-230929-35000-P,BTCUSDT,P,230929-35000,6105.0,6105.0,6105.0,6105.0,0.0,0.0,8820.0,25450.0,3.0,1.5,,7.15339661,9233.0,0.775,-0.89666939,3.194e-05,13.04950454,-17.79477168,30.59,795529.73357535,2023-08-31 21:00:00+00:00,35000,26024.57
2023-08-31,22,BTC-230929-35000-P,BTCUSDT,P,230929-35000,6105.0,6105.0,6105.0,6105.0,0.0,0.0,8820.0,25530.0,3.0,1.5,,7.20142365,9204.0,0.775,-0.89587905,3.211e-05,13.12772526,-17.92772322,30.59,796806.89846465,2023-08-31 22:00:00+00:00,35000,26053.96
2023-08-31,23,BTC-230929-35000-P,BTCUSDT,P,230929-35000,6105.0,6105.0,6105.0,6105.0,0.0,0.0,8820.0,25530.0,3.0,1.5,,7.19568253,9305.0,0.775,-0.89965022,3.141e-05,12.71554049,-17.39036445,30.59,793402.8900493,2023-08-31 23:00:00+00:00,35000,25940.78
2023-09-01,0,BTC-230929-35000-P,BTCUSDT,P,230929-35000,6105.0,6105.0,6105.0,6105.0,0.0,0.0,8820.0,25535.0,3.0,1.5,,7.21460342,9202.0,0.775,-0.89623909,3.207e-05,13.07604019,-17.90973844,30.59,797067.21576574,2023-09-01 00:00:00+00:00,35000,26051.97
2023-09-01,1,BTC-230929-35000-P,BTCUSDT,P,230929-35000,6105.0,6105.0,6105.0,6105.0,0.0,0.0,8615.0,25535.0,3.0,1.5,,7.2133255,9262.0,0.775,-0.89857988,3.165e-05,12.81824248,-17.58253778,30.59,794885.71690713,2023-09-01 01:00:00+00:00,35000,25985.72
2023-09-01,2,BTC-230929-35000-P,BTCUSDT,P,230929-35000,6105.0,6105.0,6105.0,6105.0,0.0,0.0,8615.0,25575.0,3.0,1.5,,7.24571228,9196.0,0.775,-0.8964835,3.206e-05,13.03675273,-17.90867809,30.59,797046.72064805,2023-09-01 02:00:00+00:00,35000,26058.62
2023-09-01,3,BTC-230929-35000-P,BTCUSDT,P,230929-35000,6105.0,6105.0,6105.0,6105.0,0.0,0.0,8615.0,25590.0,3.0,1.5,,7.26091385,9174.0,0.775,-0.89592227,3.218e-05,13.09016077,-18.00864572,30.59,797826.27388474,2023-09-01 03:00:00+00:00,35000,26081.01
2023-09-01,4,BTC-230929-35000-P,BTCUSDT,P,230929-35000,6105.0,6105.0,6105.0,6105.0,0.0,0.0,8615.0,25590.0,3.0,1.5,,7.26261139,9207.0,0.775,-0.89732148,3.193e-05,12.93395102,-17.82010296,30.59,796661.4415341,2023-09-01 04:00:00+00:00,35000,26044.46
2023-09-01,5,BTC-230929-35000-P,BTCUSDT,P,230929-35000,6105.0,6105.0,6105.0,6105.0,0.0,0.0,8615.0,25590.0,3.0,1.5,,7.26642609,9221.0,0.775,-0.89803247,3.182e-05,12.85124386,-17.73242116,30.59,796219.01624574,2023-09-01 05:00:00+00:00,35000,26027.27
2023-09-01,6,BTC-230929-35000-P,BTCUSDT,P,230929-35000,6105.0,6105.0,6105.0,6105.0,0.0,0.0,8615.0,9515.0,3.0,4.84,,0.95025063,9047.0,0.55012531,-0.96953731,1.738e-05,4.96546015,-4.87065234,30.59,795053.43647891,2023-09-01 06:00:00+00:00,35000,25997.0
2023-09-01,7,BTC-230929-35000-P,BTCUSDT,P,230929-35000,6105.0,6105.0,6105.0,6105.0,0.0,0.0,8615.0,9515.0,3.0,4.84,,0.94790459,9053.0,0.54895229,-0.97004641,1.72e-05,4.89174796,-4.79524134,30.59,795044.03635178,2023-09-01 07:00:00+00:00,35000,25990.92
2023-09-01,8,BTC-230929-35000-P,BTCUSDT,P,230929-35000,6105.0,6105.0,6105.0,6105.0,0.0,0.0,8635.0,9540.0,3.0,3.89,,0.95766068,9066.0,0.55383034,-0.96910607,1.751e-05,5.01279075,-4.96494983,30.59,794677.38461178,2023-09-01 08:00:00+00:00,35000,25980.46
2023-09-01,9,BTC-230929-35000-P,BTCUSDT,P,230929-35000,6105.0,6105.0,6105.0,6105.0,0.0,0.0,8635.0,9540.0,3.0,3.89,,0.98300934,9021.0,0.56650467,-0.96493557,1.897e-05,5.57137709,-5.65291313,30.59,795866.33154,2023-09-01 09:00:00+00:00,35000,26033.97
2023-09-01,10,BTC-230929-35000-P,BTCUSDT,P,230929-35000,6105.0,6105.0,6105.0,6105.0,0.0,0.0,8635.0,9540.0,3.0,3.89,,0.96841812,9049.0,0.55920906,-0.96758753,1.805e-05,5.21171821,-5.22769298,30.59,795303.32798822,2023-09-01 10:00:00+00:00,35000,25999.31
2023-09-01,11,BTC-230929-35000-P,BTCUSDT,P,230929-35000,6105.0,6105.0,6105.0,6105.0,0.0,0.0,8635.0,9525.0,3.0,3.0,,0.9827137,9007.0,0.56635685,-0.96493306,1.9e-05,5.56641955,-5.66331473,30.59,797032.40074713,2023-09-01 11:00:00+00:00,35000,26047.49
2023-09-01,12,BTC-230929-35000-P,BTCUSDT,P,230929-35000,6105.0,6105.0,6105.0,6105.0,0.0,0.0,8635.0,9530.0,3.0,5.5,,0.99315643,8995.0,0.57157822,-0.96333479,1.953e-05,5.77253585,-5.93604984,30.59,796761.28697535,2023-09-01 12:00:00+00:00,35000,26063.27
2023-09-01,13,BTC-230929-35000-P,BTCUSDT,P,230929-35000,6105.0,6105.0,6105.0,6105.0,0.0,0.0,8730.0,9530.0,3.0,5.5,,0.96393585,9049.0,0.55696793,-0.96852623,1.773e-05,5.0749136,-5.09290617,30.59,795592.92171891,2023-09-01 13:00:00+00:00,35000,26000.0
2023-09-01,14,BTC-230929-35000-P,BTCUSDT,P,230929-35000,6105.0,6105.0,6105.0,6105.0,0.0,0.0,8900.0,9770.0,3.0,4.55,,0.96770287,9320.0,0.55885143,-0.97284095,1.582e-05,4.43849871,-4.47601863,30.59,786786.93883178,2023-09-01 14:00:00+00:00,35000,25717.0
2023-09-01,15,BTC-230929-35000-P,BTCUSDT,P,230929-35000,6105.0,6105.0,6105.0,6105.0,0.0,0.0,8920.0,9890.0,3.0,3.79,,1.07862473,9258.0,0.61431236,-0.95687128,2.098e-05,6.50964519,-7.22702502,30.59,789736.6173693,2023-09-01 15:00:00+00:00,35000,25811.0
2023-09-01,16,BTC-230929-35000-P,BTCUSDT,P,230929-35000,6105.0,6105.0,6105.0,6105.0,0.0,0.0,8920.0,25485.0,3.0,1.5,,7.24966049,9428.0,0.775,-0.90753725,3.013e-05,11.75433175,-16.48796975,30.59,789373.86315535,2023-09-01 16:00:00+00:00,35000,25789.78
2023-09-01,17,BTC-230929-35000-P,BTCUSDT,P,230929-35000,6105.0,6105.0,6105.0,6105.0,0.0,0.0,9220.0,24960.0,3.0,1.5,,6.96235657,9710.0,0.775,-0.91677264,2.822e-05,10.72815053,-15.07126255,30.59,779156.74197535,2023-09-01 17:00:00+00:00,35000,25478.86
2023-09-01,18,BTC-230929-35000-P,BTCUSDT,P,230929-35000,6105.0,6105.0,6105.0,6105.0,0.0,0.0,8965.0,25205.0,3.0,1.5,,7.10613251,9554.0,0.775,-0.91207217,2.923e-05,11.24487802,-15.82107741,30.59,785044.81673891,2023-09-01 18:00:00+00:00,35000,25654.23
2023-09-01,19,BTC-230929-35000-P,BTCUSDT,P,230929-35000,6105.0,6105.0,6105.0,6105.0,0.0,0.0,9040.0,25205.0,3.0,1.5,,7.11088181,9559.0,0.775,-0.91243772,2.917e-05,11.19886242,-15.78020859,30.59,784206.86666822,2023-09-01 19:00:00+00:00,35000,25645.66
2023-09-01,20,BTC-230929-35000-P,BTCUSDT,P,230929-35000,6105.0,6105.0,6105.0,6105.0,0.0,0.0,8860.0,25340.0,3.0,1.5,,7.19734192,9437.0,0.775,-0.90868,2.996e-05,11.60578477,-16.3784147,30.59,788656.9127293,2023-09-01 20:00:00+00:00,35000,25776.62
2023-09-01,21,BTC-230929-35000-P,BTCUSDT,P,230929-35000,6105.0,6105.0,6105.0,6105.0,0.0,0.0,8890.0,25340.0,3.0,1.5,,7.20588684,9408.0,0.775,-0.9079601,3.012e-05,11.6783922,-16.5059273,30.59,789948.7896093,2023-09-01 21:00:00+00:00,35000,25804.49
2023-09-01,22,BTC-230929-35000-P,BTCUSDT,P,230929-35000,6105.0,6105.0,6105.0,6105.0,0.0,0.0,8890.0,25345.0,3.0,1.5,,7.20981598,9444.0,0.775,-0.90935801,2.985e-05,11.51989473,-16.30669341,30.59,788520.97436822,2023-09-01 22:00:00+00:00,35000,25764.3
2023-09-01,23,BTC-230929-35000-P,BTCUSDT,P,230929-35000,6105.0,6105.0,6105.0,6105.0,0.0,0.0,8890.0,25345.0,3.0,1.5,,7.21927643,9408.0,0.775,-0.90837981,3.007e-05,11.62072937,-16.47450266,30.59,789397.39226357,2023-09-01 23:00:00+00:00,35000,25805.05
2023-09-02,0,BTC-230929-35000-P,BTCUSDT,P,230929-35000,6105.0,6105.0,6105.0,6105.0,0.0,0.0,8890.0,25345.0,3.0,1.5,,7.22312927,9422.0,0.775,-0.90905779,2.994e-05,11.54087184,-16.3862691,30.59,789013.04870713,2023-09-02 00:00:00+00:00,35000,25789.12
2023-09-02,1,BTC-230929-35000-P,BTCUSDT,P,230929-35000,6105.0,6105.0,6105.0,6105.0,0.0,0.0,8890.0,25345.0,3.0,1.5,,7.22724915,9434.0,0.775,-0.90966685,2.983e-05,11.46849172,-16.30839873,30.59,788533.725,2023-09-02 01:00:00+00:00,35000,25773.68
2023-09-02,2,BTC-230929-35000-P,BTCUSDT,P,230929-35000,6105.0,6105.0,6105.0,6105.0,0.0,0.0,8890.0,25345.0,3.0,1.5,,7.23129272,9446.0,0.775,-0.91029548,2.972e-05,11.3939384,-16.2271948,30.59,788042.2948507,2023-09-02 02:00:00+00:00,35000,25761.91
2023-09-02,3,BTC-230929-35000-P,BTCUSDT,P,230929-35000,6105.0,6105.0,6105.0,6105.0,0.0,0.0,8890.0,25345.0,3.0,1.5,,7.24069595,9411.0,0.775,-0.90935732,2.993e-05,11.49044114,-16.38973268,30.59,789312.04976248,2023-09-02 03:00:00+00:00,35000,25798.08
2023-09-02,4,BTC-230929-35000-P,BTCUSDT,P,230929-35000,6105.0,6105.0,6105.0,6105.0,0.0,0.0,8890.0,25345.0,3.0,1.5,,7.2441864,9429.0,0.775,-0.91015692,2.978e-05,11.39733555,-16.28190098,30.59,788474.00972109,2023-09-02 04:00:00+00:00,35000,25779.72
2023-09-02,5,BTC-230929-35000-P,BTCUSDT,P,230929-35000,6105.0,6105.0,6105.0,6105.0,0.0,0.0,8890.0,25345.0,3.0,1.5,,7.25406647,9390.0,0.775,-0.90909199,3.001e-05,11.50743665,-16.46447925,30.59,789882.8375693,2023-09-02 05:00:00+00:00,35000,25821.38
2023-09-02,6,BTC-230929-35000-P,BTCUSDT,P,230929-35000,6105.0,6105.0,6105.0,6105.0,0.0,0.0,8890.0,25350.0,3.0,1.5,,7.26024628,9406.0,0.775,-0.90984699,2.987e-05,11.41932445,-16.36358582,30.59,789287.72171535,2023-09-02 06:00:00+00:00,35000,25801.4
2023-09-02,7,BTC-230929-35000-P,BTCUSDT,P,230929-35000,6105.0,6105.0,6105.0,6105.0,0.0,0.0,8890.0,25850.0,3.0,3.73,,7.52231598,9412.0,0.775,-0.91025283,2.98e-05,11.36920296,-16.31690466,30.59,789083.79078109,2023-09-02 07:00:00+00:00,35000,25795.47
2023-09-02,8,BTC-230929-35000-P,BTCUSDT,P,230929-35000,6105.0,6105.0,6105.0,6105.0,0.0,0.0,8810.0,25825.0,3.0,4.51,,7.51384735,9422.0,0.775,-0.91080547,2.97e-05,11.30307388,-16.24706985,30.59,788819.87825535,2023-09-02 08:00:00+00:00,35000,25782.25
2023-09-02,9,BTC-230929-35000-P,BTCUSDT,P,230929-35000,6105.0,6105.0,6105.0,6105.0,0.0,0.0,8810.0,25345.0,3.0,1.5,,7.27556229,9395.0,0.775,-0.91013833,2.986e-05,11.36984353,-16.36834355,30.59,789688.07643752,2023-09-02 09:00:00+00:00,35000,25810.54
2023-09-02,10,BTC-230929-35000-P,BTCUSDT,P,230929-35000,6105.0,6105.0,6105.0,6105.0,0.0,0.0,8810.0,25380.0,3.0,1.5,,7.30110168,9376.0,0.775,-0.90970214,2.997e-05,11.41131084,-16.45351087,30.59,790308.96346713,2023-09-02 10:00:00+00:00,35000,25832.89
2023-09-02,11,BTC-230929-35000-P,BTCUSDT,P,230929-35000,6105.0,6105.0,6105.0,6105.0,0.0,0.0,8810.0,25390.0,3.0,1.5,,7.30998993,9392.0,0.775,-0.91044676,2.983e-05,11.3244483,-16.3536217,30.59,789688.47950574,2023-09-02 11:00:00+00:00,35000,25813.54
2023-09-02,12,BTC-230929-35000-P,BTCUSDT,P,230929-35000,6105.0,6105.0,6105.0,6105.0,0.0,0.0,8810.0,25390.0,3.0,1.5,,7.3151207,9396.0,0.775,-0.91079858,2.977e-05,11.28026873,-16.31515612,30.59,789338.94598908,2023-09-02 12:00:00+00:00,35000,25808.72
2023-09-02,13,BTC-230929-35000-P,BTCUSDT,P,230929-35000,6105.0,6105.0,6105.0,6105.0,0.0,0.0,8820.0,25390.0,3.0,1.5,,7.32265472,9379.0,0.775,-0.91046142,2.985e-05,11.310995,-16.38507912,30.59,790088.51033426,2023-09-02 13:00:00+00:00,35000,25825.01
2023-09-02,14,BTC-230929-35000-P,BTCUSDT,P,230929-35000,6105.0,6105.0,6105.0,6105.0,0.0,0.0,8820.0,10085.0,3.0,3.0,,1.216259,9251.0,0.6831295,-0.93870017,2.534e-05,8.47614679,-10.83988159,30.59,791277.39248357,2023-09-02 14:00:00+00:00,35000,25866.0
2023-09-02,15,BTC-230929-35000-P,BTCUSDT,P,230929-35000,6105.0,6105.0,6105.0,6105.0,0.0,0.0,8820.0,9975.0,3.0,3.0,,1.17515564,9206.0,0.66257782,-0.94436955,2.42e-05,7.85691787,-9.76090735,30.59,792308.80091178,2023-09-02 15:00:00+00:00,35000,25894.76
2023-09-02,16,BTC-230929-35000-P,BTCUSDT,P,230929-35000,6105.0,6105.0,6105.0,6105.0,0.0,0.0,8820.0,9975.0,3.0,3.0,,1.16271019,9233.0,0.65635509,-0.94719448,2.349e-05,7.52358834,-9.27350871,30.59,791127.82897643,2023-09-02 16:00:00+00:00,35000,25861.42
2023-09-02,17,BTC-230929-35000-P,BTCUSDT,P,230929-35000,6105.0,6105.0,6105.0,6105.0,0.0,0.0,8820.0,25405.0,3.0,1.5,,7.35200882,9387.0,0.775,-0.91160093,2.968e-05,11.16352945,-16.27284933,30.59,789959.33416248,2023-09-02 17:00:00+00:00,35000,25813.58
2023-09-02,18,BTC-230929-35000-P,BTCUSDT,P,230929-35000,6105.0,6105.0,6105.0,6105.0,0.0,0.0,8860.0,25405.0,3.0,1.5,,7.35725403,9391.0,0.775,-0.91194846,2.962e-05,11.1198704,-16.23465457,30.59,789441.86292574,2023-09-02 18:00:00+00:00,35000,25809.63
2023-09-02,19,BTC-230929-35000-P,BTCUSDT,P,230929-35000,6105.0,6105.0,6105.0,6105.0,0.0,0.0,8860.0,25405.0,3.0,1.5,,7.36549377,9369.0,0.775,-0.91143696,2.974e-05,11.1695151,-16.33277439,30.59,790272.97523178,2023-09-02 19:00:00+00:00,35000,25833.39
2023-09-02,20,BTC-230929-35000-P,BTCUSDT,P,230929-35000,6105.0,6105.0,6105.0,6105.0,0.0,0.0,8860.0,25405.0,3.0,1.5,,7.37281799,9354.0,0.775,-0.91118755,2.981e-05,11.19061882,-16.38940307,30.59,790617.76411891,2023-09-02 20:00:00+00:00,35000,25848.99
2023-09-02,21,BTC-230929-35000-P,BTCUSDT,P,230929-35000,6105.0,6105.0,6105.0,6105.0,0.0,0.0,8860.0,25405.0,3.0,1.5,,7.37957001,9345.0,0.775,-0.91111696,2.984e-05,11.19230802,-16.4177317,30.59,790948.61476248,2023-09-02 21:00:00+00:00,35000,25858.85
2023-09-02,22,BTC-230929-35000-P,BTCUSDT,P,230929-35000,6105.0,6105.0,6105.0,6105.0,0.0,0.0,8860.0,25405.0,3.0,1.5,,7.38571167,9342.0,0.775,-0.91122069,2.984e-05,11.17511659,-16.41841053,30.59,791081.44374,2023-09-02 22:00:00+00:00,35000,25861.51
2023-09-02,23,BTC-230929-35000-P,BTCUSDT,P,230929-35000,6105.0,6105.0,6105.0,6105.0,0.0,0.0,8860.0,25430.0,3.0,1.5,,7.40524292,9334.0,0.775,-0.91117652,2.986e-05,11.17392447,-16.44263479,30.59,791243.45557752,2023-09-02 23:00:00+00:00,35000,25869.51
2023-09-03,0,BTC-230929-35000-P,BTCUSDT,P,230929-35000,6105.0,6105.0,6105.0,6105.0,0.0,0.0,8860.0,25430.0,3.0,1.5,,7.41119385,9332.0,0.775,-0.91134519,2.984e-05,11.14971171,-16.43300686,30.59,791366.59292357,2023-09-03 00:00:00+00:00,35000,25869.99
2023-09-03,1,BTC-230929-35000-P,BTCUSDT,P,230929-35000,6105.0,6105.0,6105.0,6105.0,0.0,0.0,8860.0,25435.0,3.0,1.5,,7.41924286,9335.0,0.775,-0.91166112,2.979e-05,11.10958493,-16.39985623,30.59,791251.70935603,2023-09-03 01:00:00+00:00,35000,25867.4
2023-09-03,2,BTC-230929-35000-P,BTCUSDT,P,230929-35000,6105.0,6105.0,6105.0,6105.0,0.0,0.0,8860.0,25435.0,3.0,1.5,,7.42450714,9340.0,0.775,-0.91204233,2.973e-05,11.06240333,-16.3561694,30.59,791236.06359426,2023-09-03 02:00:00+00:00,35000,25860.46
2023-09-03,3,BTC-230929-35000-P,BTCUSDT,P,230929-35000,6105.0,6105.0,6105.0,6105.0,0.0,0.0,8775.0,25435.0,3.0,1.5,,7.43083954,9336.0,0.775,-0.91212152,2.972e-05,11.04789329,-16.36072646,30.59,791185.71965178,2023-09-03 03:00:00+00:00,35000,25863.91
2023-09-03,4,BTC-230929-35000-P,BTCUSDT,P,230929-35000,6105.0,6105.0,6105.0,6105.0,0.0,0.0,8775.0,25435.0,3.0,1.5,,7.4379158,9325.0,0.775,-0.91198488,2.977e-05,11.05670613,-16.39989178,30.59,791537.2607207,2023-09-03 04:00:00+00:00,35000,25874.99
2023-09-03,5,BTC-230929-35000-P,BTCUSDT,P,230929-35000,6105.0,6105.0,6105.0,6105.0,0.0,0.0,8775.0,25435.0,3.0,1.5,,7.44632721,9302.0,0.775,-0.91146805,2.99e-05,11.10649125,-16.50005157,30.59,792272.5247707,2023-09-03 05:00:00+00:00,35000,25900.06
2023-09-03,6,BTC-230929-35000-P,BTCUSDT,P,230929-35000,6105.0,6105.0,6105.0,6105.0,0.0,0.0,8775.0,25455.0,3.0,1.5,,7.46376038,9292.0,0.775,-0.91134369,2.994e-05,11.11387274,-16.53743529,30.59,792642.91928713,2023-09-03 06:00:00+00:00,35000,25910.0
2023-09-03,7,BTC-230929-35000-P,BTCUSDT,P,230929-35000,6105.0,6105.0,6105.0,6105.0,0.0,0.0,8775.0,25955.0,3.0,4.15,,7.73777008,9252.0,0.775,-0.9102601,3.019e-05,11.22429164,-16.72850413,30.59,793835.04037752,2023-09-03 07:00:00+00:00,35000,25956.22
2023-09-03,8,BTC-230929-35000-P,BTCUSDT,P,230929-35000,6105.0,6105.0,6105.0,6105.0,0.0,0.0,8715.0,10410.0,3.0,3.0,,1.38859749,9311.0,0.76929874,-0.91443857,2.945e-05,10.79333008,-15.99349902,30.59,791710.90316713,2023-09-03 08:00:00+00:00,35000,25882.18
2023-09-03,9,BTC-230929-35000-P,BTCUSDT,P,230929-35000,6105.0,6105.0,6105.0,6105.0,0.0,0.0,8715.0,25470.0,3.0,1.5,,7.48897552,9294.0,0.775,-0.91210197,2.983e-05,11.01416291,-16.46811403,30.59,792442.15482472,2023-09-03 09:00:00+00:00,35000,25905.02
2023-09-03,10,BTC-230929-35000-P,BTCUSDT,P,230929-35000,6105.0,6105.0,6105.0,6105.0,0.0,0.0,8715.0,25970.0,3.0,5.63,,7.76245117,9268.0,0.775,-0.91147636,2.998e-05,11.07543943,-16.58639946,30.59,793287.14468713,2023-09-03 10:00:00+00:00,35000,25932.97
2023-09-03,11,BTC-230929-35000-P,BTCUSDT,P,230929-35000,6105.0,6105.0,6105.0,6105.0,0.0,0.0,8715.0,10315.0,3.0,1.5,,1.3698864,9242.0,0.7599432,-0.91621511,2.935e-05,10.62441515,-15.62699695,30.59,793593.08427426,2023-09-03 11:00:00+00:00,35000,25943.38
2023-09-03,12,BTC-230929-35000-P,BTCUSDT,P,230929-35000,6105.0,6105.0,6105.0,6105.0,0.0,0.0,8725.0,25455.0,3.0,1.5,,7.49837875,9300.0,0.775,-0.91296465,2.969e-05,10.90327526,-16.38132704,30.59,792113.70868822,2023-09-03 12:00:00+00:00,35000,25896.06
2023-09-03,13,BTC-230929-35000-P,BTCUSDT,P,230929-35000,6105.0,6105.0,6105.0,6105.0,0.0,0.0,8325.0,25475.0,1.5,1.5,,7.51455307,9302.0,0.775,-0.91325742,2.964e-05,10.8657656,-16.35138749,30.59,792345.5736907,2023-09-03 13:00:00+00:00,35000,25890.46
2023-09-03,14,BTC-230929-35000-P,BTCUSDT,P,230929-35000,6105.0,6105.0,6105.0,6105.0,0.0,0.0,8715.0,25475.0,3.0,1.5,,7.52408981,9271.0,0.775,-0.91246607,2.983e-05,10.94493848,-16.49722562,30.59,793049.77348465,2023-09-03 14:00:00+00:00,35000,25926.96
2023-09-03,15,BTC-230929-35000-P,BTCUSDT,P,230929-35000,6105.0,6105.0,6105.0,6105.0,0.0,0.0,8765.0,25475.0,3.0,1.5,,7.52464294,9319.0,0.775,-0.91425202,2.946e-05,10.74664713,-16.22463852,30.59,791484.73510248,2023-09-03 15:00:00+00:00,35000,25873.5
2023-09-03,16,BTC-230929-35000-P,BTCUSDT,P,230929-35000,6105.0,6105.0,6105.0,6105.0,0.0,0.0,8805.0,25380.0,3.0,1.5,,7.4785614,9342.0,0.775,-0.91520396,2.926e-05,10.63794009,-16.08663384,30.59,790799.72783426,2023-09-03 16:00:00+00:00,35000,25846.9
2023-09-03,17,BTC-230929-35000-P,BTCUSDT,P,230929-35000,6105.0,6105.0,6105.0,6105.0,0.0,0.0,8805.0,25390.0,3.0,1.5,,7.49408722,9304.0,0.775,-0.91420944,2.95e-05,10.73941166,-16.26652822,30.59,791922.22248574,2023-09-03 17:00:00+00:00,35000,25888.0
2023-09-03,18,BTC-230929-35000-P,BTCUSDT,P,230929-35000,6105.0,6105.0,6105.0,6105.0,0.0,0.0,8805.0,9965.0,3.0,3.0,,1.21024132,9173.0,0.68012066,-0.94254305,2.468e-05,7.89896841,-10.51663785,30.59,793192.02418248,2023-09-03 18:00:00+00:00,35000,25934.01
2023-09-03,19,BTC-230929-35000-P,BTCUSDT,P,230929-35000,6105.0,6105.0,6105.0,6105.0,0.0,0.0,8805.0,9945.0,3.0,3.0,,1.23087883,9108.0,0.69043941,-0.93764264,2.586e-05,8.44022065,-11.42638894,30.59,795637.46795643,2023-09-03 19:00:00+00:00,35000,26011.16
2023-09-03,20,BTC-230929-35000-P,BTCUSDT,P,230929-35000,6105.0,6105.0,6105.0,6105.0,0.0,0.0,8805.0,25640.0,3.0,1.5,,7.66057968,9156.0,0.775,-0.90999445,3.046e-05,11.17231592,-17.00531764,30.59,797022.40321535,2023-09-03 20:00:00+00:00,35000,26048.18
2023-09-03,21,BTC-230929-35000-P,BTCUSDT,P,230929-35000,6105.0,6105.0,6105.0,6105.0,0.0,0.0,8805.0,9885.0,3.0,3.0,,1.18636131,9131.0,0.66818066,-0.94574576,2.404e-05,7.54068705,-9.91187986,30.59,794314.81393752,2023-09-03 21:00:00+00:00,35000,25967.7
2023-09-03,22,BTC-230929-35000-P,BTCUSDT,P,230929-35000,6105.0,6105.0,6105.0,6105.0,0.0,0.0,8805.0,9885.0,3.0,3.0,,1.18078232,9144.0,0.66539116,-0.94711311,2.369e-05,7.37898418,-9.67469674,30.59,793796.81181531,2023-09-03 22:00:00+00:00,35000,25950.6
2023-09-03,23,BTC-230929-35000-P,BTCUSDT,P,230929-35000,6105.0,6105.0,6105.0,6105.0,0.0,0.0,8805.0,9885.0,3.0,3.0,,1.18998528,9128.0,0.66999264,-0.94543467,2.411e-05,7.56367196,-10.00184647,30.59,794460.98458447,2023-09-03 23:00:00+00:00,35000,25971.21
2023-09-04,0,BTC-230929-35000-P,BTCUSDT,P,230929-35000,6105.0,6105.0,6105.0,6105.0,0.0,0.0,8805.0,25515.0,3.0,1.5,,7.60511398,9280.0,0.775,-0.91499042,2.944e-05,10.61385802,-16.26175197,30.59,792580.22398456,2023-09-04 00:00:00+00:00,35000,25910.09
2023-09-04,1,BTC-230929-35000-P,BTCUSDT,P,230929-35000,6105.0,6105.0,6105.0,6105.0,0.0,0.0,8805.0,25515.0,3.0,1.5,,7.61119843,9281.0,0.775,-0.91524556,2.94e-05,10.58050356,-16.23739901,30.59,792426.55797697,2023-09-04 01:00:00+00:00,35000,25908.49
2023-09-04,2,BTC-230929-35000-P,BTCUSDT,P,230929-35000,6105.0,6105.0,6105.0,6105.0,0.0,0.0,8805.0,9945.0,3.0,3.0,,1.22781754,9129.0,0.68890877,-0.93999512,2.532e-05,8.13495903,-11.11585196,30.59,795222.40330013,2023-09-04 02:00:00+00:00,35000,25983.16
2023-09-04,3,BTC-230929-35000-P,BTCUSDT,P,230929-35000,6105.0,6105.0,6105.0,6105.0,0.0,0.0,8805.0,9930.0,3.0,3.0,,1.22310638,9123.0,0.68655319,-0.94076217,2.517e-05,8.04803697,-10.97762171,30.59,795004.36719237,2023-09-04 03:00:00+00:00,35000,25987.56
2023-09-04,4,BTC-230929-35000-P,BTCUSDT,P,230929-35000,6105.0,6105.0,6105.0,6105.0,0.0,0.0,8805.0,9930.0,3.0,3.0,,1.22202873,9127.0,0.68601437,-0.94122978,2.506e-05,7.98985521,-10.90776703,30.59,794810.0568232,2023-09-04 04:00:00+00:00,35000,25982.64
2023-09-04,5,BTC-230929-35000-P,BTCUSDT,P,230929-35000,6105.0,6105.0,6105.0,6105.0,0.0,0.0,8805.0,25505.0,3.0,1.5,,7.63420105,9252.0,0.775,-0.91519906,2.948e-05,10.56172585,-16.31627992,30.59,793528.92073092,2023-09-04 05:00:00+00:00,35000,25934.44
2023-09-04,6,BTC-230929-35000-P,BTCUSDT,P,230929-35000,6105.0,6105.0,6105.0,6105.0,0.0,0.0,8805.0,9710.0,3.0,3.79,,1.10351563,9099.0,0.62675781,-0.95874048,2.073e-05,6.01056847,-7.52180168,30.59,794340.05323842,2023-09-04 06:00:00+00:00,35000,25967.48
2023-09-04,7,BTC-230929-35000-P,BTCUSDT,P,230929-35000,6105.0,6105.0,6105.0,6105.0,0.0,0.0,8805.0,9710.0,3.0,3.79,,1.10319138,9102.0,0.62659569,-0.95898156,2.066e-05,5.97645052,-7.48963278,30.59,794251.25151643,2023-09-04 07:00:00+00:00,35000,25964.96
2023-09-04,8,BTC-230929-35000-P,BTCUSDT,P,230929-35000,6105.0,6105.0,6105.0,6105.0,0.0,0.0,8640.0,9465.0,3.0,3.0,,0.97045898,9048.0,0.56022949,-0.97497601,1.537e-05,3.97461897,-4.46083018,30.59,794904.82666,2023-09-04 08:00:00+00:00,35000,25986.08
2023-09-04,9,BTC-230929-35000-P,BTCUSDT,P,230929-35000,6105.0,6105.0,6105.0,6105.0,0.0,0.0,8715.0,9465.0,3.0,3.0,,0.95264435,9077.0,0.55132217,-0.97748145,1.432e-05,3.62953031,-4.01546411,30.59,793809.3663707,2023-09-04 09:00:00+00:00,35000,25952.21
2023-09-04,10,BTC-230929-35000-P,BTCUSDT,P,230929-35000,6105.0,6105.0,6105.0,6105.0,0.0,0.0,8755.0,9465.0,3.0,3.0,,0.92761993,9116.0,0.53880997,-0.98068456,1.29e-05,3.17934924,-3.44334525,30.59,792646.59368574,2023-09-04 10:00:00+00:00,35000,25907.79
2023-09-04,11,BTC-230929-35000-P,BTCUSDT,P,230929-35000,6105.0,6105.0,6105.0,6105.0,0.0,0.0,8775.0,9510.0,3.0,3.0,,0.95039368,9134.0,0.55019684,-0.97872806,1.373e-05,3.44547347,-3.81682093,30.59,792149.17509426,2023-09-04 11:00:00+00:00,35000,25892.49
2023-09-04,12,BTC-230929-35000-P,BTCUSDT,P,230929-35000,6105.0,6105.0,6105.0,6105.0,0.0,0.0,8625.0,9650.0,1.5,2.18,,1.02197647,9182.0,0.58598824,-0.97166331,1.643e-05,4.37324891,-5.16841254,30.59,791023.02154627,2023-09-04 12:00:00+00:00,35000,25858.38
2023-09-04,13,BTC-230929-35000-P,BTCUSDT,P,230929-35000,6105.0,6105.0,6105.0,6105.0,0.0,0.0,8795.0,9640.0,3.0,3.0,,1.0297966,9159.0,0.5898983,-0.97045321,1.69e-05,4.5285596,-5.39674416,30.59,791726.7991707,2023-09-04 13:00:00+00:00,35000,25883.35
2023-09-04,14,BTC-230929-35000-P,BTCUSDT,P,230929-35000,6105.0,6105.0,6105.0,6105.0,0.0,0.0,8810.0,9640.0,3.0,3.0,,1.01568222,9184.0,0.58284111,-0.97265381,1.607e-05,4.23780307,-4.99824221,30.59,790858.4750293,2023-09-04 14:00:00+00:00,35000,25854.41
2023-09-04,15,BTC-230929-35000-P,BTCUSDT,P,230929-35000,6105.0,6105.0,6105.0,6105.0,0.0,0.0,8905.0,9640.0,3.0,3.0,,0.99513054,9218.0,0.57256527,-0.97561553,1.49e-05,3.84102312,-4.4579096,30.59,789756.88954248,2023-09-04 15:00:00+00:00,35000,25814.23
2023-09-04,16,BTC-230929-35000-P,BTCUSDT,P,230929-35000,6105.0,6105.0,6105.0,6105.0,0.0,0.0,8905.0,9640.0,3.0,3.0,,1.0218811,9176.0,0.58594055,-0.97204021,1.63e-05,4.31104627,-5.12896577,30.59,791042.91113643,2023-09-04 16:00:00+00:00,35000,25864.08
2023-09-04,17,BTC-230929-35000-P,BTCUSDT,P,230929-35000,6105.0,6105.0,6105.0,6105.0,0.0,0.0,8905.0,9640.0,3.0,3.0,,1.04564667,9138.0,0.59782333,-0.96863902,1.756e-05,4.74617113,-5.77092308,30.59,792507.27962822,2023-09-04 17:00:00+00:00,35000,25907.48
2023-09-04,18,BTC-230929-35000-P,BTCUSDT,P,230929-35000,6105.0,6105.0,6105.0,6105.0,0.0,0.0,8905.0,9640.0,3.0,3.0,,1.05049133,9131.0,0.60024567,-0.96804131,1.777e-05,4.81818616,-5.89221189,30.59,792754.55839178,2023-09-04 18:00:00+00:00,35000,25915.66
2023-09-04,19,BTC-230929-35000-P,BTCUSDT,P,230929-35000,6105.0,6105.0,6105.0,6105.0,0.0,0.0,8905.0,9640.0,3.0,3.0,,1.04012489,9150.0,0.59506245,-0.96978082,1.715e-05,4.59228074,-5.57692352,30.59,792087.35090465,2023-09-04 19:00:00+00:00,35000,25893.18
2023-09-04,20,BTC-230929-35000-P,BTCUSDT,P,230929-35000,6105.0,6105.0,6105.0,6105.0,0.0,0.0,8905.0,9640.0,3.0,3.0,,1.01076126,9200.0,0.58038063,-0.97414678,1.549e-05,4.02018907,-4.7698237,30.59,790351.55554357,2023-09-04 20:00:00+00:00,35000,25836.68
2023-09-04,21,BTC-230929-35000-P,BTCUSDT,P,230929-35000,6105.0,6105.0,6105.0,6105.0,0.0,0.0,8995.0,10590.0,3.0,3.0,,1.44499779,9481.0,0.775,-0.92580152,2.728e-05,9.32383978,-14.79721312,30.59,785506.03836357,2023-09-04 21:00:00+00:00,35000,25677.71
2023-09-04,22,BTC-230929-35000-P,BTCUSDT,P,230929-35000,6105.0,6105.0,6105.0,6105.0,0.0,0.0,9025.0,10205.0,3.0,3.0,,1.29788399,9343.0,0.72394199,-0.93841307,2.521e-05,8.09848832,-12.02632409,30.59,788625.41582574,2023-09-04 22:00:00+00:00,35000,25775.01
2023-09-04,23,BTC-230929-35000-P,BTCUSDT,P,230929-35000,6105.0,6105.0,6105.0,6105.0,0.0,0.0,9025.0,10155.0,3.0,3.0,,1.29343033,9294.0,0.72171516,-0.93796948,2.54e-05,8.15288937,-12.09053649,30.59,789762.85639178,2023-09-04 23:00:00+00:00,35000,25826.02
2023-09-05,0,BTC-230929-35000-P,BTCUSDT,P,230929-35000,6105.0,6105.0,6105.0,6105.0,0.0,0.0,9025.0,10155.0,3.0,3.0,,1.27187729,9340.0,0.71093864,-0.94270461,2.431e-05,7.63718789,-11.17578611,30.59,788225.8960307,2023-09-05 00:00:00+00:00,35000,25768.49
2023-09-05,1,BTC-230929-35000-P,BTCUSDT,P,230929-35000,6105.0,6105.0,6105.0,6105.0,0.0,0.0,9025.0,10155.0,3.0,3.0,,1.26756668,9350.0,0.70878334,-0.94381794,2.404e-05,7.5096255,-10.97462868,30.59,787724.17324574,2023-09-05 01:00:00+00:00,35000,25753.14
2023-09-05,2,BTC-230929-35000-P,BTCUSDT,P,230929-35000,6105.0,6105.0,6105.0,6105.0,0.0,0.0,9025.0,25260.0,3.0,1.5,,7.61100769,9484.0,0.775,-0.92696731,2.707e-05,9.16988569,-14.67812326,30.59,785468.05570763,2023-09-05 02:00:00+00:00,35000,25670.49
2023-09-05,3,BTC-230929-35000-P,BTCUSDT,P,230929-35000,6105.0,6105.0,6105.0,6105.0,0.0,0.0,9065.0,25175.0,3.0,1.5,,7.57471085,9465.0,0.775,-0.92661049,2.718e-05,9.20354281,-14.75739779,30.59,785958.74956145,2023-09-05 03:00:00+00:00,35000,25692.45
2023-09-05,4,BTC-230929-35000-P,BTCUSDT,P,230929-35000,6105.0,6105.0,6105.0,6105.0,0.0,0.0,9065.0,25240.0,3.0,1.5,,7.61657715,9457.0,0.775,-0.9266017,2.719e-05,9.19917407,-14.77586836,30.59,786001.14192311,2023-09-05 04:00:00+00:00,35000,25698.24
2023-09-05,5,BTC-230929-35000-P,BTCUSDT,P,230929-35000,6105.0,6105.0,6105.0,6105.0,0.0,0.0,9065.0,25240.0,3.0,1.5,,7.62691498,9425.0,0.775,-0.92586385,2.739e-05,9.27413786,-14.92204855,30.59,787078.37156109,2023-09-05 05:00:00+00:00,35000,25733.31
2023-09-05,6,BTC-230929-35000-P,BTCUSDT,P,230929-35000,6105.0,6105.0,6105.0,6105.0,0.0,0.0,9065.0,9995.0,3.0,4.93,,1.16009712,9374.0,0.65504856,-0.96038815,1.979e-05,5.63700586,-7.67939854,30.59,786186.53990465,2023-09-05 06:00:00+00:00,35000,25690.0
2023-09-05,7,BTC-230929-35000-P,BTCUSDT,P,230929-35000,6105.0,6105.0,6105.0,6105.0,0.0,0.0,9065.0,9995.0,3.0,4.93,,1.18083954,9337.0,0.66541977,-0.95700174,2.081e-05,6.02959451,-8.35876969,30.59,787220.25877752,2023-09-05 07:00:00+00:00,35000,25735.56
2023-09-05,8,BTC-230929-35000-P,BTCUSDT,P,230929-35000,6105.0,6105.0,6105.0,6105.0,0.0,0.0,8940.0,9875.0,3.0,3.94,,1.10069275,9341.0,0.62534637,-0.96752493,1.764e-05,4.78534014,-6.24520417,30.59,786259.52764465,2023-09-05 08:00:00+00:00,35000,25710.92
2023-09-05,9,BTC-230929-35000-P,BTCUSDT,P,230929-35000,6105.0,6105.0,6105.0,6105.0,0.0,0.0,8940.0,9870.0,3.0,3.0,,1.12030029,9302.0,0.63515015,-0.96452391,1.866e-05,5.15052308,-6.83906739,30.59,787779.81825535,2023-09-05 09:00:00+00:00,35000,25752.27
2023-09-05,10,BTC-230929-35000-P,BTCUSDT,P,230929-35000,6105.0,6105.0,6105.0,6105.0,0.0,0.0,8940.0,9865.0,3.0,2.77,,1.12077713,9297.0,0.63538857,-0.96450627,1.867e-05,5.14913891,-6.85173278,30.59,787795.54511426,2023-09-05 10:00:00+00:00,35000,25758.01
2023-09-05,11,BTC-230929-35000-P,BTCUSDT,P,230929-35000,6105.0,6105.0,6105.0,6105.0,0.0,0.0,8940.0,9865.0,3.0,2.77,,1.13396645,9276.0,0.64198322,-0.96254105,1.931e-05,5.38194445,-7.24849588,30.59,788666.62955287,2023-09-05 11:00:00+00:00,35000,25783.68
2023-09-05,12,BTC-230929-35000-P,BTCUSDT,P,230929-35000,6105.0,6105.0,6105.0,6105.0,0.0,0.0,8940.0,9865.0,3.0,2.77,,1.154356,9241.0,0.652178,-0.95928825,2.033e-05,5.76375115,-7.89980359,30.59,790163.44863643,2023-09-05 12:00:00+00:00,35000,25824.26
2023-09-05,13,BTC-230929-35000-P,BTCUSDT,P,230929-35000,6105.0,6105.0,6105.0,6105.0,0.0,0.0,8845.0,9750.0,1.5,4.91,,1.04270935,9299.0,0.59635468,-0.97409903,1.538e-05,3.9525097,-4.9623084,30.59,787305.75962713,2023-09-05 13:00:00+00:00,35000,25736.25
2023-09-05,14,BTC-230929-35000-P,BTCUSDT,P,230929-35000,6105.0,6105.0,6105.0,6105.0,0.0,0.0,8980.0,9870.0,3.0,2.56,,1.10723495,9333.0,0.62861748,-0.96739582,1.769e-05,4.77731371,-6.33343007,30.59,786604.52166465,2023-09-05 14:00:00+00:00,35000,25716.23
2023-09-05,15,BTC-230929-35000-P,BTCUSDT,P,230929-35000,6105.0,6105.0,6105.0,6105.0,0.0,0.0,8980.0,9870.0,3.0,2.56,,1.1295414,9296.0,0.6397707,-0.96408587,1.881e-05,5.17672051,-6.9969982,30.59,787842.83005643,2023-09-05 15:00:00+00:00,35000,25759.37
2023-09-05,16,BTC-230929-35000-P,BTCUSDT,P,230929-35000,6105.0,6105.0,6105.0,6105.0,0.0,0.0,8980.0,25310.0,3.0,1.5,,7.74116516,9393.0,0.775,-0.92733821,2.72e-05,9.05484141,-14.85184901,30.59,788022.06586357,2023-09-05 16:00:00+00:00,35000,25753.62
2023-09-05,17,BTC-230929-35000-P,BTCUSDT,P,230929-35000,6105.0,6105.0,6105.0,6105.0,0.0,0.0,8980.0,25310.0,3.0,1.5,,7.74684906,9402.0,0.775,-0.92782136,2.71e-05,8.99710321,-14.78321886,30.59,787546.0638707,2023-09-05 17:00:00+00:00,35000,25749.08
2023-09-05,18,BTC-230929-35000-P,BTCUSDT,P,230929-35000,6105.0,6105.0,6105.0,6105.0,0.0,0.0,8980.0,25310.0,3.0,1.5,,7.75297165,9408.0,0.775,-0.92820253,2.702e-05,8.95041781,-14.73253888,30.59,787411.42828357,2023-09-05 18:00:00+00:00,35000,25742.39
2023-09-05,19,BTC-230929-35000-P,BTCUSDT,P,230929-35000,6105.0,6105.0,6105.0,6105.0,0.0,0.0,8980.0,25310.0,3.0,1.5,,7.75356293,9460.0,0.775,-0.92992546,2.66e-05,8.75782804,-14.44109231,30.59,785971.26907752,2023-09-05 19:00:00+00:00,35000,25683.93
2023-09-05,20,BTC-230929-35000-P,BTCUSDT,P,230929-35000,6105.0,6105.0,6105.0,6105.0,0.0,0.0,8980.0,25310.0,3.0,1.5,,7.76374817,9431.0,0.775,-0.92933233,2.677e-05,8.81713773,-14.5647141,30.59,786455.97302574,2023-09-05 20:00:00+00:00,35000,25714.41
2023-09-05,21,BTC-230929-35000-P,BTCUSDT,P,230929-35000,6105.0,6105.0,6105.0,6105.0,0.0,0.0,8980.0,25810.0,3.0,2.57,,8.04847717,9412.0,0.775,-0.92897975,2.688e-05,8.85014428,-14.64524931,30.59,787246.11647271,2023-09-05 21:00:00+00:00,35000,25735.02
2023-09-05,22,BTC-230929-35000-P,BTCUSDT,P,230929-35000,6105.0,6105.0,6105.0,6105.0,0.0,0.0,8980.0,25310.0,3.0,1.5,,7.78345108,9381.0,0.775,-0.92830129,2.706e-05,8.91832707,-14.78438515,30.59,788216.28460834,2023-09-05 22:00:00+00:00,35000,25768.29
2023-09-05,23,BTC-230929-35000-P,BTCUSDT,P,230929-35000,6105.0,6105.0,6105.0,6105.0,0.0,0.0,8980.0,25310.0,3.0,1.5,,7.79310226,9357.0,0.775,-0.92784015,2.719e-05,8.9627906,-14.884627,30.59,788957.3641107,2023-09-05 23:00:00+00:00,35000,25792.1
2023-09-06,0,BTC-230929-35000-P,BTCUSDT,P,230929-35000,6105.0,6105.0,6105.0,6105.0,0.0,0.0,8980.0,25840.0,3.0,5.39,,8.09410095,9348.0,0.775,-0.92779116,2.722e-05,8.96266618,-14.91104723,30.59,789078.78841643,2023-09-06 00:00:00+00:00,35000,25803.43
2023-09-06,1,BTC-230929-35000-P,BTCUSDT,P,230929-35000,6105.0,6105.0,6105.0,6105.0,0.0,0.0,8980.0,25840.0,3.0,5.39,,8.09932709,9365.0,0.775,-0.92850419,2.706e-05,8.88028653,-14.80047018,30.59,788702.83371752,2023-09-06 01:00:00+00:00,35000,25783.33
2023-09-06,2,BTC-230929-35000-P,BTCUSDT,P,230929-35000,6105.0,6105.0,6105.0,6105.0,0.0,0.0,8980.0,25880.0,3.0,5.71,,8.13640594,9302.0,0.775,-0.92687501,2.748e-05,9.05037889,-15.11103801,30.59,790906.9295893,2023-09-06 02:00:00+00:00,35000,25849.65
2023-09-06,3,BTC-230929-35000-P,BTCUSDT,P,230929-35000,6105.0,6105.0,6105.0,6105.0,0.0,0.0,8980.0,25385.0,3.0,1.5,,7.86100388,9364.0,0.775,-0.92890301,2.699e-05,8.82646905,-14.76369085,30.59,788728.03987752,2023-09-06 03:00:00+00:00,35000,25782.86
2023-09-06,4,BTC-230929-35000-P,BTCUSDT,P,230929-35000,6105.0,6105.0,6105.0,6105.0,0.0,0.0,8980.0,25385.0,3.0,1.5,,7.86506653,9388.0,0.775,-0.92984159,2.677e-05,8.7196507,-14.61129927,30.59,787874.46440546,2023-09-06 04:00:00+00:00,35000,25755.39
2023-09-06,5,BTC-230929-35000-P,BTCUSDT,P,230929-35000,6105.0,6105.0,6105.0,6105.0,0.0,0.0,8980.0,25385.0,3.0,1.5,,7.8711319,9396.0,0.775,-0.93028978,2.667e-05,8.66583685,-14.54733616,30.59,787493.27272822,2023-09-06 05:00:00+00:00,35000,25746.55
2023-09-06,6,BTC-230929-35000-P,BTCUSDT,P,230929-35000,6105.0,6105.0,6105.0,6105.0,0.0,0.0,8980.0,9900.0,3.0,3.34,,1.17133141,9285.0,0.6606657,-0.96073419,1.984e-05,5.49796491,-7.88205793,30.59,788614.30625752,2023-09-06 06:00:00+00:00,35000,25780.01
2023-09-06,7,BTC-230929-35000-P,BTCUSDT,P,230929-35000,6105.0,6105.0,6105.0,6105.0,0.0,0.0,8980.0,9905.0,3.0,4.14,,1.15166664,9327.0,0.65083332,-0.96421699,1.872e-05,5.0819817,-7.19026383,30.59,787037.70485535,2023-09-06 07:00:00+00:00,35000,25728.93
2023-09-06,8,BTC-230929-35000-P,BTCUSDT,P,230929-35000,6105.0,6105.0,6105.0,6105.0,0.0,0.0,8875.0,9720.0,3.0,5.62,,1.04790688,9284.0,0.59895344,-0.97546893,1.487e-05,3.71493326,-4.84588949,30.59,787686.22005287,2023-09-06 08:00:00+00:00,35000,25749.93
2023-09-06,9,BTC-230929-35000-P,BTCUSDT,P,230929-35000,6105.0,6105.0,6105.0,6105.0,0.0,0.0,8895.0,9815.0,3.0,4.22,,1.11268044,9291.0,0.63134022,-0.96852821,1.738e-05,4.56880739,-6.29338995,30.59,787869.25261891,2023-09-06 09:00:00+00:00,35000,25753.47
2023-09-06,10,BTC-230929-35000-P,BTCUSDT,P,230929-35000,6105.0,6105.0,6105.0,6105.0,0.0,0.0,8895.0,9815.0,3.0,4.22,,1.09944344,9314.0,0.62472172,-0.97059585,1.663e-05,4.3101627,-5.8855757,30.59,787003.14535287,2023-09-06 10:00:00+00:00,35000,25726.92
2023-09-06,11,BTC-230929-35000-P,BTCUSDT,P,230929-35000,6105.0,6105.0,6105.0,6105.0,0.0,0.0,8895.0,9815.0,3.0,4.22,,1.10204697,9312.0,0.62602348,-0.97038457,1.671e-05,4.33241692,-5.93910954,30.59,786895.18784465,2023-09-06 11:00:00+00:00,35000,25733.29
2023-09-06,12,BTC-230929-35000-P,BTCUSDT,P,230929-35000,6105.0,6105.0,6105.0,6105.0,0.0,0.0,8925.0,9815.0,3.0,4.22,,1.09405518,9326.0,0.62202759,-0.97165679,1.624e-05,4.17060837,-5.6911857,30.59,786900.99634574,2023-09-06 12:00:00+00:00,35000,25713.63
2023-09-06,13,BTC-230929-35000-P,BTCUSDT,P,230929-35000,6105.0,6105.0,6105.0,6105.0,0.0,0.0,8925.0,9815.0,3.0,4.22,,1.10994339,9302.0,0.62997169,-0.96957706,1.7e-05,4.42398285,-6.12523639,30.59,787364.22251535,2023-09-06 13:00:00+00:00,35000,25741.82
2023-09-06,14,BTC-230929-35000-P,BTCUSDT,P,230929-35000,6105.0,6105.0,6105.0,6105.0,0.0,0.0,9060.0,9940.0,3.0,2.3,,1.12315178,9428.0,0.63657589,-0.97037933,1.655e-05,4.30181561,-6.02957219,30.59,783569.49342822,2023-09-06 14:00:00+00:00,35000,25615.93
2023-09-06,15,BTC-230929-35000-P,BTCUSDT,P,230929-35000,6105.0,6105.0,6105.0,6105.0,0.0,0.0,9070.0,9940.0,3.0,2.3,,1.10988617,9451.0,0.62994308,-0.97234822,1.583e-05,4.05466012,-5.63427309,30.59,782856.38294713,2023-09-06 15:00:00+00:00,35000,25588.02
2023-09-06,16,BTC-230929-35000-P,BTCUSDT,P,230929-35000,6105.0,6105.0,6105.0,6105.0,0.0,0.0,9070.0,25150.0,3.0,1.5,,7.80443192,9528.0,0.775,-0.93633937,2.526e-05,7.95119151,-13.61805584,30.59,783380.41483891,2023-09-06 16:00:00+00:00,35000,25595.2
2023-09-06,17,BTC-230929-35000-P,BTCUSDT,P,230929-35000,6105.0,6105.0,6105.0,6105.0,0.0,0.0,8105.0,10785.0,3.0,3.0,,1.65719986,9275.0,0.775,-0.92946114,2.708e-05,8.69080236,-14.91225471,30.59,792333.43485891,2023-09-06 17:00:00+00:00,35000,25860.01
2023-09-06,18,BTC-230929-35000-P,BTCUSDT,P,230929-35000,6105.0,6105.0,6105.0,6105.0,0.0,0.0,9030.0,25235.0,3.0,1.5,,7.86952972,9494.0,0.775,-0.93583682,2.543e-05,7.99627864,-13.74590632,30.59,784565.97167535,2023-09-06 18:00:00+00:00,35000,25630.0
2023-09-06,19,BTC-230929-35000-P,BTCUSDT,P,230929-35000,6105.0,6105.0,6105.0,6105.0,0.0,0.0,9050.0,25235.0,3.0,1.5,,7.88192749,9451.0,0.775,-0.93488469,2.57e-05,8.09501308,-13.94140424,30.59,785539.78093287,2023-09-06 19:00:00+00:00,35000,25689.54
2023-09-06,20,BTC-230929-35000-P,BTCUSDT,P,230929-35000,6105.0,6105.0,6105.0,6105.0,0.0,0.0,9050.0,25235.0,3.0,1.5,,7.88948059,9449.0,0.775,-0.93502595,2.567e-05,8.07462014,-13.93208323,30.59,785602.60199643,2023-09-06 20:00:00+00:00,35000,25681.37
2023-09-06,21,BTC-230929-35000-P,BTCUSDT,P,230929-35000,6105.0,6105.0,6105.0,6105.0,0.0,0.0,8920.0,25270.0,3.0,1.5,,7.92125702,9406.0,0.775,-0.93405917,2.595e-05,8.17444899,-14.13054579,30.59,787013.89144,2023-09-06 21:00:00+00:00,35000,25725.62
2023-09-06,22,BTC-230929-35000-P,BTCUSDT,P,230929-35000,6105.0,6105.0,6105.0,6105.0,0.0,0.0,8920.0,25785.0,3.0,5.93,,8.2207489,9385.0,0.775,-0.93370377,2.606e-05,8.2077691,-14.21456483,30.59,787244.2017507,2023-09-06 22:00:00+00:00,35000,25748.24
2023-09-06,23,BTC-230929-35000-P,BTCUSDT,P,230929-35000,6105.0,6105.0,6105.0,6105.0,0.0,0.0,8920.0,25795.0,3.0,3.06,,8.23551178,9373.0,0.775,-0.93358684,2.611e-05,8.21523865,-14.25404474,30.59,788007.75299712,2023-09-06 23:00:00+00:00,35000,25759.95
2023-09-07,0,BTC-230929-35000-P,BTCUSDT,P,230929-35000,6105.0,6105.0,6105.0,6105.0,0.0,0.0,8920.0,25295.0,3.0,1.5,,7.96085358,9375.0,0.775,-0.9338527,2.605e-05,8.18135961,-14.22179531,30.59,787833.85099178,2023-09-07 00:00:00+00:00,35000,25758.64
2023-09-07,1,BTC-230929-35000-P,BTCUSDT,P,230929-35000,6105.0,6105.0,6105.0,6105.0,0.0,0.0,8920.0,25295.0,3.0,1.5,,7.96699524,9385.0,0.775,-0.93435923,2.593e-05,8.12148547,-14.14415274,30.59,787714.41323643,2023-09-07 01:00:00+00:00,35000,25745.71
2023-09-07,2,BTC-230929-35000-P,BTCUSDT,P,230929-35000,6105.0,6105.0,6105.0,6105.0,0.0,0.0,8920.0,25280.0,3.0,1.5,,7.96669006,9380.0,0.775,-0.93443411,2.593e-05,8.10826192,-14.14761662,30.59,787728.95968109,2023-09-07 02:00:00+00:00,35000,25750.01
2023-09-07,3,BTC-230929-35000-P,BTCUSDT,P,230929-35000,6105.0,6105.0,6105.0,6105.0,0.0,0.0,8920.0,25350.0,3.0,1.5,,8.022995,9298.0,0.775,-0.93235634,2.65e-05,8.32671063,-14.55608429,30.59,790393.55381426,2023-09-07 03:00:00+00:00,35000,25837.88
2023-09-07,4,BTC-230929-35000-P,BTCUSDT,P,230929-35000,6105.0,6105.0,6105.0,6105.0,0.0,0.0,8920.0,10265.0,3.0,1.5,,1.40906334,9317.0,0.775,-0.93312794,2.631e-05,8.23859617,-14.42917219,30.59,789781.63865178,2023-09-07 04:00:00+00:00,35000,25816.09
2023-09-07,5,BTC-230929-35000-P,BTCUSDT,P,230929-35000,6105.0,6105.0,6105.0,6105.0,0.0,0.0,8920.0,10265.0,3.0,1.5,,1.3999939,9342.0,0.77499695,-0.93403977,2.609e-05,8.13531526,-14.27511214,30.59,789000.67294601,2023-09-07 05:00:00+00:00,35000,25788.92
2023-09-07,6,BTC-230929-35000-P,BTCUSDT,P,230929-35000,6105.0,6105.0,6105.0,6105.0,0.0,0.0,8800.0,10345.0,2.77,1.5,,1.43213272,9365.0,0.775,-0.93490205,2.587e-05,8.03721621,-14.12969215,30.59,788165.6600693,2023-09-07 06:00:00+00:00,35000,25761.87
2023-09-07,8,BTC-230929-35000-P,BTCUSDT,P,230929-35000,6105.0,6105.0,6105.0,6105.0,0.0,0.0,8870.0,9795.0,3.01,4.37,,1.11868858,9296.0,0.63434429,-0.97101061,1.651e-05,4.17620921,-6.03222711,30.59,787610.05490754,2023-09-07 08:00:00+00:00,35000,25744.99
2023-09-07,9,BTC-230929-35000-P,BTCUSDT,P,230929-35000,6105.0,6105.0,6105.0,6105.0,0.0,0.0,8870.0,9795.0,3.01,4.37,,1.11467361,9304.0,0.63233681,-0.97171888,1.625e-05,4.08580113,-5.89414694,30.59,787337.26606162,2023-09-07 09:00:00+00:00,35000,25735.35
2023-09-07,10,BTC-230929-35000-P,BTCUSDT,P,230929-35000,6105.0,6105.0,6105.0,6105.0,0.0,0.0,8880.0,9795.0,2.72,4.37,,1.10999107,9313.0,0.62999554,-0.9724496,1.597e-05,3.99369619,-5.74700179,30.59,787516.7318768,2023-09-07 10:00:00+00:00,35000,25748.76
2023-09-19,9,BTC-230929-35000-P,BTCUSDT,P,230929-35000,8615.0,8615.0,8615.0,8615.0,0.0,0.0,7440.0,8195.0,3.22,2.6,,1.37729645,7747.0,0.76364822,-0.97222365,1.858e-05,2.87065473,-11.05294702,32.59,889303.62533288,2023-09-19 09:00:00+00:00,35000,27288.96
2023-09-19,10,BTC-230929-35000-P,BTCUSDT,P,230929-35000,8615.0,8615.0,8615.0,8615.0,0.0,0.0,7560.0,8195.0,2.74,2.6,,1.28587723,7849.0,0.71793861,-0.98145753,1.415e-05,2.02918004,-7.37632912,32.59,885794.42366608,2023-09-19 10:00:00+00:00,35000,27170.73
2023-09-19,11,BTC-230929-35000-P,BTCUSDT,P,230929-35000,8615.0,8615.0,8615.0,8615.0,0.0,0.0,7560.0,8195.0,2.74,2.6,,1.34346008,7791.0,0.74673004,-0.97641224,1.667e-05,2.48832609,-9.44799489,32.59,887185.41142318,2023-09-19 11:00:00+00:00,35000,27237.56
2023-09-19,12,BTC-230929-35000-P,BTCUSDT,P,230929-35000,8615.0,8615.0,8615.0,8615.0,0.0,0.0,7580.0,8195.0,2.97,2.6,,1.2647438,7875.0,0.7073719,-0.98368436,1.294e-05,1.80949955,-6.53610702,32.59,884637.16351003,2023-09-19 12:00:00+00:00,35000,27139.15
2023-09-19,13,BTC-230929-35000-P,BTCUSDT,P,230929-35000,8615.0,8615.0,8615.0,8615.0,0.0,0.0,7710.0,8835.0,3.29,2.95,,1.7083931,8057.0,0.775,-0.97693293,1.599e-05,2.40782588,-9.56955305,32.59,878257.96825918,2023-09-19 13:00:00+00:00,35000,26968.77
2023-09-19,14,BTC-230929-35000-P,BTCUSDT,P,230929-35000,8615.0,8615.0,8615.0,8615.0,0.0,0.0,7120.0,8590.0,4.58,2.68,,1.64356232,7862.0,0.775,-0.97383018,1.768e-05,2.69087683,-10.74039686,32.59,885861.16153945,2023-09-19 14:00:00+00:00,35000,27169.0
2023-09-19,15,BTC-230929-35000-P,BTCUSDT,P,230929-35000,8615.0,8615.0,8615.0,8615.0,0.0,0.0,7430.0,8405.0,3.24,2.74,,1.65777206,7616.0,0.775,-0.96934311,2.003e-05,3.09160123,-12.39304183,32.59,893604.57060866,2023-09-19 15:00:00+00:00,35000,27422.24
2023-09-19,16,BTC-230929-35000-P,BTCUSDT,P,230929-35000,8615.0,8615.0,8615.0,8615.0,0.0,0.0,7430.0,8405.0,3.24,2.74,,1.57699585,7748.0,0.775,-0.9722707,1.856e-05,2.82399293,-11.36930852,32.59,889118.65380449,2023-09-19 16:00:00+00:00,35000,27285.72
2023-09-19,17,BTC-230929-35000-P,BTCUSDT,P,230929-35000,8615.0,8615.0,8615.0,8615.0,0.0,0.0,7550.0,8405.0,3.14,2.74,,1.47863388,7891.0,0.775,-0.97517421,1.705e-05,2.55506998,-10.33135743,32.59,885702.52702871,2023-09-19 17:00:00+00:00,35000,27133.88
2023-09-19,18,BTC-230929-35000-P,BTCUSDT,P,230929-35000,8615.0,8615.0,8615.0,8615.0,0.0,0.0,7590.0,8405.0,3.26,2.74,,1.47306442,7903.0,0.775,-0.97563794,1.683e-05,2.50838875,-10.18689391,32.59,884074.38792975,2023-09-19 18:00:00+00:00,35000,27123.01
2023-09-19,19,BTC-230929-35000-P,BTCUSDT,P,230929-35000,8615.0,8615.0,8615.0,8615.0,0.0,0.0,7600.0,8405.0,3.22,2.74,,1.51987076,7844.0,0.775,-0.97487917,1.726e-05,2.57382395,-10.49847966,32.59,886503.13798236,2023-09-19 19:00:00+00:00,35000,27185.44
2023-09-19,20,BTC-230929-35000-P,BTCUSDT,P,230929-35000,8615.0,8615.0,8615.0,8615.0,0.0,0.0,7600.0,8405.0,3.22,2.74,,1.52135849,7846.0,0.775,-0.97519185,1.712e-05,2.54109916,-10.41065785,32.59,885692.82523633,2023-09-19 20:00:00+00:00,35000,27183.67
2023-09-19,21,BTC-230929-35000-P,BTCUSDT,P,230929-35000,8615.0,8615.0,8615.0,8615.0,0.0,0.0,7670.0,8405.0,2.79,2.74,,1.50540352,7871.0,0.775,-0.97591194,1.676e-05,2.47112797,-10.16878844,32.59,884856.47630345,2023-09-19 21:00:00+00:00,35000,27157.97
2023-09-19,22,BTC-230929-35000-P,BTCUSDT,P,230929-35000,8615.0,8615.0,8615.0,8615.0,0.0,0.0,7670.0,8405.0,2.79,2.74,,1.53396606,7837.0,0.775,-0.97558465,1.696e-05,2.49698425,-10.32085547,32.59,886307.50128685,2023-09-19 22:00:00+00:00,35000,27189.46
2023-09-19,23,BTC-230929-35000-P,BTCUSDT,P,230929-35000,8615.0,8615.0,8615.0,8615.0,0.0,0.0,7670.0,8405.0,2.79,2.74,,1.5483284,7821.0,0.775,-0.97558795,1.699e-05,2.49257082,-10.34860709,32.59,886612.35745814,2023-09-19 23:00:00+00:00,35000,27210.26
2023-09-20,0,BTC-230929-35000-P,BTCUSDT,P,230929-35000,8615.0,8615.0,8615.0,8615.0,0.0,0.0,7670.0,8405.0,2.79,2.74,,1.54958725,7824.0,0.775,-0.97590845,1.684e-05,2.45926586,-10.25611839,32.59,885615.77674603,2023-09-20 00:00:00+00:00,35000,27206.68
2023-09-20,1,BTC-230929-35000-P,BTCUSDT,P,230929-35000,8615.0,8615.0,8615.0,8615.0,0.0,0.0,7395.0,8830.0,3.14,2.78,,1.96298599,7687.0,0.775,-0.97374832,1.805e-05,2.65037197,-11.10289569,32.59,890879.64191973,2023-09-20 01:00:00+00:00,35000,27345.77
2023-09-20,2,BTC-230929-35000-P,BTCUSDT,P,230929-35000,8615.0,8615.0,8615.0,8615.0,0.0,0.0,7545.0,8645.0,2.99,2.87,,1.7282486,7862.0,0.775,-0.97709914,1.624e-05,2.34255212,-9.85778611,32.59,885285.14582422,2023-09-20 02:00:00+00:00,35000,27165.48
2023-09-20,3,BTC-230929-35000-P,BTCUSDT,P,230929-35000,8615.0,8615.0,8615.0,8615.0,0.0,0.0,7615.0,8645.0,3.12,2.87,,1.70249939,7908.0,0.775,-0.9781068,1.569e-05,2.24630788,-9.49574404,32.59,883725.76446263,2023-09-20 03:00:00+00:00,35000,27119.48
2023-09-20,4,BTC-230929-35000-P,BTCUSDT,P,230929-35000,8615.0,8615.0,8615.0,8615.0,0.0,0.0,7625.0,8645.0,3.28,2.87,,1.68211937,7944.0,0.775,-0.978935,1.525e-05,2.16633581,-9.19949659,32.59,883244.36360553,2023-09-20 04:00:00+00:00,35000,27071.8
2023-09-20,5,BTC-230929-35000-P,BTCUSDT,P,230929-35000,8615.0,8615.0,8615.0,8615.0,0.0,0.0,7695.0,8645.0,2.86,2.87,,1.64883614,7997.0,0.775,-0.98000327,1.465e-05,2.06394573,-8.80489489,32.59,880577.87129342,2023-09-20 05:00:00+00:00,35000,27025.0
2023-09-20,6,BTC-230929-35000-P,BTCUSDT,P,230929-35000,8615.0,8615.0,8615.0,8615.0,0.0,0.0,7700.0,26535.0,3.26,1.5,,9.9999994,7960.0,0.775,-0.97968963,1.486e-05,2.08947776,-8.95489323,32.59,881856.80317025,2023-09-20 06:00:00+00:00,35000,27064.07
2023-09-20,7,BTC-230929-35000-P,BTCUSDT,P,230929-35000,8615.0,8615.0,8615.0,8615.0,0.0,0.0,7700.0,9290.0,3.26,3.23,,2.19071388,7919.0,0.775,-0.97932149,1.51e-05,2.11984323,-9.12709105,32.59,883361.10026921,2023-09-20 07:00:00+00:00,35000,27105.62
2023-09-20,8,BTC-230929-35000-P,BTCUSDT,P,230929-35000,8615.0,8615.0,8615.0,8615.0,0.0,0.0,7110.0,8680.0,4.31,2.91,,1.79427147,7837.0,0.775,-0.97828612,1.573e-05,2.2109668,-9.5637045,32.59,886148.57668893,2023-09-20 08:00:00+00:00,35000,27188.4
2023-09-20,9,BTC-230929-35000-P,BTCUSDT,P,230929-35000,8615.0,8615.0,8615.0,8615.0,0.0,0.0,7690.0,8660.0,2.99,2.85,,1.6963768,7968.0,0.775,-0.98055666,1.443e-05,1.99887731,-8.68669854,32.59,880759.0179737,2023-09-20 09:00:00+00:00,35000,27055.38
2023-09-20,10,BTC-230929-35000-P,BTCUSDT,P,230929-35000,8615.0,8615.0,8615.0,8615.0,0.0,0.0,7710.0,8660.0,3.14,2.85,,1.71822548,7942.0,0.775,-0.9804124,1.454e-05,2.00874429,-8.77056222,32.59,882124.69297025,2023-09-20 10:00:00+00:00,35000,27081.31
2023-09-20,11,BTC-230929-35000-P,BTCUSDT,P,230929-35000,8615.0,8615.0,8615.0,8615.0,0.0,0.0,7710.0,8660.0,3.14,2.85,,1.733284,7925.0,0.775,-0.98041409,1.456e-05,2.00511083,-8.79599353,32.59,882901.66722077,2023-09-20 11:00:00+00:00,35000,27098.08
2023-09-20,12,BTC-230929-35000-P,BTCUSDT,P,230929-35000,8615.0,8615.0,8615.0,8615.0,0.0,0.0,7710.0,8660.0,3.14,2.85,,1.71788216,7953.0,0.775,-0.98107855,1.419e-05,1.940445,-8.55266103,32.59,882095.26885605,2023-09-20 12:00:00+00:00,35000,27068.28
2023-09-20,13,BTC-230929-35000-P,BTCUSDT,P,230929-35000,8615.0,8615.0,8615.0,8615.0,0.0,0.0,7710.0,8660.0,3.14,2.85,,1.78038597,7865.0,0.775,-0.98002544,1.484e-05,2.0336956,-9.00635431,32.59,885059.03926921,2023-09-20 13:00:00+00:00,35000,27160.09
2023-09-20,14,BTC-230929-35000-P,BTCUSDT,P,230929-35000,8615.0,8615.0,8615.0,8615.0,0.0,0.0,7710.0,8660.0,3.14,2.85,,1.76410675,7896.0,0.775,-0.98074163,1.444e-05,1.9645904,-8.74194564,32.59,883969.14729896,2023-09-20 14:00:00+00:00,35000,27124.99
2023-09-20,15,BTC-230929-35000-P,BTCUSDT,P,230929-35000,8615.0,8615.0,8615.0,8615.0,0.0,0.0,7710.0,8660.0,3.14,2.85,,1.80421829,7841.0,0.775,-0.9801687,1.481e-05,2.01345538,-9.00245673,32.59,885947.1382571,2023-09-20 15:00:00+00:00,35000,27180.63
2023-09-20,16,BTC-230929-35000-P,BTCUSDT,P,230929-35000,8615.0,8615.0,8615.0,8615.0,0.0,0.0,7710.0,8660.0,3.14,2.85,,1.79383278,7863.0,0.775,-0.98075898,1.448e-05,1.95604089,-8.787998,32.59,885054.16509447,2023-09-20 16:00:00+00:00,35000,27161.15
2023-09-20,17,BTC-230929-35000-P,BTCUSDT,P,230929-35000,8615.0,8615.0,8615.0,8615.0,0.0,0.0,7470.0,8640.0,3.08,2.61,,1.81657791,7809.0,0.775,-0.98020746,1.484e-05,2.00274247,-9.04149509,32.59,887720.67531315,2023-09-20 17:00:00+00:00,35000,27195.12
2023-09-20,18,BTC-230929-35000-P,BTCUSDT,P,230929-35000,8615.0,8615.0,8615.0,8615.0,0.0,0.0,7550.0,8610.0,3.24,2.68,,1.76580429,7855.0,0.775,-0.98115273,1.429e-05,1.91313498,-8.67908839,32.59,885395.0171,2023-09-20 18:00:00+00:00,35000,27165.0
2023-09-20,19,BTC-230929-35000-P,BTCUSDT,P,230929-35000,8615.0,8615.0,8615.0,8615.0,0.0,0.0,7835.0,8610.0,2.92,2.68,,1.59912109,8088.0,0.775,-0.98452461,1.221e-05,1.59848763,-7.2872131,32.59,877869.85359134,2023-09-20 19:00:00+00:00,35000,26930.61
2023-09-20,20,BTC-230929-35000-P,BTCUSDT,P,230929-35000,8615.0,8615.0,8615.0,8615.0,0.0,0.0,7835.0,8610.0,2.92,2.68,,1.72580719,7925.0,0.775,-0.98263205,1.343e-05,1.77094139,-8.11316868,32.59,882524.45050553,2023-09-20 20:00:00+00:00,35000,27098.73
2023-09-20,21,BTC-230929-35000-P,BTCUSDT,P,230929-35000,8615.0,8615.0,8615.0,8615.0,0.0,0.0,7555.0,8610.0,3.14,2.68,,1.74196243,7908.0,0.775,-0.98263755,1.345e-05,1.76721566,-8.13617973,32.59,883736.40097923,2023-09-20 21:00:00+00:00,35000,27111.16
2023-09-20,22,BTC-230929-35000-P,BTCUSDT,P,230929-35000,8615.0,8615.0,8615.0,8615.0,0.0,0.0,7605.0,8610.0,3.2,2.68,,1.73557281,7923.0,0.775,-0.98307889,1.32e-05,1.72348971,-7.97434434,32.59,883124.08859896,2023-09-20 22:00:00+00:00,35000,27095.93
2023-09-20,23,BTC-230929-35000-P,BTCUSDT,P,230929-35000,8615.0,8615.0,8615.0,8615.0,0.0,0.0,7605.0,8610.0,3.2,2.68,,1.7604351,7894.0,0.775,-0.98292022,1.333e-05,1.73486784,-8.06712423,32.59,884069.84681764,2023-09-20 23:00:00+00:00,35000,27125.0
2023-09-21,0,BTC-230929-35000-P,BTCUSDT,P,230929-35000,8615.0,8615.0,8615.0,8615.0,0.0,0.0,7615.0,8610.0,3.08,2.68,,1.71133041,7968.0,0.775,-0.98413475,1.258e-05,1.62007563,-7.57119717,32.59,881649.54509551,2023-09-21 00:00:00+00:00,35000,27046.33
2023-09-21,1,BTC-230929-35000-P,BTCUSDT,P,230929-35000,8615.0,8615.0,8615.0,8615.0,0.0,0.0,7690.0,8610.0,2.71,2.68,,1.70120239,7987.0,0.775,-0.98460419,1.23e-05,1.57373709,-7.39178506,32.59,880845.20957025,2023-09-21 01:00:00+00:00,35000,27029.54
2023-09-21,2,BTC-230929-35000-P,BTCUSDT,P,230929-35000,8615.0,8615.0,8615.0,8615.0,0.0,0.0,7730.0,8610.0,3.17,2.68,,1.66158676,8044.0,0.775,-0.98551781,1.172e-05,1.48614278,-7.01579103,32.59,878993.75943042,2023-09-21 02:00:00+00:00,35000,26970.79
2023-09-21,3,BTC-230929-35000-P,BTCUSDT,P,230929-35000,8615.0,8615.0,8615.0,8615.0,0.0,0.0,7575.0,9190.0,1.5,4.42,,2.18770981,7982.0,0.775,-0.98499547,1.209e-05,1.53176431,-7.26805503,32.59,880787.59689655,2023-09-21 03:00:00+00:00,35000,27035.0
2023-09-21,4,BTC-230929-35000-P,BTCUSDT,P,230929-35000,8615.0,8615.0,8615.0,8615.0,0.0,0.0,7670.0,8805.0,3.2,2.73,,1.92592621,7924.0,0.775,-0.9844975,1.244e-05,1.57472643,-7.51022306,32.59,882936.27898867,2023-09-21 04:00:00+00:00,35000,27093.24
2023-09-21,5,BTC-230929-35000-P,BTCUSDT,P,230929-35000,8615.0,8615.0,8615.0,8615.0,0.0,0.0,7670.0,8805.0,3.2,2.73,,1.9181633,7943.0,0.775,-0.98496746,1.215e-05,1.52857357,-7.32768753,32.59,882341.73878893,2023-09-21 05:00:00+00:00,35000,27071.02
2023-09-21,6,BTC-230929-35000-P,BTCUSDT,P,230929-35000,8615.0,8615.0,8615.0,8615.0,0.0,0.0,7165.0,8765.0,1.5,5.58,,1.88751221,7946.0,0.775,-0.98522972,1.2e-05,1.50154974,-7.23543652,32.59,882155.05538997,2023-09-21 06:00:00+00:00,35000,27070.0
2023-09-21,7,BTC-230929-35000-P,BTCUSDT,P,230929-35000,8615.0,8615.0,8615.0,8615.0,0.0,0.0,7165.0,8760.0,2.97,2.86,,1.83479309,8023.0,0.775,-0.98635968,1.127e-05,1.39435225,-6.75388395,32.59,879694.59634186,2023-09-21 07:00:00+00:00,35000,26990.11
2023-09-21,8,BTC-230929-35000-P,BTCUSDT,P,230929-35000,8615.0,8615.0,8615.0,8615.0,0.0,0.0,7225.0,8795.0,4.71,2.64,,1.82483673,8087.0,0.775,-0.98727637,1.066e-05,1.30643505,-6.36116663,32.59,877611.96999551,2023-09-21 08:00:00+00:00,35000,26926.74
2023-09-21,9,BTC-230929-35000-P,BTCUSDT,P,230929-35000,8615.0,8615.0,8615.0,8615.0,0.0,0.0,7430.0,8795.0,1.5,2.64,,1.69279099,8262.0,0.775,-0.98923816,9.31e-06,1.11931253,-5.47873225,32.59,871673.03341315,2023-09-21 09:00:00+00:00,35000,26747.3
2023-09-21,10,BTC-230929-35000-P,BTCUSDT,P,230929-35000,8615.0,8615.0,8615.0,8615.0,0.0,0.0,7545.0,8795.0,4.55,2.64,,1.60551071,8365.0,0.775,-0.99033978,8.53e-06,1.01205331,-4.97993754,32.59,868607.63950104,2023-09-21 10:00:00+00:00,35000,26649.89
2023-09-21,11,BTC-230929-35000-P,BTCUSDT,P,230929-35000,8615.0,8615.0,8615.0,8615.0,0.0,0.0,7545.0,8795.0,4.55,2.64,,1.69639587,8267.0,0.775,-0.98961965,9.06e-06,1.07916106,-5.33400541,32.59,871265.42920866,2023-09-21 11:00:00+00:00,35000,26730.78
2023-09-21,13,BTC-230929-35000-P,BTCUSDT,P,230929-35000,8615.0,8615.0,8615.0,8615.0,0.0,0.0,7830.0,8795.0,2.93,2.64,,1.37357712,8580.0,0.76178856,-0.99335911,6.34e-06,0.71625285,-3.52020913,32.59,860809.34672318,2023-09-21 13:00:00+00:00,35000,26419.86
2023-09-21,14,BTC-230929-35000-P,BTCUSDT,P,230929-35000,8615.0,8615.0,8615.0,8615.0,0.0,0.0,8105.0,8795.0,2.81,2.64,,1.56032562,8427.0,0.775,-0.99150296,7.72e-06,0.89274513,-4.48784713,32.59,866264.83393392,2023-09-21 14:00:00+00:00,35000,26582.5
2023-09-21,15,BTC-230929-35000-P,BTCUSDT,P,230929-35000,8615.0,8615.0,8615.0,8615.0,0.0,0.0,8145.0,8795.0,2.84,2.64,,1.56772614,8424.0,0.775,-0.99163504,7.63e-06,0.87827087,-4.43907975,32.59,866647.62676263,2023-09-21 15:00:00+00:00,35000,26584.02
2023-09-21,16,BTC-230929-35000-P,BTCUSDT,P,230929-35000,8615.0,8615.0,8615.0,8615.0,0.0,0.0,8145.0,8795.0,2.84,2.64,,1.57068253,8425.0,0.775,-0.99179921,7.52e-06,0.86072455,-4.3741673,32.59,866538.35714844,2023-09-21 16:00:00+00:00,35000,26583.82
2023-09-21,17,BTC-230929-35000-P,BTCUSDT,P,230929-35000,8615.0,8615.0,8615.0,8615.0,0.0,0.0,8145.0,8795.0,2.84,2.64,,1.64400101,8355.0,0.775,-0.99141859,7.83e-06,0.89559973,-4.57640919,32.59,868781.07560208,2023-09-21 17:00:00+00:00,35000,26651.55
2023-09-21,18,BTC-230929-35000-P,BTCUSDT,P,230929-35000,8615.0,8615.0,8615.0,8615.0,0.0,0.0,8145.0,8795.0,2.84,2.64,,1.60705566,8397.0,0.775,-0.99190238,7.47e-06,0.84740699,-4.35407343,32.59,867587.56891973,2023-09-21 18:00:00+00:00,35000,26606.44
2023-09-21,19,BTC-230929-35000-P,BTCUSDT,P,230929-35000,8615.0,8615.0,8615.0,8615.0,0.0,0.0,8145.0,8795.0,2.84,2.64,,1.60211563,8406.0,0.775,-0.99212418,7.32e-06,0.82438851,-4.25933407,32.59,867609.60835501,2023-09-21 19:00:00+00:00,35000,26599.95
2023-09-21,20,BTC-230929-35000-P,BTCUSDT,P,230929-35000,8615.0,8615.0,8615.0,8615.0,0.0,0.0,8165.0,8795.0,3.03,2.64,,1.60163879,8411.0,0.775,-0.99231021,7.19e-06,0.80483675,-4.18154756,32.59,866827.57728236,2023-09-21 20:00:00+00:00,35000,26594.26
2023-09-21,21,BTC-230929-35000-P,BTCUSDT,P,230929-35000,8615.0,8615.0,8615.0,8615.0,0.0,0.0,8165.0,8795.0,3.03,2.64,,1.62237167,8395.0,0.775,-0.99234527,7.17e-06,0.79984454,-4.17895651,32.59,867155.72276921,2023-09-21 21:00:00+00:00,35000,26613.67
2023-09-21,22,BTC-230929-35000-P,BTCUSDT,P,230929-35000,8615.0,8615.0,8615.0,8615.0,0.0,0.0,8165.0,8795.0,3.03,2.64,,1.60476685,8416.0,0.775,-0.99264699,6.95e-06,0.76920687,-4.04158908,32.59,866551.01711003,2023-09-21 22:00:00+00:00,35000,26590.06
2023-09-21,23,BTC-230929-35000-P,BTCUSDT,P,230929-35000,8615.0,8615.0,8615.0,8615.0,0.0,0.0,8165.0,8795.0,3.03,2.64,,1.58592224,8438.0,0.775,-0.9929431,6.72e-06,0.73910609,-3.90549759,32.59,865875.75589134,2023-09-21 23:00:00+00:00,35000,26568.08
2023-09-22,0,BTC-230929-35000-P,BTCUSDT,P,230929-35000,8615.0,8615.0,8615.0,8615.0,0.0,0.0,8215.0,8795.0,2.83,2.64,,1.66778564,8363.0,0.775,-0.99256835,7.04e-06,0.77360813,-4.1111681,32.59,868283.06458893,2023-09-22 00:00:00+00:00,35000,26643.38
2023-09-22,1,BTC-230929-35000-P,BTCUSDT,P,230929-35000,8615.0,8615.0,8615.0,8615.0,0.0,0.0,7760.0,9460.0,1.5,1.5,,2.29854584,8374.0,0.775,-0.99279741,6.87e-06,0.75006792,-4.00897731,32.59,868070.07282318,2023-09-22 01:00:00+00:00,35000,26630.22
2023-09-22,2,BTC-230929-35000-P,BTCUSDT,P,230929-35000,8615.0,8615.0,8615.0,8615.0,0.0,0.0,7655.0,26080.0,1.5,1.5,,9.9999994,8438.0,0.775,-0.99336442,6.42e-06,0.69400559,-3.73077553,32.59,865874.1407166,2023-09-22 02:00:00+00:00,35000,26567.66
2023-09-22,3,BTC-230929-35000-P,BTCUSDT,P,230929-35000,8615.0,8615.0,8615.0,8615.0,0.0,0.0,8125.0,9325.0,2.96,2.52,,2.19221115,8379.0,0.775,-0.99311935,6.64e-06,0.71612178,-3.87204758,32.59,867882.21475156,2023-09-22 03:00:00+00:00,35000,26627.77
2023-09-22,4,BTC-230929-35000-P,BTCUSDT,P,230929-35000,8615.0,8615.0,8615.0,8615.0,0.0,0.0,8125.0,9295.0,2.96,3.06,,2.18719482,8356.0,0.775,-0.99311585,6.65e-06,0.71495347,-3.88833711,32.59,868702.25077786,2023-09-22 04:00:00+00:00,35000,26647.69
2023-09-22,5,BTC-230929-35000-P,BTCUSDT,P,230929-35000,8615.0,8615.0,8615.0,8615.0,0.0,0.0,8125.0,9600.0,2.96,1.5,,2.4634552,8340.0,0.775,-0.99314925,6.64e-06,0.71024936,-3.88547546,32.59,868949.10391211,2023-09-22 05:00:00+00:00,35000,26666.23
2023-09-22,6,BTC-230929-35000-P,BTCUSDT,P,230929-35000,8615.0,8615.0,8615.0,8615.0,0.0,0.0,8125.0,9265.0,2.96,2.73,,2.15179443,8387.0,0.775,-0.99359658,6.29e-06,0.66593438,-3.66460329,32.59,867355.68927923,2023-09-22 06:00:00+00:00,35000,26619.99
2023-09-22,7,BTC-230929-35000-P,BTCUSDT,P,230929-35000,8615.0,8615.0,8615.0,8615.0,0.0,0.0,8125.0,9265.0,2.96,2.73,,2.19644547,8332.0,0.775,-0.99338787,6.47e-06,0.68447243,-3.78903756,32.59,869527.90231211,2023-09-22 07:00:00+00:00,35000,26674.8
2023-09-22,8,BTC-230929-35000-P,BTCUSDT,P,230929-35000,8615.0,8615.0,8615.0,8615.0,0.0,0.0,7950.0,9095.0,3.09,2.61,,2.04608917,8332.0,0.775,-0.99353032,6.37e-06,0.66941122,-3.7278527,32.59,869275.96728685,2023-09-22 08:00:00+00:00,35000,26672.82
2023-09-22,9,BTC-230929-35000-P,BTCUSDT,P,230929-35000,8615.0,8615.0,8615.0,8615.0,0.0,0.0,8000.0,9095.0,2.89,2.61,,2.02680588,8365.0,0.775,-0.99387539,6.09e-06,0.63500014,-3.55752492,32.59,868204.95961003,2023-09-22 09:00:00+00:00,35000,26635.84
2023-09-22,10,BTC-230929-35000-P,BTCUSDT,P,230929-35000,8615.0,8615.0,8615.0,8615.0,0.0,0.0,8030.0,9095.0,2.91,2.61,,1.99579239,8411.0,0.775,-0.99428629,5.76e-06,0.59422201,-3.3492457,32.59,866623.20933184,2023-09-22 10:00:00+00:00,35000,26591.81
2023-09-22,11,BTC-230929-35000-P,BTCUSDT,P,230929-35000,8615.0,8615.0,8615.0,8615.0,0.0,0.0,8030.0,9095.0,2.91,2.61,,2.03977585,8364.0,0.775,-0.99413997,5.89e-06,0.60694934,-3.44184104,32.59,868179.08816367,2023-09-22 11:00:00+00:00,35000,26640.26
2023-09-22,12,BTC-230929-35000-P,BTCUSDT,P,230929-35000,8615.0,8615.0,8615.0,8615.0,0.0,0.0,8040.0,9095.0,2.92,2.61,,2.0016098,8419.0,0.775,-0.99458688,5.52e-06,0.56276104,-3.21083971,32.59,866437.3675429,2023-09-22 12:00:00+00:00,35000,26585.71
2023-09-22,13,BTC-230929-35000-P,BTCUSDT,P,230929-35000,8615.0,8615.0,8615.0,8615.0,0.0,0.0,8070.0,9095.0,2.79,2.61,,2.02730179,8395.0,0.775,-0.99458055,5.54e-06,0.56212389,-3.22700196,32.59,866915.82455605,2023-09-22 13:00:00+00:00,35000,26609.99
2023-09-22,14,BTC-230929-35000-P,BTCUSDT,P,230929-35000,8615.0,8615.0,8615.0,8615.0,0.0,0.0,8070.0,9095.0,2.79,2.61,,2.08808899,8326.0,0.775,-0.99431838,5.78e-06,0.58592657,-3.38453893,32.59,869700.6508,2023-09-22 14:00:00+00:00,35000,26679.08
2023-09-22,15,BTC-230929-35000-P,BTCUSDT,P,230929-35000,8615.0,8615.0,8615.0,8615.0,0.0,0.0,8070.0,9095.0,2.79,2.61,,2.05812454,8372.0,0.775,-0.99470954,5.45e-06,0.54727136,-3.18100924,32.59,868106.82789655,2023-09-22 15:00:00+00:00,35000,26631.01
2023-09-22,16,BTC-230929-35000-P,BTCUSDT,P,230929-35000,8615.0,8615.0,8615.0,8615.0,0.0,0.0,8070.0,9095.0,2.79,2.61,,2.03697205,8406.0,0.775,-0.99501538,5.19e-06,0.51672997,-3.02237754,32.59,866765.31247578,2023-09-22 16:00:00+00:00,35000,26597.89
2023-09-22,17,BTC-230929-35000-P,BTCUSDT,P,230929-35000,8615.0,8615.0,8615.0,8615.0,0.0,0.0,8110.0,9095.0,2.71,2.61,,2.02510834,8428.0,0.775,-0.99524787,5e-06,0.49322311,-2.90314357,32.59,866279.5352474,2023-09-22 17:00:00+00:00,35000,26576.22
2023-09-22,18,BTC-230929-35000-P,BTCUSDT,P,230929-35000,8615.0,8615.0,8615.0,8615.0,0.0,0.0,8110.0,9095.0,2.71,2.61,,2.04555511,8411.0,0.775,-0.99528187,4.98e-06,0.48883054,-2.89561526,32.59,866397.03115052,2023-09-22 18:00:00+00:00,35000,26593.65
2023-09-22,19,BTC-230929-35000-P,BTCUSDT,P,230929-35000,8615.0,8615.0,8615.0,8615.0,0.0,0.0,8110.0,9095.0,2.71,2.61,,2.0082283,8462.0,0.775,-0.99564636,4.66e-06,0.45263409,-2.69839071,32.59,864972.76936159,2023-09-22 19:00:00+00:00,35000,26540.1
2023-09-22,20,BTC-230929-35000-P,BTCUSDT,P,230929-35000,8615.0,8615.0,8615.0,8615.0,0.0,0.0,8130.0,9095.0,3.01,2.61,,2.01105118,8466.0,0.775,-0.99577635,4.55e-06,0.43904942,-2.63429179,32.59,864743.65808027,2023-09-22 20:00:00+00:00,35000,26539.06
2023-09-22,21,BTC-230929-35000-P,BTCUSDT,P,230929-35000,8615.0,8615.0,8615.0,8615.0,0.0,0.0,8150.0,9095.0,2.89,2.61,,2.0460701,8433.0,0.775,-0.99573567,4.59e-06,0.44194813,-2.66890272,32.59,865896.72124822,2023-09-22 21:00:00+00:00,35000,26569.07
2023-09-22,22,BTC-230929-35000-P,BTCUSDT,P,230929-35000,8615.0,8615.0,8615.0,8615.0,0.0,0.0,8150.0,9095.0,2.89,2.61,,2.0647049,8419.0,0.775,-0.99578225,4.56e-06,0.43643799,-2.65285353,32.59,866238.12445918,2023-09-22 22:00:00+00:00,35000,26584.41
2023-09-22,23,BTC-230929-35000-P,BTCUSDT,P,230929-35000,8615.0,8615.0,8615.0,8615.0,0.0,0.0,8075.0,9365.0,2.78,2.67,,2.33539581,8423.0,0.775,-0.99591061,4.45e-06,0.42308139,-2.58858533,32.59,866277.07488132,2023-09-22 23:00:00+00:00,35000,26580.14
2023-09-23,0,BTC-230929-35000-P,BTCUSDT,P,230929-35000,8615.0,8615.0,8615.0,8615.0,0.0,0.0,8075.0,9345.0,2.78,3.02,,2.34035492,8401.0,0.775,-0.99592137,4.45e-06,0.42104407,-2.59318058,32.59,866966.18147786,2023-09-23 00:00:00+00:00,35000,26603.1
2023-09-23,1,BTC-230929-35000-P,BTCUSDT,P,230929-35000,8615.0,8615.0,8615.0,8615.0,0.0,0.0,8095.0,9345.0,2.76,3.02,,2.33228683,8422.0,0.775,-0.9961236,4.27e-06,0.40063783,-2.48394992,32.59,866242.43636712,2023-09-23 01:00:00+00:00,35000,26579.99
2023-09-23,2,BTC-230929-35000-P,BTCUSDT,P,230929-35000,8615.0,8615.0,8615.0,8615.0,0.0,0.0,8105.0,9345.0,3.18,3.02,,2.31472015,8456.0,0.775,-0.99636871,4.05e-06,0.37610244,-2.34748065,32.59,865155.31112395,2023-09-23 02:00:00+00:00,35000,26545.57
2023-09-23,3,BTC-230929-35000-P,BTCUSDT,P,230929-35000,8615.0,8615.0,8615.0,8615.0,0.0,0.0,8125.0,9345.0,3.11,3.02,,2.31281281,8469.0,0.775,-0.99651983,3.91e-06,0.36062851,-2.26610732,32.59,864830.48715156,2023-09-23 03:00:00+00:00,35000,26532.2
2023-09-23,4,BTC-230929-35000-P,BTCUSDT,P,230929-35000,8615.0,8615.0,8615.0,8615.0,0.0,0.0,8135.0,9345.0,3.28,3.02,,2.33285904,8453.0,0.775,-0.99655628,3.89e-06,0.35623957,-2.25375628,32.59,865131.44616828,2023-09-23 04:00:00+00:00,35000,26550.17
2023-09-23,5,BTC-230929-35000-P,BTCUSDT,P,230929-35000,8615.0,8615.0,8615.0,8615.0,0.0,0.0,8135.0,9345.0,3.28,3.02,,2.33613968,8459.0,0.775,-0.9966775,3.78e-06,0.34369386,-2.18927866,32.59,865052.5468166,2023-09-23 05:00:00+00:00,35000,26542.46
2023-09-23,6,BTC-230929-35000-P,BTCUSDT,P,230929-35000,8615.0,8615.0,8615.0,8615.0,0.0,0.0,8135.0,9345.0,3.28,3.02,,2.3720932,8422.0,0.775,-0.99663506,3.83e-06,0.34692631,-2.22510931,32.59,866271.29173172,2023-09-23 06:00:00+00:00,35000,26582.61
2023-09-23,7,BTC-230929-35000-P,BTCUSDT,P,230929-35000,8615.0,8615.0,8615.0,8615.0,0.0,0.0,8135.0,9345.0,3.28,3.02,,2.38391876,8417.0,0.775,-0.99671451,3.76e-06,0.33844134,-2.18576279,32.59,866320.5986474,2023-09-23 07:00:00+00:00,35000,26585.31
2023-09-23,8,BTC-230929-35000-P,BTCUSDT,P,230929-35000,8615.0,8615.0,8615.0,8615.0,0.0,0.0,8090.0,9390.0,2.72,3.04,,2.42733002,8428.0,0.775,-0.99685277,3.63e-06,0.32432638,-2.10925141,32.59,866050.3165263,2023-09-23 08:00:00+00:00,35000,26573.6
2023-09-23,9,BTC-230929-35000-P,BTCUSDT,P,230929-35000,8615.0,8615.0,8615.0,8615.0,0.0,0.0,8090.0,9380.0,2.72,2.56,,2.4274826,8426.0,0.775,-0.99694024,3.55e-06,0.31511264,-2.06376184,32.59,866094.70338997,2023-09-23 09:00:00+00:00,35000,26573.87
2023-09-23,10,BTC-230929-35000-P,BTCUSDT,P,230929-35000,8615.0,8615.0,8615.0,8615.0,0.0,0.0,8090.0,9380.0,2.72,2.56,,2.4307251,8433.0,0.775,-0.99705723,3.44e-06,0.30308197,-1.99904735,32.59,865928.33681211,2023-09-23 10:00:00+00:00,35000,26567.26
2023-09-23,11,BTC-230929-35000-P,BTCUSDT,P,230929-35000,8615.0,8615.0,8615.0,8615.0,0.0,0.0,8090.0,9380.0,2.72,2.56,,2.44548798,8425.0,0.775,-0.99712006,3.39e-06,0.29627574,-1.9681135,32.59,866130.93559134,2023-09-23 11:00:00+00:00,35000,26575.21
2023-09-23,12,BTC-230929-35000-P,BTCUSDT,P,230929-35000,8615.0,8615.0,8615.0,8615.0,0.0,0.0,8090.0,9370.0,2.72,2.71,,2.44409561,8426.0,0.775,-0.99721086,3.3e-06,0.28680161,-1.91888461,32.59,866081.11944844,2023-09-23 12:00:00+00:00,35000,26574.99
2023-09-23,13,BTC-230929-35000-P,BTCUSDT,P,230929-35000,8615.0,8615.0,8615.0,8615.0,0.0,0.0,8090.0,9370.0,2.72,2.71,,2.45243073,8426.0,0.775,-0.99730056,3.22e-06,0.27745247,-1.86978464,32.59,866148.58791107,2023-09-23 13:00:00+00:00,35000,26575.13
2023-09-23,14,BTC-230929-35000-P,BTCUSDT,P,230929-35000,8615.0,8615.0,8615.0,8615.0,0.0,0.0,8090.0,9370.0,2.72,2.71,,2.45481491,8435.0,0.775,-0.99741326,3.11e-06,0.2659136,-1.80510324,32.59,865829.05191419,2023-09-23 14:00:00+00:00,35000,26566.83
2023-09-23,15,BTC-230929-35000-P,BTCUSDT,P,230929-35000,8615.0,8615.0,8615.0,8615.0,0.0,0.0,8100.0,9370.0,3.28,2.71,,2.47463226,8421.0,0.775,-0.99745406,3.07e-06,0.26129946,-1.78682354,32.59,866301.21296921,2023-09-23 15:00:00+00:00,35000,26581.55
2023-09-23,16,BTC-230929-35000-P,BTCUSDT,P,230929-35000,8615.0,8615.0,8615.0,8615.0,0.0,0.0,8100.0,9350.0,3.28,2.53,,2.48350143,8395.0,0.775,-0.99745947,3.08e-06,0.26008748,-1.79171008,32.59,867044.90960658,2023-09-23 16:00:00+00:00,35000,26606.31
2023-09-23,17,BTC-230929-35000-P,BTCUSDT,P,230929-35000,8615.0,8615.0,8615.0,8615.0,0.0,0.0,8100.0,9350.0,3.28,2.53,,2.48596191,8404.0,0.775,-0.9975695,2.97e-06,0.24886965,-1.72722611,32.59,866820.53999134,2023-09-23 17:00:00+00:00,35000,26598.31
2023-09-23,18,BTC-230929-35000-P,BTCUSDT,P,230929-35000,8615.0,8615.0,8615.0,8615.0,0.0,0.0,8100.0,9330.0,3.28,2.73,,2.48882294,8386.0,0.775,-0.9975996,2.94e-06,0.24532116,-1.71540005,32.59,867289.90761764,2023-09-23 18:00:00+00:00,35000,26615.3
2023-09-23,19,BTC-230929-35000-P,BTCUSDT,P,230929-35000,8615.0,8615.0,8615.0,8615.0,0.0,0.0,8100.0,9330.0,3.28,2.73,,2.49507904,8390.0,0.775,-0.99769234,2.85e-06,0.2357972,-1.66129497,32.59,867270.90872214,2023-09-23 19:00:00+00:00,35000,26610.09
2023-09-23,20,BTC-230929-35000-P,BTCUSDT,P,230929-35000,8615.0,8615.0,8615.0,8615.0,0.0,0.0,8100.0,9330.0,3.28,2.73,,2.48662949,8413.0,0.775,-0.99783411,2.7e-06,0.22159759,-1.57317038,32.59,866562.65997682,2023-09-23 20:00:00+00:00,35000,26587.75
2023-09-23,21,BTC-230929-35000-P,BTCUSDT,P,230929-35000,8615.0,8615.0,8615.0,8615.0,0.0,0.0,8100.0,9330.0,3.28,2.73,,2.48067856,8432.0,0.775,-0.99796043,2.57e-06,0.20888613,-1.49433608,32.59,865896.01169353,2023-09-23 21:00:00+00:00,35000,26568.8
2023-09-23,22,BTC-230929-35000-P,BTCUSDT,P,230929-35000,8615.0,8615.0,8615.0,8615.0,0.0,0.0,8100.0,9330.0,3.28,2.73,,2.48466492,8439.0,0.775,-0.99805053,2.48e-06,0.19966462,-1.43943949,32.59,865704.42560553,2023-09-23 22:00:00+00:00,35000,26562.2
2023-09-23,23,BTC-230929-35000-P,BTCUSDT,P,230929-35000,8615.0,8615.0,8615.0,8615.0,0.0,0.0,8100.0,9330.0,3.28,2.73,,2.50555038,8425.0,0.775,-0.99808779,2.44e-06,0.19553505,-1.42068129,32.59,866113.18485307,2023-09-23 23:00:00+00:00,35000,26575.96
2023-09-24,0,BTC-230929-35000-P,BTCUSDT,P,230929-35000,8615.0,8615.0,8615.0,8615.0,0.0,0.0,8100.0,9330.0,3.28,2.73,,2.50864029,8433.0,0.775,-0.99817765,2.35e-06,0.18637287,-1.36477471,32.59,865833.31513431,2023-09-24 00:00:00+00:00,35000,26567.07
2023-09-24,1,BTC-230929-35000-P,BTCUSDT,P,230929-35000,8615.0,8615.0,8615.0,8615.0,0.0,0.0,8100.0,9330.0,3.28,2.73,,2.53250122,8416.0,0.775,-0.99820623,2.32e-06,0.18310596,-1.35149339,32.59,866392.03149353,2023-09-24 01:00:00+00:00,35000,26584.4
2023-09-24,2,BTC-230929-35000-P,BTCUSDT,P,230929-35000,8615.0,8615.0,8615.0,8615.0,0.0,0.0,8080.0,9385.0,3.28,2.96,,2.60000229,8416.0,0.775,-0.9982733,2.25e-06,0.17616384,-1.31065606,32.59,866339.77660866,2023-09-24 02:00:00+00:00,35000,26586.05
2023-09-24,3,BTC-230929-35000-P,BTCUSDT,P,230929-35000,8615.0,8615.0,8615.0,8615.0,0.0,0.0,8090.0,9385.0,3.27,2.96,,2.5995636,8429.0,0.775,-0.99836913,2.15e-06,0.16648194,-1.24861172,32.59,865957.92856828,2023-09-24 03:00:00+00:00,35000,26570.93
2023-09-24,4,BTC-230929-35000-P,BTCUSDT,P,230929-35000,8615.0,8615.0,8615.0,8615.0,0.0,0.0,8100.0,9385.0,2.94,2.96,,2.60854721,8431.0,0.775,-0.99843679,2.08e-06,0.15951651,-1.20609769,32.59,865890.0382356,2023-09-24 04:00:00+00:00,35000,26569.77
2023-09-24,5,BTC-230929-35000-P,BTCUSDT,P,230929-35000,8615.0,8615.0,8615.0,8615.0,0.0,0.0,8105.0,9405.0,3.19,2.58,,2.63170242,8442.0,0.775,-0.99851978,1.98e-06,0.15109527,-1.15178918,32.59,865562.80163301,2023-09-24 05:00:00+00:00,35000,26557.99
2023-09-24,6,BTC-230929-35000-P,BTCUSDT,P,230929-35000,8615.0,8615.0,8615.0,8615.0,0.0,0.0,8105.0,9405.0,3.19,2.58,,2.63792038,8447.0,0.775,-0.99859049,1.91e-06,0.1438682,-1.10576133,32.59,865366.37777266,2023-09-24 06:00:00+00:00,35000,26553.1
2023-09-24,7,BTC-230929-35000-P,BTCUSDT,P,230929-35000,8615.0,8615.0,8615.0,8615.0,0.0,0.0,8105.0,9405.0,3.19,2.58,,2.65743256,8437.0,0.775,-0.99862884,1.87e-06,0.13976328,-1.08316293,32.59,865698.40078479,2023-09-24 07:00:00+00:00,35000,26563.44
2023-09-24,8,BTC-230929-35000-P,BTCUSDT,P,230929-35000,8615.0,8615.0,8615.0,8615.0,0.0,0.0,8080.0,9380.0,2.71,2.73,,2.66304016,8411.0,0.775,-0.99863878,1.86e-06,0.13839124,-1.08154247,32.59,866547.39997786,2023-09-24 08:00:00+00:00,35000,26590.0
2023-09-24,9,BTC-230929-35000-P,BTCUSDT,P,230929-35000,8615.0,8615.0,8615.0,8615.0,0.0,0.0,8080.0,9350.0,2.71,3.05,,2.64192581,8411.0,0.775,-0.99869683,1.79e-06,0.13242463,-1.04368317,32.59,866529.53994186,2023-09-24 09:00:00+00:00,35000,26589.08
2023-09-24,10,BTC-230929-35000-P,BTCUSDT,P,230929-35000,8615.0,8615.0,8615.0,8615.0,0.0,0.0,8080.0,9350.0,2.71,3.05,,2.64564514,8421.0,0.775,-0.99876811,1.71e-06,0.12520631,-0.9952273,32.59,866236.02440129,2023-09-24 10:00:00+00:00,35000,26579.78
2023-09-24,11,BTC-230929-35000-P,BTCUSDT,P,230929-35000,8615.0,8615.0,8615.0,8615.0,0.0,0.0,8080.0,9350.0,2.71,3.05,,2.67131805,8403.0,0.775,-0.99879299,1.69e-06,0.12244261,-0.98164964,32.59,866790.98259741,2023-09-24 11:00:00+00:00,35000,26596.71
2023-09-24,12,BTC-230929-35000-P,BTCUSDT,P,230929-35000,8615.0,8615.0,8615.0,8615.0,0.0,0.0,8080.0,9350.0,2.71,3.05,,2.69123077,8393.0,0.775,-0.99882971,1.65e-06,0.11855829,-0.9587734,32.59,867123.24737129,2023-09-24 12:00:00+00:00,35000,26606.54
2023-09-24,13,BTC-230929-35000-P,BTCUSDT,P,230929-35000,8615.0,8615.0,8615.0,8615.0,0.0,0.0,8050.0,9240.0,3.02,2.75,,2.5670433,8410.0,0.775,-0.9989082,1.55e-06,0.11069784,-0.90305913,32.59,866664.32287025,2023-09-24 13:00:00+00:00,35000,26588.77
2023-09-24,14,BTC-230929-35000-P,BTCUSDT,P,230929-35000,8615.0,8615.0,8615.0,8615.0,0.0,0.0,8060.0,9240.0,3.09,2.75,,2.57575989,8413.0,0.775,-0.99896227,1.49e-06,0.10518416,-0.8656728,32.59,866480.49736367,2023-09-24 14:00:00+00:00,35000,26588.1
2023-09-24,15,BTC-230929-35000-P,BTCUSDT,P,230929-35000,8615.0,8615.0,8615.0,8615.0,0.0,0.0,8070.0,9240.0,3.12,2.75,,2.57854462,8422.0,0.775,-0.99902408,1.41e-06,0.09894284,-0.82157687,32.59,866159.92468867,2023-09-24 15:00:00+00:00,35000,26578.06
2023-09-24,16,BTC-230929-35000-P,BTCUSDT,P,230929-35000,8615.0,8615.0,8615.0,8615.0,0.0,0.0,8075.0,9400.0,2.78,2.6,,2.76561737,8427.0,0.775,-0.99907626,1.35e-06,0.0936365,-0.78452007,32.59,866018.37116367,2023-09-24 16:00:00+00:00,35000,26573.1
2023-09-24,17,BTC-230929-35000-P,BTCUSDT,P,230929-35000,8615.0,8615.0,8615.0,8615.0,0.0,0.0,8060.0,9260.0,3.27,2.73,,2.70744324,8328.0,0.775,-0.99898429,1.47e-06,0.10207913,-0.8630305,32.59,868881.75721419,2023-09-24 17:00:00+00:00,35000,26673.07
2023-09-24,18,BTC-230929-35000-P,BTCUSDT,P,230929-35000,8615.0,8615.0,8615.0,8615.0,0.0,0.0,8160.0,9220.0,2.88,2.58,,2.60377884,8408.0,0.775,-0.99913984,1.28e-06,0.08696311,-0.74197693,32.59,866775.47625814,2023-09-24 18:00:00+00:00,35000,26591.85
2023-09-24,19,BTC-230929-35000-P,BTCUSDT,P,230929-35000,8615.0,8615.0,8615.0,8615.0,0.0,0.0,8235.0,9220.0,2.98,2.58,,2.47831345,8550.0,0.775,-0.99934045,1.01e-06,0.06741488,-0.58051557,32.59,862085.75377025,2023-09-24 19:00:00+00:00,35000,26449.17
2023-09-24,20,BTC-230929-35000-P,BTCUSDT,P,230929-35000,8615.0,8615.0,8615.0,8615.0,0.0,0.0,8235.0,9220.0,2.98,2.58,,2.54209518,8498.0,0.775,-0.99932286,1.04e-06,0.06888687,-0.5987348,32.59,863683.38273074,2023-09-24 20:00:00+00:00,35000,26502.0
2023-09-24,21,BTC-230929-35000-P,BTCUSDT,P,230929-35000,8615.0,8615.0,8615.0,8615.0,0.0,0.0,8235.0,9220.0,2.98,2.58,,2.57066727,8481.0,0.775,-0.99934147,1.01e-06,0.06686645,-0.58665692,32.59,864256.14477346,2023-09-24 21:00:00+00:00,35000,26519.35
2023-09-24,22,BTC-230929-35000-P,BTCUSDT,P,230929-35000,8615.0,8615.0,8615.0,8615.0,0.0,0.0,8235.0,9220.0,2.98,2.58,,2.55609512,8508.0,0.775,-0.99940214,9.3e-07,0.06080551,-0.53856163,32.59,863376.57562526,2023-09-24 22:00:00+00:00,35000,26490.85
2023-09-24,23,BTC-230929-35000-P,BTCUSDT,P,230929-35000,8615.0,8615.0,8615.0,8615.0,0.0,0.0,8435.0,9220.0,3.09,2.58,,2.29991913,8748.0,0.775,-0.99961576,6.3e-07,0.03981683,-0.35605339,32.59,855548.78710658,2023-09-24 23:00:00+00:00,35000,26248.38
2023-09-26,0,BTC-230929-35000-P,BTCUSDT,P,230929-35000,8615.0,8615.0,8615.0,8615.0,0.0,0.0,8435.0,9685.0,3.26,2.74,,3.34312439,8732.0,0.775,-0.99994402,1.2e-07,0.0057169,-0.06729996,32.59,856079.45616471,2023-09-26 00:00:00+00:00,35000,26266.0
2023-09-26,1,BTC-230929-35000-P,BTCUSDT,P,230929-35000,8615.0,8615.0,8615.0,8615.0,0.0,0.0,8455.0,9685.0,2.76,2.74,,3.39378357,8704.0,0.775,-0.99994632,1.1e-07,0.00546575,-0.06516837,32.59,856819.97975397,2023-09-26 01:00:00+00:00,35000,26297.6
2023-09-26,2,BTC-230929-35000-P,BTCUSDT,P,230929-35000,8615.0,8615.0,8615.0,8615.0,0.0,0.0,8455.0,9635.0,2.76,2.76,,3.41209412,8642.0,0.775,-0.99994484,1.2e-07,0.00558513,-0.06745652,32.59,859047.0979834,2023-09-26 02:00:00+00:00,35000,26357.14
2023-09-26,3,BTC-230929-35000-P,BTCUSDT,P,230929-35000,8615.0,8615.0,8615.0,8615.0,0.0,0.0,8455.0,9595.0,2.76,2.61,,3.37860107,8644.0,0.775,-0.99995064,1.1e-07,0.00499573,-0.06113173,32.59,858977.36970866,2023-09-26 03:00:00+00:00,35000,26353.87
2023-09-26,4,BTC-230929-35000-P,BTCUSDT,P,230929-35000,8615.0,8615.0,8615.0,8615.0,0.0,0.0,8455.0,9595.0,2.76,2.61,,3.3896637,8655.0,0.775,-0.99995678,1e-07,0.00437578,-0.05425949,32.59,858558.67774186,2023-09-26 04:00:00+00:00,35000,26344.67
2023-09-26,5,BTC-230929-35000-P,BTCUSDT,P,230929-35000,8615.0,8615.0,8615.0,8615.0,0.0,0.0,8380.0,9975.0,3.06,4.53,,3.88542175,8680.0,0.775,-0.9999634,8e-08,0.00371058,-0.04663283,32.59,857747.73110208,2023-09-26 05:00:00+00:00,35000,26320.9
2023-09-26,6,BTC-230929-35000-P,BTCUSDT,P,230929-35000,8615.0,8615.0,8615.0,8615.0,0.0,0.0,8430.0,9550.0,2.93,3.06,,3.31508636,8708.0,0.775,-0.99996943,7e-08,0.00310502,-0.03955694,32.59,856841.57152422,2023-09-26 06:00:00+00:00,35000,26292.9
2023-09-26,7,BTC-230929-35000-P,BTCUSDT,P,230929-35000,8615.0,8615.0,8615.0,8615.0,0.0,0.0,8430.0,9550.0,2.93,3.06,,3.31577301,8727.0,0.775,-0.99997408,6e-08,0.00263556,-0.03404256,32.59,856240.26453633,2023-09-26 07:00:00+00:00,35000,26272.01
2023-09-26,8,BTC-230929-35000-P,BTCUSDT,P,230929-35000,8615.0,8615.0,8615.0,8615.0,0.0,0.0,8425.0,9600.0,3.11,2.69,,3.4141922,8725.0,0.775,-0.99997697,5e-08,0.00233974,-0.03064716,32.59,856291.17656263,2023-09-26 08:00:00+00:00,35000,26274.29
2023-09-26,9,BTC-230929-35000-P,BTCUSDT,P,230929-35000,8615.0,8615.0,8615.0,8615.0,0.0,0.0,8405.0,9585.0,2.82,2.77,,3.41295242,8728.0,0.775,-0.99997988,5e-08,0.00204357,-0.02715021,32.59,856085.84523737,2023-09-26 09:00:00+00:00,35000,26272.07
2023-09-26,10,BTC-230929-35000-P,BTCUSDT,P,230929-35000,8615.0,8615.0,8615.0,8615.0,0.0,0.0,7895.0,9625.0,1.5,7.5,,3.47213745,8749.0,0.775,-0.99998321,4e-08,0.00170666,-0.02300273,32.59,855499.40788477,2023-09-26 10:00:00+00:00,35000,26249.77
2023-09-26,11,BTC-230929-35000-P,BTCUSDT,P,230929-35000,8615.0,8615.0,8615.0,8615.0,0.0,0.0,8430.0,9880.0,3.27,2.54,,3.88004303,8727.0,0.775,-0.99998452,4e-08,0.00156991,-0.02147074,32.59,856136.11978893,2023-09-26 11:00:00+00:00,35000,26273.83
2023-09-26,12,BTC-230929-35000-P,BTCUSDT,P,230929-35000,8615.0,8615.0,8615.0,8615.0,0.0,0.0,8480.0,9645.0,2.95,2.76,,3.50910187,8787.0,0.775,-0.9999884,3e-08,0.00118197,-0.01640643,32.59,854088.55097129,2023-09-26 12:00:00+00:00,35000,26213.19
2023-09-26,13,BTC-230929-35000-P,BTCUSDT,P,230929-35000,8615.0,8615.0,8615.0,8615.0,0.0,0.0,8520.0,9645.0,3.27,2.76,,3.50305557,8814.0,0.775,-0.99999064,2e-08,0.00095556,-0.01346463,32.59,853500.67751003,2023-09-26 13:00:00+00:00,35000,26181.55
2023-09-26,14,BTC-230929-35000-P,BTCUSDT,P,230929-35000,8615.0,8615.0,8615.0,8615.0,0.0,0.0,8565.0,9645.0,2.72,2.76,,3.54148865,8805.0,0.775,-0.99999174,2e-08,0.00084185,-0.01204488,32.59,853355.21867025,2023-09-26 14:00:00+00:00,35000,26196.39
2023-09-26,15,BTC-230929-35000-P,BTCUSDT,P,230929-35000,8615.0,8615.0,8615.0,8615.0,0.0,0.0,8595.0,9645.0,2.91,2.76,,3.48566055,8872.0,0.775,-0.99999407,2e-08,0.00060702,-0.00882079,32.59,851821.20737025,2023-09-26 15:00:00+00:00,35000,26126.66
2023-09-26,16,BTC-230929-35000-P,BTCUSDT,P,230929-35000,8615.0,8615.0,8615.0,8615.0,0.0,0.0,8595.0,9645.0,2.91,2.76,,3.62674713,8780.0,0.775,-0.99999356,2e-08,0.00065428,-0.00965841,32.59,854923.50677129,2023-09-26 16:00:00+00:00,35000,26217.95
2023-09-26,17,BTC-230929-35000-P,BTCUSDT,P,230929-35000,8615.0,8615.0,8615.0,8615.0,0.0,0.0,8595.0,9645.0,2.91,2.76,,3.60191345,8824.0,0.775,-0.99999514,1e-08,0.00049509,-0.00742627,32.59,853088.1525737,2023-09-26 17:00:00+00:00,35000,26175.01
2023-09-26,18,BTC-230929-35000-P,BTCUSDT,P,230929-35000,8615.0,8615.0,8615.0,8615.0,0.0,0.0,8595.0,9645.0,2.91,2.76,,3.64055634,8817.0,0.775,-0.99999582,1e-08,0.00042563,-0.0064891,32.59,852827.26067025,2023-09-26 18:00:00+00:00,35000,26184.98
2023-09-26,19,BTC-230929-35000-P,BTCUSDT,P,230929-35000,8615.0,8615.0,8615.0,8615.0,0.0,0.0,8595.0,9645.0,2.91,2.76,,3.7569046,8747.0,0.775,-0.99999574,1e-08,0.00043083,-0.00667791,32.59,855949.46504082,2023-09-26 19:00:00+00:00,35000,26247.7
2023-09-26,20,BTC-230929-35000-P,BTCUSDT,P,230929-35000,8615.0,8615.0,8615.0,8615.0,0.0,0.0,8595.0,9645.0,2.91,2.76,,3.67010117,8842.0,0.775,-0.99999727,1e-08,0.00027788,-0.0043801,32.59,852710.66725918,2023-09-26 20:00:00+00:00,35000,26164.19
2023-09-26,21,BTC-230929-35000-P,BTCUSDT,P,230929-35000,8615.0,8615.0,8615.0,8615.0,0.0,0.0,8595.0,9645.0,2.91,2.76,,3.71238708,8833.0,0.775,-0.99999769,1e-08,0.00023541,-0.00377466,32.59,852773.30810449,2023-09-26 21:00:00+00:00,35000,26165.4
2023-09-26,22,BTC-230929-35000-P,BTCUSDT,P,230929-35000,8615.0,8615.0,8615.0,8615.0,0.0,0.0,8595.0,9645.0,2.91,2.76,,3.73386383,8842.0,0.775,-0.99999814,1e-08,0.00018906,-0.0030847,32.59,852570.52667786,2023-09-26 22:00:00+00:00,35000,26157.65
2023-09-26,23,BTC-230929-35000-P,BTCUSDT,P,230929-35000,8615.0,8615.0,8615.0,8615.0,0.0,0.0,8595.0,9645.0,2.91,2.76,,3.84941101,8778.0,0.775,-0.99999816,1e-08,0.00018558,-0.00308191,32.59,854559.31531211,2023-09-26 23:00:00+00:00,35000,26221.67
2023-09-27,0,BTC-230929-35000-P,BTCUSDT,P,230929-35000,8615.0,8615.0,8615.0,8615.0,0.0,0.0,8595.0,9645.0,2.91,2.76,,3.92974854,8743.0,0.775,-0.99999834,0.0,0.00016764,-0.00283466,32.59,855402.26819655,2023-09-27 00:00:00+00:00,35000,26257.54
2023-09-27,1,BTC-230929-35000-P,BTCUSDT,P,230929-35000,8615.0,8615.0,8615.0,8615.0,0.0,0.0,8595.0,9645.0,2.91,2.76,,3.97186279,8738.0,0.775,-0.99999863,0.0,0.0001375,-0.00236804,32.59,855900.3436737,2023-09-27 01:00:00+00:00,35000,26260.27
2023-09-27,2,BTC-230929-35000-P,BTCUSDT,P,230929-35000,8615.0,8615.0,8615.0,8615.0,0.0,0.0,8595.0,9645.0,2.91,2.76,,3.96724701,8770.0,0.775,-0.99999901,0.0,0.00010003,-0.00175527,32.59,854894.55539134,2023-09-27 02:00:00+00:00,35000,26228.04
2023-09-27,3,BTC-230929-35000-P,BTCUSDT,P,230929-35000,8615.0,8615.0,8615.0,8615.0,0.0,0.0,8595.0,9645.0,2.91,2.76,,4.0725708,8718.0,0.775,-0.99999907,0.0,9.335e-05,-0.00166945,32.59,856559.55700345,2023-09-27 03:00:00+00:00,35000,26278.04
2023-09-27,4,BTC-230929-35000-P,BTCUSDT,P,230929-35000,8615.0,8615.0,8615.0,8615.0,0.0,0.0,8595.0,9645.0,2.91,2.76,,4.07133102,8750.0,0.775,-0.99999934,0.0,6.681e-05,-0.00121833,32.59,855489.20788091,2023-09-27 04:00:00+00:00,35000,26248.71
2023-09-27,5,BTC-230929-35000-P,BTCUSDT,P,230929-35000,8615.0,8615.0,8615.0,8615.0,0.0,0.0,8595.0,9645.0,2.91,2.76,,4.12029266,8744.0,0.775,-0.99999947,0.0,5.329e-05,-0.00099125,32.59,855648.32985918,2023-09-27 05:00:00+00:00,35000,26255.89
2023-09-27,6,BTC-230929-35000-P,BTCUSDT,P,230929-35000,8615.0,8615.0,8615.0,8615.0,0.0,0.0,8595.0,9645.0,2.91,2.76,,4.16477203,8742.0,0.775,-0.99999959,0.0,4.153e-05,-0.00078813,32.59,855876.56013633,2023-09-27 06:00:00+00:00,35000,26257.77
2023-09-27,7,BTC-230929-35000-P,BTCUSDT,P,230929-35000,8615.0,8615.0,8615.0,8615.0,0.0,0.0,8425.0,9865.0,2.75,2.61,,4.56302643,8752.0,0.775,-0.99999969,0.0,3.069e-05,-0.00059465,32.59,855416.61137786,2023-09-27 07:00:00+00:00,35000,26246.34
2023-09-27,8,BTC-230929-35000-P,BTCUSDT,P,230929-35000,8615.0,8615.0,8615.0,8615.0,0.0,0.0,8425.0,9740.0,3.11,2.92,,4.41936493,8739.0,0.775,-0.99999976,0.0,2.431e-05,-0.00048111,32.59,855827.67155501,2023-09-27 08:00:00+00:00,35000,26259.81
2023-09-27,9,BTC-230929-35000-P,BTCUSDT,P,230929-35000,8615.0,8615.0,8615.0,8615.0,0.0,0.0,8425.0,9590.0,3.11,4.22,,4.39353943,8599.0,0.775,-0.9999997,0.0,2.946e-05,-0.00059565,32.59,859477.65844082,2023-09-27 09:00:00+00:00,35000,26397.79
2023-09-27,10,BTC-230929-35000-P,BTCUSDT,P,230929-35000,8615.0,8615.0,8615.0,8615.0,0.0,0.0,8425.0,9490.0,3.11,2.67,,4.32605743,8556.0,0.775,-0.99999974,0.0,2.558e-05,-0.00052862,32.59,861537.1817,2023-09-27 10:00:00+00:00,35000,26442.59
2023-09-27,11,BTC-230929-35000-P,BTCUSDT,P,230929-35000,8615.0,8615.0,8615.0,8615.0,0.0,0.0,8025.0,9110.0,3.02,2.98,,4.14009094,8237.0,0.775,-0.99999941,0.0,5.669e-05,-0.00119817,32.59,871741.19307025,2023-09-27 11:00:00+00:00,35000,26766.7
2023-09-27,12,BTC-230929-35000-P,BTCUSDT,P,230929-35000,8615.0,8615.0,8615.0,8615.0,0.0,0.0,8025.0,9110.0,3.02,2.98,,4.13146973,8277.0,0.775,-0.99999961,0.0,3.702e-05,-0.00080069,32.59,870568.15362422,2023-09-27 12:00:00+00:00,35000,26722.48
2023-09-27,13,BTC-230929-35000-P,BTCUSDT,P,230929-35000,8615.0,8615.0,8615.0,8615.0,0.0,0.0,8080.0,9110.0,2.84,2.98,,4.02954102,8378.0,0.775,-0.9999998,0.0,1.906e-05,-0.00042201,32.59,866728.05601764,2023-09-27 13:00:00+00:00,35000,26621.54
2023-09-27,14,BTC-230929-35000-P,BTCUSDT,P,230929-35000,8615.0,8615.0,8615.0,8615.0,0.0,0.0,8500.0,9620.0,2.81,2.59,,4.41146851,8804.0,0.775,-0.99999997,0.0,2.7e-06,-6.116e-05,32.59,854226.95819447,2023-09-27 14:00:00+00:00,35000,26192.91
2023-09-27,15,BTC-230929-35000-P,BTCUSDT,P,230929-35000,8615.0,8615.0,8615.0,8615.0,0.0,0.0,8500.0,9620.0,2.81,2.59,,4.6263504,8698.0,0.775,-0.99999997,0.0,2.81e-06,-6.536e-05,32.59,856968.68326816,2023-09-27 15:00:00+00:00,35000,26304.42
2023-09-27,16,BTC-230929-35000-P,BTCUSDT,P,230929-35000,8615.0,8615.0,8615.0,8615.0,0.0,0.0,8460.0,9960.0,2.84,2.98,,5.22384644,8759.0,0.775,-0.99999999,0.0,1.48e-06,-3.525e-05,32.59,855230.88419134,2023-09-27 16:00:00+00:00,35000,26241.07
2023-09-27,17,BTC-230929-35000-P,BTCUSDT,P,230929-35000,8615.0,8615.0,8615.0,8615.0,0.0,0.0,8525.0,9740.0,2.73,3.02,,4.87003326,8770.0,0.775,-0.99999999,0.0,9.2e-07,-2.263e-05,32.59,854695.36244603,2023-09-27 17:00:00+00:00,35000,26231.39
2023-09-27,18,BTC-230929-35000-P,BTCUSDT,P,230929-35000,8615.0,8615.0,8615.0,8615.0,0.0,0.0,8585.0,9730.0,2.95,2.89,,4.94682312,8749.0,0.775,-0.99999999,0.0,6.5e-07,-1.63e-05,32.59,855599.27653737,2023-09-27 18:00:00+00:00,35000,26249.42
2023-09-27,19,BTC-230929-35000-P,BTCUSDT,P,230929-35000,8615.0,8615.0,8615.0,8615.0,0.0,0.0,8585.0,9720.0,2.95,2.83,,5.01613617,8735.0,0.775,-1.0,0.0,4.3e-07,-1.117e-05,32.59,855871.3385737,2023-09-27 19:00:00+00:00,35000,26267.8
2023-09-27,20,BTC-230929-35000-P,BTCUSDT,P,230929-35000,8615.0,8615.0,8615.0,8615.0,0.0,0.0,8585.0,9720.0,2.95,2.83,,5.07858276,8741.0,0.775,-1.0,0.0,2.6e-07,-6.84e-06,32.59,855805.07343392,2023-09-27 20:00:00+00:00,35000,26257.75
2023-09-27,21,BTC-230929-35000-P,BTCUSDT,P,230929-35000,8615.0,8615.0,8615.0,8615.0,0.0,0.0,8585.0,9720.0,2.95,2.83,,5.18478394,8720.0,0.775,-1.0,0.0,1.7e-07,-4.62e-06,32.59,856380.46241868,2023-09-27 21:00:00+00:00,35000,26279.94
2023-09-27,22,BTC-230929-35000-P,BTCUSDT,P,230929-35000,8615.0,8615.0,8615.0,8615.0,0.0,0.0,8585.0,9670.0,2.95,2.64,,5.24681091,8665.0,0.775,-1.0,0.0,1.3e-07,-3.58e-06,32.59,858088.64757129,2023-09-27 22:00:00+00:00,35000,26334.12
2023-09-27,23,BTC-230929-35000-P,BTCUSDT,P,230929-35000,8615.0,8615.0,8615.0,8615.0,0.0,0.0,8345.0,9620.0,3.27,2.92,,5.28518677,8627.0,0.775,-1.0,0.0,9e-08,-2.51e-06,32.59,859389.51860658,2023-09-27 23:00:00+00:00,35000,26372.99
2023-09-28,0,BTC-230929-35000-P,BTCUSDT,P,230929-35000,8615.0,8615.0,8615.0,8615.0,0.0,0.0,8345.0,9430.0,3.27,3.07,,5.08823395,8554.0,0.775,-1.0,0.0,7e-08,-2.05e-06,32.59,861638.28948893,2023-09-28 00:00:00+00:00,35000,26446.73
2023-09-28,1,BTC-230929-35000-P,BTCUSDT,P,230929-35000,8615.0,8615.0,8615.0,8615.0,0.0,0.0,8345.0,9430.0,3.27,3.07,,5.18211365,8548.0,0.775,-1.0,0.0,4e-08,-1.16e-06,32.59,862005.72204186,2023-09-28 01:00:00+00:00,35000,26451.46
2023-09-28,2,BTC-230929-35000-P,BTCUSDT,P,230929-35000,8615.0,8615.0,8615.0,8615.0,0.0,0.0,8345.0,9430.0,3.27,3.07,,5.15605927,8613.0,0.775,-1.0,0.0,1e-08,-4.3e-07,32.59,859871.04839134,2023-09-28 02:00:00+00:00,35000,26386.26
2023-09-28,3,BTC-230929-35000-P,BTCUSDT,P,230929-35000,8615.0,8615.0,8615.0,8615.0,0.0,0.0,8355.0,9430.0,3.26,3.07,,5.23418427,8620.0,0.775,-1.0,0.0,1e-08,-2.1e-07,32.59,859701.81190744,2023-09-28 03:00:00+00:00,35000,26379.15
2023-09-28,4,BTC-230929-35000-P,BTCUSDT,P,230929-35000,8615.0,8615.0,8615.0,8615.0,0.0,0.0,8355.0,9430.0,3.26,3.07,,5.45066833,8555.0,0.775,-1.0,0.0,0.0,-1.4e-07,32.59,861633.05001973,2023-09-28 04:00:00+00:00,35000,26444.83
2023-09-28,5,BTC-230929-35000-P,BTCUSDT,P,230929-35000,8615.0,8615.0,8615.0,8615.0,0.0,0.0,8355.0,9430.0,3.26,3.07,,5.56358337,8550.0,0.775,-1.0,0.0,0.0,-7e-08,32.59,861900.0516526,2023-09-28 05:00:00+00:00,35000,26449.95
2023-09-28,6,BTC-230929-35000-P,BTCUSDT,P,230929-35000,8615.0,8615.0,8615.0,8615.0,0.0,0.0,8355.0,9430.0,3.26,3.07,,5.72433472,8522.0,0.775,-1.0,0.0,0.0,-3e-08,32.59,862709.05005501,2023-09-28 06:00:00+00:00,35000,26477.93
2023-09-28,7,BTC-230929-35000-P,BTCUSDT,P,230929-35000,8615.0,8615.0,8615.0,8615.0,0.0,0.0,8355.0,9430.0,3.26,3.07,,5.80947876,8540.0,0.775,-1.0,0.0,0.0,-1e-08,32.59,862218.24256958,2023-09-28 07:00:00+00:00,35000,26459.99
2023-09-28,8,BTC-230929-35000-P,BTCUSDT,P,230929-35000,8615.0,8615.0,8615.0,8615.0,0.0,0.0,8555.0,9565.0,0.01,2.77,,6.16985321,8590.0,0.775,-1.0,0.0,0.0,0.0,32.59,860669.78631523,2023-09-28 08:00:00+00:00,35000,26410.0
2023-09-28,9,BTC-230929-35000-P,BTCUSDT,P,230929-35000,8615.0,8615.0,8615.0,8615.0,0.0,0.0,8530.0,9545.0,0.01,2.71,,6.29516602,8571.0,0.775,-1.0,0.0,0.0,0.0,32.59,861292.01894844,2023-09-28 09:00:00+00:00,35000,26428.69
2023-09-28,10,BTC-230929-35000-P,BTCUSDT,P,230929-35000,8615.0,8615.0,8615.0,8615.0,0.0,0.0,8395.0,9415.0,0.01,2.6,,6.38404846,8432.0,0.775,-1.0,0.0,0.0,0.0,32.59,865443.73425605,2023-09-28 10:00:00+00:00,35000,26570.62
2023-09-28,11,BTC-230929-35000-P,BTCUSDT,P,230929-35000,8615.0,8615.0,8615.0,8615.0,0.0,0.0,8485.0,9395.0,0.01,2.89,,6.30523682,8523.0,0.775,-1.0,0.0,0.0,0.0,32.59,862759.92984948,2023-09-28 11:00:00+00:00,35000,26476.93
2023-09-28,12,BTC-230929-35000-P,BTCUSDT,P,230929-35000,8615.0,8615.0,8615.0,8615.0,0.0,0.0,8470.0,9395.0,0.01,2.89,,6.48231506,8517.0,0.775,-1.0,0.0,0.0,0.0,32.59,863418.25859342,2023-09-28 12:00:00+00:00,35000,26479.3
2023-09-28,13,BTC-230929-35000-P,BTCUSDT,P,230929-35000,8615.0,8615.0,8615.0,8615.0,0.0,0.0,8310.0,9395.0,2.92,2.89,,6.86389923,8422.0,0.775,-1.0,0.0,0.0,0.0,32.59,865583.45940449,2023-09-28 13:00:00+00:00,35000,26580.69
2023-09-28,14,BTC-230929-35000-P,BTCUSDT,P,230929-35000,8615.0,8615.0,8615.0,8615.0,0.0,0.0,8125.0,9355.0,0.01,2.7,,7.41127014,8198.0,0.775,-1.0,0.0,0.0,0.0,32.59,875170.05501523,2023-09-28 14:00:00+00:00,35000,26793.37
2023-09-28,15,BTC-230929-35000-P,BTCUSDT,P,230929-35000,8615.0,8615.0,8615.0,8615.0,0.0,0.0,7905.0,9355.0,2.95,2.7,,8.07495117,7972.0,0.775,-1.0,0.0,0.0,0.0,32.59,879215.06851419,2023-09-28 15:00:00+00:00,35000,27020.0
2023-09-28,16,BTC-230929-35000-P,BTCUSDT,P,230929-35000,8615.0,8615.0,8615.0,8615.0,0.0,0.0,7880.0,9355.0,0.01,2.7,,8.40568542,7937.0,0.775,-1.0,0.0,0.0,0.0,32.59,882398.49194603,2023-09-28 16:00:00+00:00,35000,27059.99
2023-09-28,17,BTC-230929-35000-P,BTCUSDT,P,230929-35000,8615.0,8615.0,8615.0,8615.0,0.0,0.0,7800.0,9355.0,0.01,2.7,,8.88465881,7841.0,0.775,-1.0,0.0,0.0,0.0,32.59,885009.89283288,2023-09-28 17:00:00+00:00,35000,27160.13
2023-09-28,18,BTC-230929-35000-P,BTCUSDT,P,230929-35000,8615.0,8615.0,8615.0,8615.0,0.0,0.0,7675.0,9355.0,2.72,2.7,,8.82171631,8038.0,0.775,-1.0,0.0,0.0,0.0,32.59,878141.37842975,2023-09-28 18:00:00+00:00,35000,26959.34
2023-09-28,19,BTC-230929-35000-P,BTCUSDT,P,230929-35000,8615.0,8615.0,8615.0,8615.0,0.0,0.0,7870.0,9355.0,0.01,2.7,,9.47044373,7902.0,0.775,-1.0,0.0,0.0,0.0,32.59,882868.4970474,2023-09-28 19:00:00+00:00,35000,27100.0
2023-09-28,20,BTC-230929-35000-P,BTCUSDT,P,230929-35000,8615.0,8615.0,8615.0,8615.0,0.0,0.0,7865.0,9355.0,0.01,2.7,,9.86591339,7914.0,0.775,-1.0,0.0,0.0,0.0,32.59,883163.79826055,2023-09-28 20:00:00+00:00,35000,27082.26
2023-09-28,21,BTC-230929-35000-P,BTCUSDT,P,230929-35000,8615.0,8615.0,8615.0,8615.0,0.0,0.0,7940.0,9355.0,0.01,2.7,,9.9999994,7993.0,0.775,-1.0,0.0,0.0,0.0,32.59,880456.68327735,2023-09-28 21:00:00+00:00,35000,27002.81
2023-09-28,22,BTC-230929-35000-P,BTCUSDT,P,230929-35000,8615.0,8615.0,8615.0,8615.0,0.0,0.0,7945.0,9355.0,0.01,2.7,,9.9999994,7988.0,0.775,-1.0,0.0,0.0,0.0,32.59,880333.92977129,2023-09-28 22:00:00+00:00,35000,27010.99
2023-09-28,23,BTC-230929-35000-P,BTCUSDT,P,230929-35000,8615.0,8615.0,8615.0,8615.0,0.0,0.0,7945.0,9355.0,0.01,2.7,,9.9999994,7978.0,0.775,-1.0,0.0,0.0,0.0,32.59,880551.97477786,2023-09-28 23:00:00+00:00,35000,27021.39
2023-09-29,0,BTC-230929-35000-P,BTCUSDT,P,230929-35000,8615.0,8615.0,8615.0,8615.0,0.0,0.0,7895.0,9355.0,0.01,2.7,,9.9999994,7932.0,0.775,-1.0,0.0,0.0,0.0,32.59,882139.15075397,2023-09-29 00:00:00+00:00,35000,27066.78
2023-09-29,1,BTC-230929-35000-P,BTCUSDT,P,230929-35000,8615.0,8615.0,8615.0,8615.0,0.0,0.0,7910.0,9355.0,0.01,2.7,,9.9999994,7949.0,0.775,-1.0,0.0,0.0,0.0,32.59,881926.25926471,2023-09-29 01:00:00+00:00,35000,27045.01
2023-09-29,2,BTC-230929-35000-P,BTCUSDT,P,230929-35000,8615.0,8615.0,8615.0,8615.0,0.0,0.0,8065.0,9110.0,0.01,2.73,,9.9999994,8101.0,0.775,-1.0,0.0,0.0,0.0,32.59,876673.20609238,2023-09-29 02:00:00+00:00,35000,26895.21
2023-09-29,3,BTC-230929-35000-P,BTCUSDT,P,230929-35000,8615.0,8615.0,8615.0,8615.0,0.0,0.0,8010.0,9110.0,0.01,2.73,,9.9999994,8041.0,0.775,-1.0,0.0,0.0,0.0,32.59,878564.06356712,2023-09-29 03:00:00+00:00,35000,26957.99
2023-09-29,4,BTC-230929-35000-P,BTCUSDT,P,230929-35000,8615.0,8615.0,8615.0,8615.0,0.0,0.0,7990.0,9380.0,0.01,2.63,,9.9999994,8027.0,0.775,-1.0,0.0,0.0,0.0,32.59,879025.76358997,2023-09-29 04:00:00+00:00,35000,26972.45
2023-09-29,5,BTC-230929-35000-P,BTCUSDT,P,230929-35000,8615.0,8615.0,8615.0,8615.0,0.0,0.0,7985.0,9380.0,0.01,2.63,,9.9999994,8021.0,0.775,-1.0,0.0,0.0,0.0,32.59,879406.68338893,2023-09-29 05:00:00+00:00,35000,26977.11
2023-09-29,6,BTC-230929-35000-P,BTCUSDT,P,230929-35000,8615.0,8615.0,8615.0,8615.0,0.0,0.0,7890.0,9380.0,0.01,2.63,,9.9999994,7924.0,0.775,-1.0,0.0,0.0,0.0,32.59,882225.66108789,2023-09-29 06:00:00+00:00,35000,27075.28
2023-09-29,7,BTC-230929-35000-P,BTCUSDT,P,230929-35000,8615.0,8615.0,8615.0,8615.0,0.0,0.0,7790.0,9140.0,0.01,2.58,,9.9999994,7847.0,0.775,-1.0,0.0,0.0,0.0,32.59,885094.84529342,2023-09-29 07:00:00+00:00,35000,27179.98
2023-09-29,8,BTC-230929-35000-P,BTCUSDT,P,230929-35000,8615.0,8615.0,8615.0,8615.0,0.0,0.0,7790.0,9140.0,0.01,2.58,,9.9999994,7847.0,0.775,-1.0,0.0,0.0,0.0,,,2023-09-29 08:00:00+00:00,35000,27003.58
