date,hour,symbol,underlying,type,strike,open,high,low,close,volume_contracts,volume_usdt,best_bid_price,best_ask_price,best_bid_qty,best_ask_qty,best_buy_iv,best_sell_iv,mark_price,mark_iv,delta,gamma,vega,theta,openinterest_contracts,openinterest_usdt,timestamp,strike_price,spot_price
2023-05-18,0,BTC-230526-12000-P,BTCUSDT,P,230526-12000,5.0,30.0,5.0,10.0,200.0,200.0,5.0,15.0,2.0,200.0,,2.24858761,1.0,1.8,-0.00075371,3.5e-07,0.10704527,-1.16189678,253.65,6939620.38450561,2023-05-18 00:00:00+00:00,12000,
2023-05-18,1,BTC-230526-12000-P,BTCUSDT,P,230526-12000,5.0,30.0,5.0,10.0,200.0,200.0,5.0,15.0,3.0,200.0,,2.25146115,1.0,1.8,-0.0007465,3.5e-07,0.10570492,-1.15314298,253.65,6930979.56032875,2023-05-18 01:00:00+00:00,12000,
2023-05-18,2,BTC-230526-12000-P,BTCUSDT,P,230526-12000,5.0,30.0,5.0,10.0,200.0,200.0,5.0,15.0,3.0,200.0,,2.25925863,1.0,1.8,-0.00071931,3.4e-07,0.10198547,-1.11821475,253.65,6937992.59259837,2023-05-18 02:00:00+00:00,12000,
2023-05-18,3,BTC-230526-12000-P,BTCUSDT,P,230526-12000,5.0,30.0,5.0,10.0,200.0,200.0,5.0,10.0,3.0,102.5,,2.16256976,1.0,1.8,-0.0006969,3.3e-07,0.09884697,-1.08933242,253.65,6939777.59175841,2023-05-18 03:00:00+00:00,12000,
2023-05-18,4,BTC-230526-12000-P,BTCUSDT,P,230526-12000,5.0,30.0,5.0,10.0,200.0,200.0,5.0,10.0,3.0,102.5,,2.16328382,1.0,1.8,-0.00069831,3.3e-07,0.0985639,-1.0917816,253.65,6926995.27630326,2023-05-18 04:00:00+00:00,12000,
2023-05-18,5,BTC-230526-12000-P,BTCUSDT,P,230526-12000,5.0,30.0,5.0,10.0,200.0,200.0,5.0,10.0,3.0,102.5,,2.16216922,1.0,1.8,-0.00070719,3.4e-07,0.09916595,-1.10411411,253.65,6909020.0763792,2023-05-18 05:00:00+00:00,12000,
2023-05-18,6,BTC-230526-12000-P,BTCUSDT,P,230526-12000,5.0,30.0,5.0,10.0,200.0,200.0,5.0,10.0,3.0,102.5,,2.16697633,1.0,1.8,-0.00069205,3.3e-07,0.09692082,-1.08470811,253.65,6901834.58998318,2023-05-18 06:00:00+00:00,12000,
2023-05-18,7,BTC-230526-12000-P,BTCUSDT,P,230526-12000,5.0,30.0,5.0,5.0,200.07,200.07,5.0,10.0,2.93,102.5,,2.18741655,1.0,1.8,-0.00061819,3e-07,0.08768391,-0.98644256,253.65,6948989.35142405,2023-05-18 07:00:00+00:00,12000,
2023-05-18,8,BTC-230526-12000-P,BTCUSDT,P,230526-12000,5.0,30.0,5.0,5.0,200.07,200.07,5.0,10.0,2.93,102.5,,2.19331264,1.0,1.8,-0.00060102,2.9e-07,0.08521536,-0.96369058,253.65,6952111.72717686,2023-05-18 08:00:00+00:00,12000,
2023-05-18,9,BTC-230526-12000-P,BTCUSDT,P,230526-12000,5.0,30.0,5.0,5.0,200.07,200.07,5.0,10.0,2.93,102.5,,2.20003426,1.0,1.8,-0.00058148,2.8e-07,0.08247055,-0.93755853,253.65,6950591.33235117,2023-05-18 09:00:00+00:00,12000,
2023-05-18,10,BTC-230526-12000-P,BTCUSDT,P,230526-12000,5.0,30.0,5.0,5.0,200.07,200.07,5.0,10.0,2.93,102.5,,2.20110238,1.0,1.8,-0.00058161,2.8e-07,0.08209804,-0.93826197,253.65,6936967.90234557,2023-05-18 10:00:00+00:00,12000,
2023-05-18,11,BTC-230526-12000-P,BTCUSDT,P,230526-12000,5.0,30.0,5.0,5.0,200.07,200.07,5.0,10.0,2.93,102.5,,2.21114218,1.0,1.8,-0.00055179,2.7e-07,0.07813588,-0.89773001,253.65,6948616.12356474,2023-05-18 11:00:00+00:00,12000,
2023-05-18,12,BTC-230526-12000-P,BTCUSDT,P,230526-12000,5.0,30.0,5.0,5.0,200.07,200.07,5.0,10.0,2.93,100.0,,2.20326304,1.0,1.8,-0.00058185,2.9e-07,0.08135021,-0.93965883,253.65,6914968.92146636,2023-05-18 12:00:00+00:00,12000,
2023-05-18,13,BTC-230526-12000-P,BTCUSDT,P,230526-12000,5.0,30.0,5.0,5.0,200.07,200.07,5.0,10.0,2.93,102.5,,2.21154451,1.0,1.8,-0.00055784,2.8e-07,0.07811345,-0.90712263,253.65,6915944.44264322,2023-05-18 13:00:00+00:00,12000,
2023-05-18,14,BTC-230526-12000-P,BTCUSDT,P,230526-12000,5.0,30.0,5.0,5.0,200.07,200.07,5.0,10.0,2.93,102.5,,2.21577585,1.0,1.8,-0.00054773,2.7e-07,0.0765388,-0.89364083,253.65,6908254.137,2023-05-18 14:00:00+00:00,12000,
2023-05-18,15,BTC-230526-12000-P,BTCUSDT,P,230526-12000,5.0,30.0,5.0,5.0,200.07,200.07,5.0,25.0,2.93,2.5,,2.46779144,1.0,1.8,-0.00057566,2.9e-07,0.07946005,-0.93279053,253.65,6867233.10641284,2023-05-18 15:00:00+00:00,12000,
2023-05-18,16,BTC-230526-12000-P,BTCUSDT,P,230526-12000,5.0,30.0,5.0,5.0,200.07,200.07,5.0,25.0,2.93,2.5,,2.47335911,1.0,1.8,-0.00056292,2.8e-07,0.07758491,-0.91575351,253.65,6866171.26061519,2023-05-18 16:00:00+00:00,12000,
2023-05-18,17,BTC-230526-12000-P,BTCUSDT,P,230526-12000,5.0,30.0,5.0,5.0,203.0,203.0,0.0,25.0,0.0,2.5,,2.4250412,1.0,1.425,-3.81e-05,3e-08,0.00608212,-0.05714513,256.58,6791152.8140319,2023-05-18 17:00:00+00:00,12000,
2023-05-18,18,BTC-230526-12000-P,BTCUSDT,P,230526-12000,5.0,5.0,5.0,5.0,3.0,3.0,0.0,10.0,0.0,2.5,,2.18659699,1.0,1.425,-3.28e-05,3e-08,0.00529099,-0.04998656,256.58,6829774.67360885,2023-05-18 18:00:00+00:00,12000,
2023-05-18,19,BTC-230526-12000-P,BTCUSDT,P,230526-12000,5.0,5.0,5.0,5.0,3.0,3.0,0.0,30.0,0.0,0.6,,2.5247395,1.0,1.425,-2.841e-05,2e-08,0.00462776,-0.04396361,256.58,6860527.30917253,2023-05-18 19:00:00+00:00,12000,
2023-05-18,20,BTC-230526-12000-P,BTCUSDT,P,230526-12000,5.0,5.0,5.0,5.0,3.0,3.0,0.0,10.0,0.0,2.5,,2.20791578,1.0,1.425,-2.765e-05,2e-08,0.00449315,-0.04292336,256.58,6858426.25731944,2023-05-18 20:00:00+00:00,12000,
2023-05-18,21,BTC-230526-12000-P,BTCUSDT,P,230526-12000,5.0,5.0,5.0,5.0,3.0,3.0,0.0,10.0,0.0,2.5,,2.23129988,1.0,1.425,-2.262e-05,2e-08,0.00373087,-0.03584143,256.58,6908863.16050133,2023-05-18 21:00:00+00:00,12000,
2023-05-18,22,BTC-230526-12000-P,BTCUSDT,P,230526-12000,5.0,5.0,5.0,5.0,3.0,3.0,0.0,10.0,0.0,2.5,,2.23516166,1.0,1.425,-2.206e-05,2e-08,0.00362946,-0.03506415,256.58,6899796.93456368,2023-05-18 22:00:00+00:00,12000,
2023-05-18,23,BTC-230526-12000-P,BTCUSDT,P,230526-12000,5.0,5.0,5.0,5.0,3.0,3.0,0.0,30.0,0.0,0.6,,2.56073475,1.0,1.425,-2.222e-05,2e-08,0.00363507,-0.03531799,256.58,6884223.79736461,2023-05-18 23:00:00+00:00,12000,
2023-05-19,0,BTC-230526-12000-P,BTCUSDT,P,230526-12000,5.0,5.0,5.0,5.0,3.0,3.0,0.0,10.0,0.0,2.5,,2.24732399,1.0,1.425,-2.015e-05,2e-08,0.00331184,-0.03236134,256.58,6898450.76362654,2023-05-19 00:00:00+00:00,12000,
2023-05-19,1,BTC-230526-12000-P,BTCUSDT,P,230526-12000,5.0,5.0,5.0,5.0,3.0,3.0,0.0,10.0,0.0,3.5,,2.24704564,1.0,1.425,-2.042e-05,2e-08,0.00333341,-0.03275933,256.58,6878473.13467521,2023-05-19 01:00:00+00:00,12000,
2023-05-19,2,BTC-230526-12000-P,BTCUSDT,P,230526-12000,5.0,5.0,5.0,5.0,3.0,3.0,0.0,10.0,0.0,3.5,,2.2529906,1.0,1.425,-1.954e-05,2e-08,0.00318769,-0.03150836,256.58,6877258.10149383,2023-05-19 02:00:00+00:00,12000,
2023-05-19,3,BTC-230526-12000-P,BTCUSDT,P,230526-12000,5.0,5.0,5.0,5.0,3.0,3.0,0.0,10.0,0.0,3.5,,2.26255536,1.0,1.425,-1.809e-05,1e-08,0.0029582,-0.02940999,256.58,6886638.60990268,2023-05-19 03:00:00+00:00,12000,
2023-05-19,4,BTC-230526-12000-P,BTCUSDT,P,230526-12000,5.0,5.0,5.0,5.0,3.0,3.0,0.0,10.0,0.0,3.5,,2.27265835,1.0,1.425,-1.667e-05,1e-08,0.00273216,-0.02732159,256.58,6894907.39382654,2023-05-19 04:00:00+00:00,12000,
2023-05-19,5,BTC-230526-12000-P,BTCUSDT,P,230526-12000,5.0,5.0,5.0,5.0,3.0,3.0,0.0,10.0,0.0,3.5,,2.27942824,1.0,1.425,-1.583e-05,1e-08,0.00259387,-0.02609124,256.58,6896297.97283982,2023-05-19 05:00:00+00:00,12000,
2023-05-19,6,BTC-230526-12000-P,BTCUSDT,P,230526-12000,5.0,5.0,5.0,5.0,3.0,3.0,0.0,10.0,0.0,3.5,,2.28869379,1.0,1.425,-1.469e-05,1e-08,0.00241134,-0.02439871,256.58,6904562.75298673,2023-05-19 06:00:00+00:00,12000,
2023-05-19,7,BTC-230526-12000-P,BTCUSDT,P,230526-12000,5.0,5.0,5.0,5.0,2.93,2.93,0.0,10.0,0.0,1.0,,2.29103029,1.0,1.425,-1.453e-05,1e-08,0.0023756,-0.02418011,256.58,6891529.87057253,2023-05-19 07:00:00+00:00,12000,
2023-05-19,8,BTC-230526-12000-P,BTCUSDT,P,230526-12000,5.0,5.0,5.0,5.0,2.93,2.93,0.0,10.0,0.0,3.5,,2.30086565,1.0,1.425,-1.341e-05,1e-08,0.0021973,-0.02249926,256.58,6899692.96327253,2023-05-19 08:00:00+00:00,12000,
2023-05-19,9,BTC-230526-12000-P,BTCUSDT,P,230526-12000,5.0,5.0,5.0,5.0,2.93,2.93,0.0,10.0,0.0,3.5,,2.30361879,1.0,1.425,-1.322e-05,1e-08,0.00215724,-0.02222218,256.58,6886292.8284083,2023-05-19 09:00:00+00:00,12000,
2023-05-19,10,BTC-230526-12000-P,BTCUSDT,P,230526-12000,5.0,5.0,5.0,5.0,2.93,2.93,0.0,10.0,0.0,3.5,,2.30875909,1.0,1.425,-1.275e-05,1e-08,0.00207568,-0.02151152,256.58,6878123.80993419,2023-05-19 10:00:00+00:00,12000,
2023-05-19,11,BTC-230526-12000-P,BTCUSDT,P,230526-12000,5.0,5.0,5.0,5.0,2.93,2.93,0.0,10.0,0.0,3.5,,2.31889427,1.0,1.425,-1.173e-05,1e-08,0.00191422,-0.01995917,256.58,6890865.57273419,2023-05-19 11:00:00+00:00,12000,
2023-05-19,12,BTC-230526-12000-P,BTCUSDT,P,230526-12000,5.0,5.0,5.0,5.0,2.93,2.93,0.0,10.0,0.0,3.5,,2.33087242,1.0,1.425,-1.06e-05,1e-08,0.00173717,-0.01822428,256.58,6905338.94508083,2023-05-19 12:00:00+00:00,12000,
2023-05-19,13,BTC-230526-12000-P,BTCUSDT,P,230526-12000,5.0,5.0,5.0,5.0,2.93,2.93,0.0,10.0,0.0,3.5,,2.33414471,1.0,1.425,-1.04e-05,1e-08,0.00169801,-0.01792344,256.58,6895214.78700415,2023-05-19 13:00:00+00:00,12000,
2023-05-19,14,BTC-230526-12000-P,BTCUSDT,P,230526-12000,5.0,5.0,5.0,5.0,2.93,2.93,0.0,10.0,0.0,3.5,,2.33826458,1.0,1.425,-1.013e-05,1e-08,0.00164778,-0.01750121,256.58,6881366.4924083,2023-05-19 14:00:00+00:00,12000,
2023-05-19,15,BTC-230526-12000-P,BTCUSDT,P,230526-12000,5.0,5.0,5.0,5.0,2.93,2.93,0.0,5.0,0.0,0.32,,2.18433917,1.0,1.425,-9.13e-06,1e-08,0.00149174,-0.01594292,256.58,6900086.93575336,2023-05-19 15:00:00+00:00,12000,
2023-05-19,16,BTC-230526-12000-P,BTCUSDT,P,230526-12000,5.0,5.0,5.0,5.0,2.93,2.93,0.0,5.0,0.0,0.32,,2.18713522,1.0,1.425,-8.98e-06,1e-08,0.00146044,-0.01570658,256.58,6886233.8761,2023-05-19 16:00:00+00:00,12000,
2023-05-19,17,BTC-230526-12000-P,BTCUSDT,P,230526-12000,5.0,5.0,5.0,5.0,0.0,0.0,0.0,5.0,0.0,0.32,,2.20097542,1.0,1.425,-7.9e-06,1e-08,0.00129233,-0.01398659,256.58,6910428.82028498,2023-05-19 17:00:00+00:00,12000,
2023-05-19,18,BTC-230526-12000-P,BTCUSDT,P,230526-12000,5.0,5.0,5.0,5.0,0.0,0.0,0.0,5.0,0.0,0.32,,2.20558763,1.0,1.425,-7.62e-06,1e-08,0.00124423,-0.01355177,256.58,6899015.71425336,2023-05-19 18:00:00+00:00,12000,
2023-05-19,19,BTC-230526-12000-P,BTCUSDT,P,230526-12000,5.0,5.0,5.0,5.0,0.0,0.0,0.0,5.0,0.0,0.32,,2.20761001,1.0,1.425,-7.55e-06,1e-08,0.00122683,-0.01344793,256.58,6887021.82106166,2023-05-19 19:00:00+00:00,12000,
2023-05-19,20,BTC-230526-12000-P,BTCUSDT,P,230526-12000,5.0,5.0,5.0,5.0,0.0,0.0,0.0,5.0,0.0,0.32,,2.21441805,1.0,1.425,-7.13e-06,1e-08,0.00115749,-0.01276964,256.58,6884503.54945336,2023-05-19 20:00:00+00:00,12000,
2023-05-19,21,BTC-230526-12000-P,BTCUSDT,P,230526-12000,5.0,5.0,5.0,5.0,0.0,0.0,0.0,5.0,0.0,0.32,,2.22805202,1.0,1.425,-6.28e-06,1e-08,0.0010249,-0.01138036,256.58,6897583.38694664,2023-05-19 21:00:00+00:00,12000,
2023-05-19,22,BTC-230526-12000-P,BTCUSDT,P,230526-12000,5.0,5.0,5.0,5.0,0.0,0.0,0.0,5.0,0.0,0.32,,2.23236024,1.0,1.425,-6.08e-06,1e-08,0.00098936,-0.01105758,256.58,6894604.55423834,2023-05-19 22:00:00+00:00,12000,
2023-05-19,23,BTC-230526-12000-P,BTCUSDT,P,230526-12000,5.0,5.0,5.0,5.0,0.0,0.0,0.0,5.0,0.0,0.32,,2.24065661,1.0,1.425,-5.65e-06,1e-08,0.00092013,-0.01035141,256.58,6897392.17375751,2023-05-19 23:00:00+00:00,12000,
2023-05-20,0,BTC-230526-12000-P,BTCUSDT,P,230526-12000,5.0,5.0,5.0,5.0,0.0,0.0,0.0,5.0,0.0,0.32,,2.24473178,1.0,1.425,-5.49e-06,1e-08,0.00089011,-0.01008008,256.58,6888510.71814664,2023-05-20 00:00:00+00:00,12000,
2023-05-20,1,BTC-230526-12000-P,BTCUSDT,P,230526-12000,5.0,5.0,5.0,5.0,0.32,0.32,0.0,10.0,0.0,3.5,,2.42496371,1.0,1.425,-5.07e-06,0.0,0.00082367,-0.00938983,256.58,6891612.58707668,2023-05-20 01:00:00+00:00,12000,
2023-05-20,2,BTC-230526-12000-P,BTCUSDT,P,230526-12000,5.0,5.0,5.0,5.0,0.32,0.32,0.0,10.0,0.0,1.0,,2.43118227,1.0,1.425,-4.84e-06,0.0,0.00078433,-0.00900139,256.58,6887570.10808498,2023-05-20 02:00:00+00:00,12000,
2023-05-20,3,BTC-230526-12000-P,BTCUSDT,P,230526-12000,5.0,5.0,5.0,5.0,0.32,0.32,0.0,10.0,0.0,1.32,,2.44191527,1.0,1.425,-4.42e-06,0.0,0.00071723,-0.00828684,256.58,6893913.07113834,2023-05-20 03:00:00+00:00,12000,
2023-05-20,4,BTC-230526-12000-P,BTCUSDT,P,230526-12000,5.0,5.0,5.0,5.0,0.32,0.32,0.0,10.0,0.0,1.32,,2.4509114,1.0,1.425,-4.1e-06,0.0,0.000666,-0.00774728,256.58,6894109.72138083,2023-05-20 04:00:00+00:00,12000,
2023-05-20,5,BTC-230526-12000-P,BTCUSDT,P,230526-12000,5.0,5.0,5.0,5.0,0.32,0.32,0.0,10.0,0.0,1.32,,2.4587822,1.0,1.425,-3.85e-06,0.0,0.00062463,-0.00731589,256.58,6893212.72991917,2023-05-20 05:00:00+00:00,12000,
2023-05-20,6,BTC-230526-12000-P,BTCUSDT,P,230526-12000,5.0,5.0,5.0,5.0,0.32,0.32,0.0,10.0,0.0,1.32,,2.46580899,1.0,1.425,-3.65e-06,0.0,0.00059028,-0.00696121,256.58,6887758.81656581,2023-05-20 06:00:00+00:00,12000,
2023-05-20,7,BTC-230526-12000-P,BTCUSDT,P,230526-12000,5.0,5.0,5.0,5.0,0.32,0.32,0.0,10.0,0.0,1.32,,2.47442842,1.0,1.425,-3.4e-06,0.0,0.00054976,-0.0065284,256.58,6890239.45644249,2023-05-20 07:00:00+00:00,12000,
2023-05-20,8,BTC-230526-12000-P,BTCUSDT,P,230526-12000,5.0,5.0,5.0,5.0,0.32,0.32,0.0,10.0,0.0,3.82,,2.48849452,1.0,1.425,-3e-06,0.0,0.00048707,-0.00582435,256.58,6903943.76078498,2023-05-20 08:00:00+00:00,12000,
2023-05-20,9,BTC-230526-12000-P,BTCUSDT,P,230526-12000,5.0,5.0,5.0,5.0,0.32,0.32,0.0,10.0,0.0,3.82,,2.49444544,1.0,1.425,-2.87e-06,0.0,0.00046467,-0.00559566,256.58,6897236.39304249,2023-05-20 09:00:00+00:00,12000,
2023-05-20,10,BTC-230526-12000-P,BTCUSDT,P,230526-12000,5.0,5.0,5.0,5.0,0.32,0.32,0.0,10.0,0.0,3.82,,2.50401974,1.0,1.425,-2.65e-06,0.0,0.00042876,-0.00519979,256.58,6899031.78104664,2023-05-20 10:00:00+00:00,12000,
2023-05-20,11,BTC-230526-12000-P,BTCUSDT,P,230526-12000,5.0,5.0,5.0,5.0,0.32,0.32,0.0,10.0,0.0,3.82,,2.51214623,1.0,1.425,-2.48e-06,0.0,0.00040087,-0.0048963,256.58,6897165.5280917,2023-05-20 11:00:00+00:00,12000,
2023-05-20,12,BTC-230526-12000-P,BTCUSDT,P,230526-12000,5.0,5.0,5.0,5.0,0.32,0.32,0.0,10.0,0.0,3.82,,2.52277374,1.0,1.425,-2.26e-06,0.0,0.00036616,-0.00450449,256.58,6901013.09791581,2023-05-20 12:00:00+00:00,12000,
2023-05-20,13,BTC-230526-12000-P,BTCUSDT,P,230526-12000,5.0,5.0,5.0,5.0,0.32,0.32,0.0,10.0,0.0,3.82,,2.53120124,1.0,1.425,-2.11e-06,0.0,0.00034128,-0.00422894,256.58,6899023.67637721,2023-05-20 13:00:00+00:00,12000,
2023-05-20,14,BTC-230526-12000-P,BTCUSDT,P,230526-12000,5.0,5.0,5.0,5.0,0.32,0.32,0.0,10.0,0.0,3.82,,2.54342794,1.0,1.425,-1.89e-06,0.0,0.00030695,-0.00383127,256.58,6907435.32586166,2023-05-20 14:00:00+00:00,12000,
2023-05-20,15,BTC-230526-12000-P,BTCUSDT,P,230526-12000,5.0,5.0,5.0,5.0,0.32,0.32,0.0,5.0,0.0,20.0,,2.37476289,1.0,1.425,-1.71e-06,0.0,0.00027701,-0.00348302,256.58,6911947.28516166,2023-05-20 15:00:00+00:00,12000,
2023-05-20,16,BTC-230526-12000-P,BTCUSDT,P,230526-12000,5.0,5.0,5.0,5.0,0.32,0.32,0.0,5.0,0.0,20.0,,2.38094509,1.0,1.425,-1.62e-06,0.0,0.00026229,-0.0033223,256.58,6905535.47314249,2023-05-20 16:00:00+00:00,12000,
2023-05-20,17,BTC-230526-12000-P,BTCUSDT,P,230526-12000,5.0,5.0,5.0,5.0,0.32,0.32,0.0,10.0,0.0,1.0,,2.59284914,1.0,1.425,-1.2e-06,0.0,0.00019722,-0.00251672,256.58,6949768.52115336,2023-05-20 17:00:00+00:00,12000,
2023-05-20,18,BTC-230526-12000-P,BTCUSDT,P,230526-12000,5.0,5.0,5.0,5.0,0.32,0.32,0.0,10.0,0.0,1.0,,2.59222448,1.0,1.425,-1.23e-06,0.0,0.00020023,-0.00257432,256.58,6937148.69494249,2023-05-20 18:00:00+00:00,12000,
2023-05-20,19,BTC-230526-12000-P,BTCUSDT,P,230526-12000,5.0,5.0,5.0,5.0,0.32,0.32,0.0,10.0,0.0,3.5,,2.605474,1.0,1.425,-1.09e-06,0.0,0.00017795,-0.00230527,256.58,6943159.87561917,2023-05-20 19:00:00+00:00,12000,
2023-05-20,20,BTC-230526-12000-P,BTCUSDT,P,230526-12000,5.0,5.0,5.0,5.0,0.32,0.32,0.0,10.0,0.0,3.5,,2.61022925,1.0,1.425,-1.05e-06,0.0,0.0001716,-0.00223993,256.58,6929970.6015858,2023-05-20 20:00:00+00:00,12000,
2023-05-20,21,BTC-230526-12000-P,BTCUSDT,P,230526-12000,5.0,5.0,5.0,5.0,0.32,0.32,0.0,10.0,0.0,3.5,,2.62253284,1.0,1.425,-9.4e-07,0.0,0.00015383,-0.00202347,256.58,6936499.49200575,2023-05-20 21:00:00+00:00,12000,
2023-05-20,22,BTC-230526-12000-P,BTCUSDT,P,230526-12000,5.0,5.0,5.0,5.0,0.32,0.32,0.0,10.0,0.0,3.5,,2.6359421,1.0,1.425,-8.3e-07,0.0,0.00013637,-0.00180772,256.58,6944105.4951,2023-05-20 22:00:00+00:00,12000,
2023-05-20,23,BTC-230526-12000-P,BTCUSDT,P,230526-12000,5.0,5.0,5.0,5.0,0.32,0.32,0.0,10.0,0.0,3.5,,2.65007436,1.0,1.425,-7.3e-07,0.0,0.00011998,-0.00160285,256.58,6957523.95710415,2023-05-20 23:00:00+00:00,12000,
2023-05-21,0,BTC-230526-12000-P,BTCUSDT,P,230526-12000,5.0,5.0,5.0,5.0,0.32,0.32,0.0,10.0,0.0,3.5,,2.67416477,1.0,1.425,-5.8e-07,0.0,9.56e-05,-0.00128722,256.58,6994630.80106581,2023-05-21 00:00:00+00:00,12000,
2023-05-21,1,BTC-230526-12000-P,BTCUSDT,P,230526-12000,5.0,5.0,5.0,5.0,0.0,0.0,0.0,10.0,0.0,3.5,,2.67688334,1.0,1.425,-5.7e-07,0.0,9.406e-05,-0.0012765,256.58,6967444.31735336,2023-05-21 01:00:00+00:00,12000,
2023-05-21,2,BTC-230526-12000-P,BTCUSDT,P,230526-12000,5.0,5.0,5.0,5.0,0.0,0.0,0.0,10.0,0.0,3.5,,2.68834651,1.0,1.425,-5.2e-07,0.0,8.484e-05,-0.00116067,256.58,6971094.96202747,2023-05-21 02:00:00+00:00,12000,
2023-05-21,3,BTC-230526-12000-P,BTCUSDT,P,230526-12000,5.0,5.0,5.0,5.0,0.0,0.0,0.0,10.0,0.0,3.5,,2.69990981,1.0,1.425,-4.6e-07,0.0,7.644e-05,-0.00105407,256.58,6973554.70896166,2023-05-21 03:00:00+00:00,12000,
2023-05-21,4,BTC-230526-12000-P,BTCUSDT,P,230526-12000,5.0,5.0,5.0,5.0,0.0,0.0,0.0,10.0,0.0,3.5,,2.70602584,1.0,1.425,-4.4e-07,0.0,7.271e-05,-0.00101084,256.58,6963397.7453,2023-05-21 04:00:00+00:00,12000,
2023-05-21,5,BTC-230526-12000-P,BTCUSDT,P,230526-12000,5.0,5.0,5.0,5.0,0.0,0.0,0.0,10.0,0.0,3.5,,2.71386743,1.0,1.425,-4.2e-07,0.0,6.798e-05,-0.00095284,256.58,6953047.61355336,2023-05-21 05:00:00+00:00,12000,
2023-05-21,6,BTC-230526-12000-P,BTCUSDT,P,230526-12000,5.0,5.0,5.0,5.0,0.0,0.0,0.0,10.0,0.0,3.5,,2.7235502,1.0,1.425,-3.8e-07,0.0,6.239e-05,-0.00088171,256.58,6949726.00218083,2023-05-21 06:00:00+00:00,12000,
2023-05-21,7,BTC-230526-12000-P,BTCUSDT,P,230526-12000,5.0,5.0,5.0,5.0,0.0,0.0,0.0,10.0,0.0,3.5,,2.73187697,1.0,1.425,-3.6e-07,0.0,5.804e-05,-0.00082711,256.58,6941982.66214249,2023-05-21 07:00:00+00:00,12000,
2023-05-21,8,BTC-230526-12000-P,BTCUSDT,P,230526-12000,5.0,5.0,5.0,5.0,0.0,0.0,0.0,10.0,0.0,3.5,,2.74201751,1.0,1.425,-3.3e-07,0.0,5.301e-05,-0.00076178,256.58,6938872.24054664,2023-05-21 08:00:00+00:00,12000,
2023-05-21,9,BTC-230526-12000-P,BTCUSDT,P,230526-12000,5.0,5.0,5.0,5.0,0.0,0.0,0.0,10.0,0.0,3.5,,2.75726616,1.0,1.425,-2.8e-07,0.0,4.595e-05,-0.00066594,256.58,6947286.84273834,2023-05-21 09:00:00+00:00,12000,
2023-05-21,10,BTC-230526-12000-P,BTCUSDT,P,230526-12000,5.0,5.0,5.0,5.0,0.0,0.0,0.0,10.0,0.0,3.5,,2.75556207,1.0,1.425,-2.9e-07,0.0,4.735e-05,-0.00069205,256.58,6914574.23672747,2023-05-21 10:00:00+00:00,12000,
2023-05-21,11,BTC-230526-12000-P,BTCUSDT,P,230526-12000,5.0,5.0,5.0,5.0,0.0,0.0,0.0,10.0,0.0,3.5,,2.7545625,1.0,1.425,-3e-07,0.0,4.844e-05,-0.00071411,256.58,6882084.73313834,2023-05-21 11:00:00+00:00,12000,
2023-05-21,12,BTC-230526-12000-P,BTCUSDT,P,230526-12000,5.0,5.0,5.0,5.0,0.0,0.0,0.0,10.0,0.0,3.5,,2.77720034,1.0,1.425,-2.4e-07,0.0,3.894e-05,-0.00057896,256.58,6911737.8670083,2023-05-21 12:00:00+00:00,12000,
2023-05-21,13,BTC-230526-12000-P,BTCUSDT,P,230526-12000,5.0,5.0,5.0,5.0,0.0,0.0,0.0,10.0,0.0,3.5,,2.78510869,1.0,1.425,-2.3e-07,0.0,3.637e-05,-0.00054559,256.58,6900478.46461502,2023-05-21 13:00:00+00:00,12000,
2023-05-21,14,BTC-230526-12000-P,BTCUSDT,P,230526-12000,5.0,5.0,5.0,5.0,0.0,0.0,0.0,10.0,0.0,3.5,,2.79788494,1.0,1.425,-2e-07,0.0,3.231e-05,-0.00048898,256.58,6901450.47518083,2023-05-21 14:00:00+00:00,12000,
2023-05-21,15,BTC-230526-12000-P,BTCUSDT,P,230526-12000,5.0,5.0,5.0,5.0,0.0,0.0,0.0,10.0,0.0,3.5,,2.81058252,1.0,1.425,-1.8e-07,0.0,2.872e-05,-0.00043849,256.58,6900185.4136,2023-05-21 15:00:00+00:00,12000,
2023-05-21,16,BTC-230526-12000-P,BTCUSDT,P,230526-12000,5.0,5.0,5.0,5.0,0.0,0.0,0.0,10.0,0.0,3.5,,2.82273591,1.0,1.425,-1.6e-07,0.0,2.566e-05,-0.00039536,256.58,6900438.2059917,2023-05-21 16:00:00+00:00,12000,
2023-05-21,17,BTC-230526-12000-P,BTCUSDT,P,230526-12000,5.0,5.0,5.0,5.0,0.0,0.0,0.0,10.0,0.0,3.5,,2.83330619,1.0,1.425,-1.5e-07,0.0,2.331e-05,-0.00036238,256.58,6896906.74883419,2023-05-21 17:00:00+00:00,12000,
2023-05-21,18,BTC-230526-12000-P,BTCUSDT,P,230526-12000,5.0,5.0,5.0,5.0,0.0,0.0,0.0,10.0,0.0,1.0,,2.84615576,1.0,1.425,-1.3e-07,0.0,2.067e-05,-0.00032427,256.58,6895655.00027613,2023-05-21 18:00:00+00:00,12000,
2023-05-21,19,BTC-230526-12000-P,BTCUSDT,P,230526-12000,5.0,5.0,5.0,5.0,0.0,0.0,0.0,10.0,0.0,1.0,,2.86257386,1.0,1.425,-1.1e-07,0.0,1.764e-05,-0.00027936,256.58,6902527.56136581,2023-05-21 19:00:00+00:00,12000,
2023-05-21,20,BTC-230526-12000-P,BTCUSDT,P,230526-12000,5.0,5.0,5.0,5.0,0.0,0.0,0.0,10.0,0.0,3.5,,2.86946237,1.0,1.425,-1e-07,0.0,1.666e-05,-0.00026618,256.58,6888205.02140415,2023-05-21 20:00:00+00:00,12000,
2023-05-21,21,BTC-230526-12000-P,BTCUSDT,P,230526-12000,5.0,5.0,5.0,5.0,0.0,0.0,0.0,10.0,0.0,3.5,,2.87219286,1.0,1.425,-1e-07,0.0,1.643e-05,-0.00026511,256.58,6863733.45954249,2023-05-21 21:00:00+00:00,12000,
2023-05-21,22,BTC-230526-12000-P,BTCUSDT,P,230526-12000,5.0,5.0,5.0,5.0,0.0,0.0,0.0,10.0,0.0,3.5,,2.88674712,1.0,1.425,-9e-08,0.0,1.43e-05,-0.00023292,256.58,6867783.69702332,2023-05-21 22:00:00+00:00,12000,
2023-05-21,23,BTC-230526-12000-P,BTCUSDT,P,230526-12000,5.0,5.0,5.0,5.0,0.0,0.0,0.0,10.0,0.0,3.5,,2.89945245,1.0,1.425,-8e-08,0.0,1.269e-05,-0.00020866,256.58,6863274.73115751,2023-05-21 23:00:00+00:00,12000,
2023-05-22,0,BTC-230526-12000-P,BTCUSDT,P,230526-12000,5.0,5.0,5.0,5.0,0.0,0.0,0.0,10.0,0.0,1.0,,2.90310025,1.0,1.425,-8e-08,0.0,1.241e-05,-0.00020598,256.58,6838425.56906166,2023-05-22 00:00:00+00:00,12000,
2023-05-22,1,BTC-230526-12000-P,BTCUSDT,P,230526-12000,5.0,5.0,5.0,5.0,0.0,0.0,0.0,10.0,0.0,3.5,,2.9084152,1.0,1.425,-8e-08,0.0,1.192e-05,-0.00019979,256.58,6817855.18391917,2023-05-22 01:00:00+00:00,12000,
2023-05-22,2,BTC-230526-12000-P,BTCUSDT,P,230526-12000,5.0,10.0,5.0,10.0,3.5,3.5,0.0,10.0,0.0,2.5,,2.93085337,1.0,1.425,-6e-08,0.0,9.52e-06,-0.0001612,259.08,6903939.65920086,2023-05-22 02:00:00+00:00,12000,
2023-05-22,3,BTC-230526-12000-P,BTCUSDT,P,230526-12000,5.0,10.0,5.0,10.0,3.5,3.5,0.0,10.0,0.0,2.5,,2.94499338,1.0,1.425,-5e-08,0.0,8.31e-06,-0.00014215,259.08,6903329.71085653,2023-05-22 03:00:00+00:00,12000,
2023-05-22,4,BTC-230526-12000-P,BTCUSDT,P,230526-12000,5.0,10.0,5.0,10.0,3.5,3.5,0.0,10.0,0.0,2.5,,2.96554565,1.0,1.425,-4e-08,0.0,6.76e-06,-0.00011684,259.08,6916629.70602783,2023-05-22 04:00:00+00:00,12000,
2023-05-22,5,BTC-230526-12000-P,BTCUSDT,P,230526-12000,5.0,10.0,5.0,10.0,3.5,3.5,0.0,10.0,0.0,2.5,,2.98809171,1.0,1.425,-3e-08,0.0,5.38e-06,-9.384e-05,259.08,6931632.90545653,2023-05-22 05:00:00+00:00,12000,
2023-05-22,6,BTC-230526-12000-P,BTCUSDT,P,230526-12000,5.0,10.0,5.0,10.0,3.5,3.5,0.0,10.0,0.0,2.5,,3.01140487,1.0,1.425,-3e-08,0.0,4.23e-06,-7.462e-05,259.08,6950517.12328522,2023-05-22 06:00:00+00:00,12000,
2023-05-22,7,BTC-230526-12000-P,BTCUSDT,P,230526-12000,5.0,10.0,5.0,10.0,3.5,3.5,0.0,10.0,0.0,2.5,,3.02948296,1.0,1.425,-2e-08,0.0,3.53e-06,-6.283e-05,259.08,6955134.17562783,2023-05-22 07:00:00+00:00,12000,
2023-05-22,8,BTC-230526-12000-P,BTCUSDT,P,230526-12000,5.0,10.0,5.0,10.0,3.5,3.5,0.0,10.0,0.0,2.5,,3.0432868,1.0,1.425,-2e-08,0.0,3.08e-06,-5.548e-05,259.08,6950912.96051305,2023-05-22 08:00:00+00:00,12000,
2023-05-22,9,BTC-230526-12000-P,BTCUSDT,P,230526-12000,5.0,10.0,5.0,10.0,3.5,3.5,0.0,10.0,0.0,2.5,,3.06366563,1.0,1.425,-2e-08,0.0,2.5e-06,-4.546e-05,259.08,6960427.24171478,2023-05-22 09:00:00+00:00,12000,
2023-05-22,10,BTC-230526-12000-P,BTCUSDT,P,230526-12000,5.0,10.0,5.0,10.0,3.79,3.79,0.0,10.0,0.0,2.21,,3.07643414,1.0,1.425,-1e-08,0.0,2.21e-06,-4.06e-05,259.37,6959036.6040064,2023-05-22 10:00:00+00:00,12000,
2023-05-22,11,BTC-230526-12000-P,BTCUSDT,P,230526-12000,5.0,10.0,5.0,10.0,3.79,3.79,0.0,10.0,0.0,2.5,,3.0924505,1.0,1.425,-1e-08,0.0,1.88e-06,-3.494e-05,259.37,6957519.3512624,2023-05-22 11:00:00+00:00,12000,
2023-05-22,12,BTC-230526-12000-P,BTCUSDT,P,230526-12000,5.0,10.0,5.0,10.0,3.79,3.79,0.0,10.0,0.0,2.5,,3.09794962,1.0,1.425,-1e-08,0.0,1.8e-06,-3.391e-05,259.37,6937205.1840876,2023-05-22 12:00:00+00:00,12000,
2023-05-22,13,BTC-230526-12000-P,BTCUSDT,P,230526-12000,5.0,10.0,5.0,10.0,3.79,3.79,5.0,10.0,0.05,2.5,,3.14874768,1.0,1.8,-2.85e-06,0.0,0.00036914,-0.0088593,259.37,7006267.201706,2023-05-22 13:00:00+00:00,12000,
2023-05-22,14,BTC-230526-12000-P,BTCUSDT,P,230526-12000,5.0,10.0,5.0,10.0,3.79,3.79,5.0,15.0,0.05,3.5,,3.31093431,1.0,1.8,-2.69e-06,0.0,0.00034657,-0.00841123,259.37,6984818.1672718,2023-05-22 14:00:00+00:00,12000,
2023-05-22,15,BTC-230526-12000-P,BTCUSDT,P,230526-12000,5.0,10.0,5.0,10.0,3.79,3.79,5.0,10.0,0.05,2.5,,3.16820621,1.0,1.8,-2.56e-06,0.0,0.0003282,-0.00805573,259.37,6971761.2962064,2023-05-22 15:00:00+00:00,12000,
2023-05-22,16,BTC-230526-12000-P,BTCUSDT,P,230526-12000,5.0,10.0,5.0,10.0,3.79,3.79,5.0,10.0,0.05,2.5,,3.18364739,1.0,1.8,-2.32e-06,0.0,0.00029681,-0.00736896,259.37,6963388.8326064,2023-05-22 16:00:00+00:00,12000,
2023-05-22,17,BTC-230526-12000-P,BTCUSDT,P,230526-12000,5.0,10.0,5.0,10.0,3.79,3.79,5.0,10.0,0.05,2.5,,3.20137024,1.0,1.8,-2.07e-06,0.0,0.00026388,-0.00662775,259.37,6963019.847906,2023-05-22 17:00:00+00:00,12000,
2023-05-22,18,BTC-230526-12000-P,BTCUSDT,P,230526-12000,5.0,10.0,5.0,10.0,3.79,3.79,5.0,10.0,0.05,2.5,,3.22389781,1.0,1.8,-1.77e-06,0.0,0.0002263,-0.00575068,259.37,6970614.2632594,2023-05-22 18:00:00+00:00,12000,
2023-05-22,19,BTC-230526-12000-P,BTCUSDT,P,230526-12000,5.0,10.0,5.0,10.0,3.79,3.79,5.0,10.0,0.05,2.5,,3.24042916,1.0,1.8,-1.59e-06,0.0,0.00020282,-0.00521538,259.37,6963348.7537658,2023-05-22 19:00:00+00:00,12000,
2023-05-22,20,BTC-230526-12000-P,BTCUSDT,P,230526-12000,5.0,10.0,5.0,10.0,3.79,3.79,5.0,10.0,0.05,2.5,,3.26485634,1.0,1.8,-1.34e-06,0.0,0.00017125,-0.00445652,259.37,6977417.1678312,2023-05-22 20:00:00+00:00,12000,
2023-05-22,21,BTC-230526-12000-P,BTCUSDT,P,230526-12000,5.0,10.0,5.0,10.0,3.79,3.79,5.0,10.0,0.05,2.5,,3.28491628,1.0,1.8,-1.17e-06,0.0,0.00014932,-0.00393317,259.37,6977034.3500624,2023-05-22 21:00:00+00:00,12000,
2023-05-22,22,BTC-230526-12000-P,BTCUSDT,P,230526-12000,5.0,10.0,5.0,10.0,3.79,3.79,5.0,10.0,0.05,2.5,,3.3014369,1.0,1.8,-1.05e-06,0.0,0.0001337,-0.0035652,259.37,6969739.3217936,2023-05-22 22:00:00+00:00,12000,
2023-05-22,23,BTC-230526-12000-P,BTCUSDT,P,230526-12000,5.0,10.0,5.0,10.0,3.79,3.79,5.0,10.0,0.05,5.02,,3.31906259,1.0,1.8,-9.3e-07,0.0,0.00011868,-0.0032043,259.37,6962427.743247,2023-05-22 23:00:00+00:00,12000,
2023-05-23,0,BTC-230526-12000-P,BTCUSDT,P,230526-12000,5.0,10.0,5.0,10.0,3.79,3.79,5.0,10.0,0.05,5.02,,3.3358711,1.0,1.8,-8.4e-07,0.0,0.00010599,-0.00289787,259.37,6954037.80305,2023-05-23 00:00:00+00:00,12000,
2023-05-23,1,BTC-230526-12000-P,BTCUSDT,P,230526-12000,10.0,10.0,10.0,10.0,3.79,3.79,5.0,10.0,0.05,5.02,,3.38032603,1.0,1.8,-5.9e-07,0.0,7.631e-05,-0.0021132,259.37,7001976.2338282,2023-05-23 01:00:00+00:00,12000,
2023-05-23,2,BTC-230526-12000-P,BTCUSDT,P,230526-12000,10.0,10.0,5.0,5.0,0.34,0.34,0.0,10.0,0.0,5.02,,3.42010498,1.0,1.425,0.0,0.0,5e-08,-1.2e-06,259.42,7038239.02906605,2023-05-23 02:00:00+00:00,12000,
2023-05-23,3,BTC-230526-12000-P,BTCUSDT,P,230526-12000,10.0,10.0,5.0,5.0,0.34,0.34,0.0,10.0,0.0,5.02,,3.47400904,1.0,1.425,0.0,0.0,3e-08,-6.3e-07,259.42,7102133.74270111,2023-05-23 03:00:00+00:00,12000,
2023-05-23,4,BTC-230526-12000-P,BTCUSDT,P,230526-12000,10.0,10.0,5.0,5.0,0.34,0.34,0.0,10.0,0.0,2.52,,3.4984684,1.0,1.425,0.0,0.0,2e-08,-4.8e-07,259.42,7103172.04036716,2023-05-23 04:00:00+00:00,12000,
2023-05-23,5,BTC-230526-12000-P,BTCUSDT,P,230526-12000,10.0,10.0,5.0,5.0,0.34,0.34,0.0,10.0,0.0,5.02,,3.52299809,1.0,1.425,0.0,0.0,2e-08,-3.7e-07,259.42,7108290.08813284,2023-05-23 05:00:00+00:00,12000,
2023-05-23,6,BTC-230526-12000-P,BTCUSDT,P,230526-12000,10.0,10.0,5.0,5.0,0.34,0.34,0.0,10.0,0.0,5.02,,3.53430867,1.0,1.425,0.0,0.0,1e-08,-3.3e-07,259.42,7083031.65983284,2023-05-23 06:00:00+00:00,12000,
2023-05-23,7,BTC-230526-12000-P,BTCUSDT,P,230526-12000,10.0,10.0,5.0,5.0,0.34,0.34,0.0,10.0,0.0,5.02,,3.55994105,1.0,1.425,0.0,0.0,1e-08,-2.5e-07,259.42,7081603.67626605,2023-05-23 07:00:00+00:00,12000,
2023-05-23,8,BTC-230526-12000-P,BTCUSDT,P,230526-12000,10.0,10.0,5.0,5.0,0.34,0.34,0.0,10.0,0.0,5.02,,3.58908892,1.0,1.425,0.0,0.0,1e-08,-1.8e-07,259.42,7088252.91970037,2023-05-23 08:00:00+00:00,12000,
2023-05-23,9,BTC-230526-12000-P,BTCUSDT,P,230526-12000,10.0,10.0,5.0,5.0,0.34,0.34,0.0,10.0,0.0,5.02,,3.60683382,1.0,1.425,0.0,0.0,1e-08,-1.5e-07,259.42,7076212.99043395,2023-05-23 09:00:00+00:00,12000,
2023-05-23,10,BTC-230526-12000-P,BTCUSDT,P,230526-12000,5.0,5.0,5.0,5.0,0.05,0.05,0.0,10.0,0.0,5.02,,3.64014328,1.0,1.425,0.0,0.0,0.0,-1e-07,259.42,7090328.34146568,2023-05-23 10:00:00+00:00,12000,
2023-05-23,11,BTC-230526-12000-P,BTCUSDT,P,230526-12000,5.0,5.0,5.0,5.0,0.05,0.05,0.0,10.0,0.0,5.02,,3.66837978,1.0,1.425,0.0,0.0,0.0,-7e-08,259.42,7092526.06123321,2023-05-23 11:00:00+00:00,12000,
2023-05-23,12,BTC-230526-12000-P,BTCUSDT,P,230526-12000,5.0,5.0,5.0,5.0,0.05,0.05,0.0,10.0,0.0,5.02,,3.68809283,1.0,1.425,0.0,0.0,0.0,-6e-08,259.42,7074979.13949963,2023-05-23 12:00:00+00:00,12000,
2023-05-23,13,BTC-230526-12000-P,BTCUSDT,P,230526-12000,5.0,5.0,5.0,5.0,0.05,0.05,0.0,10.0,0.0,5.02,,3.70912433,1.0,1.425,0.0,0.0,0.0,-5e-08,259.42,7065647.67856642,2023-05-23 13:00:00+00:00,12000,
2023-05-23,14,BTC-230526-12000-P,BTCUSDT,P,230526-12000,5.0,5.0,5.0,5.0,0.05,0.05,0.0,10.0,0.0,5.02,,3.74967754,1.0,1.425,0.0,0.0,0.0,-3e-08,259.42,7090202.64629889,2023-05-23 14:00:00+00:00,12000,
2023-05-23,15,BTC-230526-12000-P,BTCUSDT,P,230526-12000,5.0,5.0,5.0,5.0,0.05,0.05,0.0,10.0,0.0,5.02,,3.77864897,1.0,1.425,0.0,0.0,0.0,-2e-08,259.42,7087791.5227,2023-05-23 15:00:00+00:00,12000,
2023-05-23,16,BTC-230526-12000-P,BTCUSDT,P,230526-12000,5.0,5.0,5.0,5.0,0.05,0.05,0.0,10.0,0.0,5.02,,3.79545152,1.0,1.425,0.0,0.0,0.0,-2e-08,259.42,7064587.63428212,2023-05-23 16:00:00+00:00,12000,
2023-05-23,17,BTC-230526-12000-P,BTCUSDT,P,230526-12000,5.0,5.0,5.0,5.0,0.05,0.05,0.0,10.0,0.0,5.02,,3.82236958,1.0,1.425,0.0,0.0,0.0,-1e-08,259.42,7057432.09898541,2023-05-23 17:00:00+00:00,12000,
2023-05-23,18,BTC-230526-12000-P,BTCUSDT,P,230526-12000,5.0,5.0,5.0,5.0,0.05,0.05,0.0,10.0,0.0,5.02,,3.84392679,1.0,1.425,0.0,0.0,0.0,-1e-08,259.42,7039772.18226094,2023-05-23 18:00:00+00:00,12000,
2023-05-23,19,BTC-230526-12000-P,BTCUSDT,P,230526-12000,5.0,5.0,5.0,5.0,0.05,0.05,0.0,10.0,0.0,5.02,,3.88315678,1.0,1.425,0.0,0.0,0.0,-1e-08,259.42,7054509.30031788,2023-05-23 19:00:00+00:00,12000,
2023-05-23,20,BTC-230526-12000-P,BTCUSDT,P,230526-12000,5.0,5.0,5.0,5.0,0.05,0.05,0.0,10.0,0.0,5.02,,3.91985476,1.0,1.425,0.0,0.0,0.0,0.0,259.42,7060041.06596823,2023-05-23 20:00:00+00:00,12000,
2023-05-23,21,BTC-230526-12000-P,BTCUSDT,P,230526-12000,5.0,5.0,5.0,5.0,0.05,0.05,0.0,10.0,0.0,5.02,,3.95116806,1.0,1.425,0.0,0.0,0.0,0.0,259.42,7056615.59116424,2023-05-23 21:00:00+00:00,12000,
2023-05-23,22,BTC-230526-12000-P,BTCUSDT,P,230526-12000,5.0,5.0,5.0,5.0,0.05,0.05,0.0,10.0,0.0,5.02,,3.98520172,1.0,1.425,0.0,0.0,0.0,0.0,259.42,7055181.39767153,2023-05-23 22:00:00+00:00,12000,
2023-05-23,23,BTC-230526-12000-P,BTCUSDT,P,230526-12000,5.0,5.0,5.0,5.0,0.05,0.05,0.0,10.0,0.0,5.02,,4.02427137,1.0,1.425,0.0,0.0,0.0,0.0,259.42,7061562.79708212,2023-05-23 23:00:00+00:00,12000,
2023-05-24,0,BTC-230526-12000-P,BTCUSDT,P,230526-12000,5.0,5.0,5.0,5.0,0.05,0.05,0.0,10.0,0.0,2.52,,4.05102134,1.0,1.425,0.0,0.0,0.0,0.0,259.42,7046636.76805035,2023-05-24 00:00:00+00:00,12000,
2023-05-24,1,BTC-230526-12000-P,BTCUSDT,P,230526-12000,5.0,5.0,5.0,5.0,0.05,0.05,0.0,10.0,0.0,5.02,,4.08540726,1.0,1.425,0.0,0.0,0.0,0.0,259.42,7040690.86165035,2023-05-24 01:00:00+00:00,12000,
2023-05-24,2,BTC-230526-12000-P,BTCUSDT,P,230526-12000,5.0,5.0,5.0,5.0,0.0,0.0,0.0,10.0,0.0,5.02,,4.12769198,1.0,1.425,0.0,0.0,0.0,0.0,259.42,7047649.90292847,2023-05-24 02:00:00+00:00,12000,
2023-05-24,3,BTC-230526-12000-P,BTCUSDT,P,230526-12000,5.0,5.0,5.0,5.0,0.0,0.0,0.0,10.0,0.0,5.02,,4.10665393,1.0,1.425,0.0,0.0,0.0,0.0,259.42,6949044.36092847,2023-05-24 03:00:00+00:00,12000,
2023-05-24,4,BTC-230526-12000-P,BTCUSDT,P,230526-12000,5.0,5.0,5.0,5.0,0.0,0.0,0.0,10.0,0.0,5.02,,4.14980054,1.0,1.425,0.0,0.0,0.0,0.0,259.42,6950303.27962518,2023-05-24 04:00:00+00:00,12000,
2023-05-24,5,BTC-230526-12000-P,BTCUSDT,P,230526-12000,5.0,5.0,5.0,5.0,0.0,0.0,0.0,10.0,0.0,5.02,,4.18614984,1.0,1.425,0.0,0.0,0.0,0.0,259.42,6945937.17450729,2023-05-24 05:00:00+00:00,12000,
2023-05-24,6,BTC-230526-12000-P,BTCUSDT,P,230526-12000,5.0,5.0,5.0,5.0,0.0,0.0,0.0,10.0,0.0,2.52,,4.21671271,1.0,1.425,0.0,0.0,0.0,0.0,259.42,6921703.36493432,2023-05-24 06:00:00+00:00,12000,
2023-05-24,7,BTC-230526-12000-P,BTCUSDT,P,230526-12000,5.0,5.0,5.0,5.0,0.0,0.0,0.0,5.0,0.0,2.37,,3.95514309,1.0,1.425,0.0,0.0,0.0,0.0,259.42,6923156.91989889,2023-05-24 07:00:00+00:00,12000,
2023-05-24,8,BTC-230526-12000-P,BTCUSDT,P,230526-12000,5.0,5.0,5.0,5.0,0.0,0.0,0.0,5.0,0.0,2.37,,4.00782168,1.0,1.425,0.0,0.0,0.0,0.0,259.42,6937883.69916605,2023-05-24 08:00:00+00:00,12000,
2023-05-24,9,BTC-230526-12000-P,BTCUSDT,P,230526-12000,5.0,5.0,5.0,5.0,0.0,0.0,0.0,5.0,0.0,2.37,,4.05165732,1.0,1.425,0.0,0.0,0.0,0.0,259.42,6939035.52396605,2023-05-24 09:00:00+00:00,12000,
2023-05-24,10,BTC-230526-12000-P,BTCUSDT,P,230526-12000,5.0,5.0,5.0,5.0,0.0,0.0,0.0,5.0,0.0,2.37,,4.09294367,1.0,1.425,0.0,0.0,0.0,0.0,259.42,6935205.8053321,2023-05-24 10:00:00+00:00,12000,
2023-05-24,11,BTC-230526-12000-P,BTCUSDT,P,230526-12000,5.0,5.0,5.0,5.0,0.0,0.0,0.0,5.0,0.0,2.37,,4.14072394,1.0,1.425,0.0,0.0,0.0,0.0,259.42,6934109.38523247,2023-05-24 11:00:00+00:00,12000,
2023-05-24,12,BTC-230526-12000-P,BTCUSDT,P,230526-12000,5.0,5.0,5.0,5.0,0.0,0.0,0.0,5.0,0.0,2.37,,4.18128967,1.0,1.425,0.0,0.0,0.0,0.0,259.42,6925259.39546568,2023-05-24 12:00:00+00:00,12000,
2023-05-24,13,BTC-230526-12000-P,BTCUSDT,P,230526-12000,5.0,5.0,5.0,5.0,0.0,0.0,0.0,5.0,0.0,2.37,,4.18775201,1.0,1.425,0.0,0.0,0.0,0.0,259.42,6858160.28893247,2023-05-24 13:00:00+00:00,12000,
2023-05-24,14,BTC-230526-12000-P,BTCUSDT,P,230526-12000,5.0,5.0,5.0,5.0,0.0,0.0,0.0,5.0,0.0,2.37,,4.20510411,1.0,1.425,0.0,0.0,0.0,0.0,259.42,6808544.73153395,2023-05-24 14:00:00+00:00,12000,
2023-05-24,15,BTC-230526-12000-P,BTCUSDT,P,230526-12000,5.0,5.0,5.0,5.0,0.0,0.0,0.0,5.0,0.0,2.37,,4.2678535,1.0,1.425,0.0,0.0,0.0,0.0,259.42,6824222.1615679,2023-05-24 15:00:00+00:00,12000,
2023-05-24,16,BTC-230526-12000-P,BTCUSDT,P,230526-12000,5.0,5.0,5.0,5.0,0.0,0.0,0.0,5.0,0.0,2.37,,4.30809379,1.0,1.425,0.0,0.0,0.0,0.0,259.42,6803761.39733358,2023-05-24 16:00:00+00:00,12000,
2023-05-24,17,BTC-230526-12000-P,BTCUSDT,P,230526-12000,5.0,5.0,5.0,5.0,0.0,0.0,0.0,5.0,0.0,2.37,,4.37309742,1.0,1.425,0.0,0.0,0.0,0.0,259.42,6817459.94690037,2023-05-24 17:00:00+00:00,12000,
2023-05-24,18,BTC-230526-12000-P,BTCUSDT,P,230526-12000,5.0,5.0,5.0,5.0,0.0,0.0,0.0,5.0,0.0,2.37,,4.42027569,1.0,1.425,0.0,0.0,0.0,0.0,259.42,6803892.77503321,2023-05-24 18:00:00+00:00,12000,
2023-05-24,19,BTC-230526-12000-P,BTCUSDT,P,230526-12000,5.0,5.0,5.0,5.0,0.0,0.0,0.0,5.0,0.0,2.37,,4.48722661,1.0,1.425,0.0,0.0,0.0,0.0,259.42,6807080.49093247,2023-05-24 19:00:00+00:00,12000,
2023-05-24,20,BTC-230526-12000-P,BTCUSDT,P,230526-12000,5.0,5.0,5.0,5.0,0.0,0.0,0.0,5.0,0.0,2.37,,4.57973897,1.0,1.425,0.0,0.0,0.0,0.0,259.42,6853770.96430037,2023-05-24 20:00:00+00:00,12000,
2023-05-24,21,BTC-230526-12000-P,BTCUSDT,P,230526-12000,5.0,5.0,5.0,5.0,0.0,0.0,0.0,5.0,0.0,2.37,,4.63950157,1.0,1.425,0.0,0.0,0.0,0.0,259.42,6839682.2964679,2023-05-24 21:00:00+00:00,12000,
2023-05-24,22,BTC-230526-12000-P,BTCUSDT,P,230526-12000,5.0,5.0,5.0,5.0,0.0,0.0,0.0,5.0,0.0,2.37,,4.70477581,1.0,1.425,0.0,0.0,0.0,0.0,259.42,6833158.06876642,2023-05-24 22:00:00+00:00,12000,
2023-05-24,23,BTC-230526-12000-P,BTCUSDT,P,230526-12000,5.0,5.0,5.0,5.0,0.0,0.0,0.0,5.0,0.0,2.37,,4.77500558,1.0,1.425,0.0,0.0,0.0,0.0,259.42,6830813.77669889,2023-05-24 23:00:00+00:00,12000,
2023-05-25,0,BTC-230526-12000-P,BTCUSDT,P,230526-12000,5.0,5.0,5.0,5.0,0.0,0.0,0.0,10.0,0.0,5.02,,5.20222783,1.0,1.425,0.0,0.0,0.0,0.0,259.42,6803593.0214,2023-05-25 00:00:00+00:00,12000,
2023-05-25,1,BTC-230526-12000-P,BTCUSDT,P,230526-12000,5.0,5.0,5.0,5.0,0.0,0.0,0.0,10.0,0.0,5.02,,5.26348114,1.0,1.425,0.0,0.0,0.0,0.0,259.42,6771943.59609889,2023-05-25 01:00:00+00:00,12000,
2023-05-25,2,BTC-230526-12000-P,BTCUSDT,P,230526-12000,5.0,5.0,5.0,5.0,0.0,0.0,0.0,10.0,0.0,5.02,,5.35322309,1.0,1.425,0.0,0.0,0.0,0.0,259.42,6775467.07559963,2023-05-25 02:00:00+00:00,12000,
2023-05-25,3,BTC-230526-12000-P,BTCUSDT,P,230526-12000,5.0,5.0,5.0,5.0,0.0,0.0,0.0,10.0,0.0,5.02,,5.46197534,1.0,1.425,0.0,0.0,0.0,0.0,259.42,6794048.58900037,2023-05-25 03:00:00+00:00,12000,
2023-05-25,4,BTC-230526-12000-P,BTCUSDT,P,230526-12000,5.0,5.0,5.0,5.0,0.0,0.0,0.0,10.0,0.0,5.02,,5.57151914,1.0,1.425,0.0,0.0,0.0,0.0,259.42,6800717.04186568,2023-05-25 04:00:00+00:00,12000,
2023-05-25,5,BTC-230526-12000-P,BTCUSDT,P,230526-12000,5.0,5.0,5.0,5.0,0.0,0.0,0.0,10.0,0.0,5.02,,5.68613291,1.0,1.425,0.0,0.0,0.0,0.0,259.42,6811763.88666753,2023-05-25 05:00:00+00:00,12000,
2023-05-25,6,BTC-230526-12000-P,BTCUSDT,P,230526-12000,5.0,5.0,5.0,5.0,0.0,0.0,0.0,10.0,0.0,5.02,,5.79902291,1.0,1.425,0.0,0.0,0.0,0.0,259.42,6812545.48206679,2023-05-25 06:00:00+00:00,12000,
2023-05-25,7,BTC-230526-12000-P,BTCUSDT,P,230526-12000,5.0,5.0,5.0,5.0,0.0,0.0,0.0,5.0,0.0,2.45,,5.46741605,1.0,1.425,0.0,0.0,0.0,0.0,259.42,6778033.41883358,2023-05-25 07:00:00+00:00,12000,
2023-05-25,8,BTC-230526-12000-P,BTCUSDT,P,230526-12000,5.0,5.0,5.0,5.0,0.0,0.0,0.0,5.0,0.0,2.45,,5.60706615,1.0,1.425,0.0,0.0,0.0,0.0,259.42,6801621.12056568,2023-05-25 08:00:00+00:00,12000,
2023-05-25,9,BTC-230526-12000-P,BTCUSDT,P,230526-12000,5.0,5.0,5.0,5.0,0.0,0.0,0.0,5.0,0.0,2.45,,5.74649096,1.0,1.425,0.0,0.0,0.0,0.0,259.42,6816324.83616,2023-05-25 09:00:00+00:00,12000,
2023-05-25,10,BTC-230526-12000-P,BTCUSDT,P,230526-12000,5.0,5.0,5.0,5.0,0.0,0.0,0.0,5.0,0.0,2.45,,5.87394238,1.0,1.425,0.0,0.0,0.0,0.0,259.42,6805517.39896,2023-05-25 10:00:00+00:00,12000,
2023-05-25,11,BTC-230526-12000-P,BTCUSDT,P,230526-12000,5.0,5.0,5.0,5.0,0.0,0.0,0.0,5.0,0.0,2.45,,6.03072166,1.0,1.425,0.0,0.0,0.0,0.0,259.42,6817772.80330338,2023-05-25 11:00:00+00:00,12000,
2023-05-25,12,BTC-230526-12000-P,BTCUSDT,P,230526-12000,5.0,5.0,5.0,5.0,0.0,0.0,0.0,5.0,0.0,2.45,,6.21638894,1.0,1.425,0.0,0.0,0.0,0.0,259.42,6848104.99678753,2023-05-25 12:00:00+00:00,12000,
2023-05-25,13,BTC-230526-12000-P,BTCUSDT,P,230526-12000,5.0,5.0,5.0,5.0,0.0,0.0,0.0,5.0,0.0,2.45,,6.36891127,1.0,1.425,0.0,0.0,0.0,0.0,259.42,6833819.08328,2023-05-25 13:00:00+00:00,12000,
2023-05-25,14,BTC-230526-12000-P,BTCUSDT,P,230526-12000,5.0,5.0,5.0,5.0,0.0,0.0,0.0,5.0,0.0,2.45,,6.56039715,1.0,1.425,0.0,0.0,0.0,0.0,259.42,6839224.01250753,2023-05-25 14:00:00+00:00,12000,
2023-05-25,15,BTC-230526-12000-P,BTCUSDT,P,230526-12000,5.0,5.0,5.0,5.0,0.0,0.0,0.0,5.0,0.0,2.45,,6.72305107,1.0,1.425,0.0,0.0,0.0,0.0,259.42,6803613.60205247,2023-05-25 15:00:00+00:00,12000,
2023-05-25,16,BTC-230526-12000-P,BTCUSDT,P,230526-12000,5.0,5.0,5.0,5.0,0.0,0.0,0.0,5.0,0.0,2.45,,6.95819139,1.0,1.425,0.0,0.0,0.0,0.0,259.42,6818257.80340416,2023-05-25 16:00:00+00:00,12000,
2023-05-25,17,BTC-230526-12000-P,BTCUSDT,P,230526-12000,5.0,5.0,5.0,5.0,0.0,0.0,0.0,5.0,0.0,2.45,,7.2241807,1.0,1.425,0.0,0.0,0.0,0.0,259.42,6834365.76769247,2023-05-25 17:00:00+00:00,12000,
2023-05-25,18,BTC-230526-12000-P,BTCUSDT,P,230526-12000,5.0,5.0,5.0,5.0,0.0,0.0,0.0,5.0,0.0,2.45,,7.50481963,1.0,1.425,0.0,0.0,0.0,0.0,259.42,6840113.18896831,2023-05-25 18:00:00+00:00,12000,
2023-05-25,19,BTC-230526-12000-P,BTCUSDT,P,230526-12000,5.0,5.0,5.0,5.0,0.0,0.0,0.0,10.0,0.0,5.02,,8.44156265,1.0,1.425,0.0,0.0,0.0,0.0,259.42,6870324.14684,2023-05-25 19:00:00+00:00,12000,
2023-05-25,20,BTC-230526-12000-P,BTCUSDT,P,230526-12000,5.0,5.0,5.0,5.0,0.0,0.0,0.0,10.0,0.0,5.02,,8.82256985,1.0,1.425,0.0,0.0,0.0,0.0,259.42,6871054.09707169,2023-05-25 20:00:00+00:00,12000,
2023-05-25,21,BTC-230526-12000-P,BTCUSDT,P,230526-12000,5.0,5.0,5.0,5.0,0.0,0.0,0.0,10.0,0.0,5.02,,9.24870372,1.0,1.425,0.0,0.0,0.0,0.0,259.42,6867299.54023584,2023-05-25 21:00:00+00:00,12000,
2023-05-25,22,BTC-230526-12000-P,BTCUSDT,P,230526-12000,5.0,5.0,5.0,5.0,0.0,0.0,0.0,10.0,0.0,5.02,,9.74148273,1.0,1.425,0.0,0.0,0.0,0.0,259.42,6864070.10712831,2023-05-25 22:00:00+00:00,12000,
2023-05-25,23,BTC-230526-12000-P,BTCUSDT,P,230526-12000,5.0,5.0,5.0,5.0,0.0,0.0,0.0,10.0,0.0,5.02,,9.9999994,1.0,1.425,0.0,0.0,0.0,0.0,259.42,6867843.34220416,2023-05-25 23:00:00+00:00,12000,
2023-05-26,0,BTC-230526-12000-P,BTCUSDT,P,230526-12000,5.0,5.0,5.0,5.0,0.0,0.0,0.0,5.0,0.0,2.5,,9.9999994,1.0,1.425,0.0,0.0,0.0,0.0,259.42,6863506.53159169,2023-05-26 00:00:00+00:00,12000,
2023-05-26,1,BTC-230526-12000-P,BTCUSDT,P,230526-12000,5.0,5.0,5.0,5.0,0.0,0.0,0.0,5.0,0.0,2.5,,9.9999994,1.0,1.425,0.0,0.0,0.0,0.0,259.42,6850846.14380416,2023-05-26 01:00:00+00:00,12000,
2023-05-26,2,BTC-230526-12000-P,BTCUSDT,P,230526-12000,5.0,5.0,5.0,5.0,0.01,0.01,0.0,5.0,0.0,2.49,,9.9999994,1.0,1.425,0.0,0.0,0.0,0.0,259.42,6849955.18022753,2023-05-26 02:00:00+00:00,12000,
2023-05-26,3,BTC-230526-12000-P,BTCUSDT,P,230526-12000,5.0,5.0,5.0,5.0,0.09,0.09,0.0,5.0,0.0,2.41,,9.9999994,1.0,1.425,0.0,0.0,0.0,0.0,259.51,6860279.54611247,2023-05-26 03:00:00+00:00,12000,
2023-05-26,4,BTC-230526-12000-P,BTCUSDT,P,230526-12000,5.0,5.0,5.0,5.0,0.09,0.09,0.0,5.0,0.0,2.41,,9.9999994,1.0,1.425,0.0,0.0,0.0,0.0,259.51,6858721.15972831,2023-05-26 04:00:00+00:00,12000,
2023-05-26,5,BTC-230526-12000-P,BTCUSDT,P,230526-12000,5.0,5.0,5.0,5.0,0.1,0.1,0.0,5.0,0.0,2.41,,9.9999994,1.0,1.425,0.0,0.0,0.0,0.0,259.52,6838920.86784,2023-05-26 05:00:00+00:00,12000,
2023-05-26,6,BTC-230526-12000-P,BTCUSDT,P,230526-12000,5.0,5.0,5.0,5.0,0.1,0.1,0.0,5.0,0.0,2.41,,9.9999994,1.0,1.425,0.0,0.0,0.0,0.0,259.52,6858594.2139742,2023-05-26 06:00:00+00:00,12000,
2023-05-26,7,BTC-230526-12000-P,BTCUSDT,P,230526-12000,5.0,5.0,5.0,5.0,0.1,0.1,0.0,5.0,0.0,0.01,,9.9999994,1.0,1.425,0.0,0.0,0.0,0.0,259.52,6879125.30254107,2023-05-26 07:00:00+00:00,12000,
