date,hour,symbol,underlying,type,strike,open,high,low,close,volume_contracts,volume_usdt,best_bid_price,best_ask_price,best_bid_qty,best_ask_qty,best_buy_iv,best_sell_iv,mark_price,mark_iv,delta,gamma,vega,theta,openinterest_contracts,openinterest_usdt
2023-05-18,6,BTC-230630-22000-P,BTCUSDT,P,230630-22000,0.0,0.0,0.0,0.0,0.0,0.0,250.0,290.0,2.5,2.5,,0.54404795,269.0,0.53226084,-0.10482272,3.652e-05,16.97065805,-10.49310459,0.0,0.0
2023-05-18,3,BTC-230630-22000-P,BTCUSDT,P,230630-22000,0.0,0.0,0.0,0.0,0.0,0.0,235.0,275.0,2.5,2.5,,0.54385662,254.0,0.53170055,-0.09952054,3.495e-05,16.45601555,-10.13475313,0.0,0.0
2023-05-18,13,BTC-230630-22000-P,BTCUSDT,P,230630-22000,245.0,245.0,230.0,235.0,4.98,4.98,230.0,235.0,2.5,1.31,,0.51600158,232.0,0.51442564,-0.09577706,3.543e-05,15.86380449,-9.54473157,4.98,135783.17888572
2023-05-18,21,BTC-230630-22000-P,BTCUSDT,P,230630-22000,245.0,250.0,230.0,240.0,7.73,7.73,275.0,280.0,1.5,0.07,,0.52377999,277.0,0.52233815,-0.1107689,3.942e-05,17.34214208,-10.67794889,7.73,208143.70656589
2023-05-18,12,BTC-230630-22000-P,BTCUSDT,P,230630-22000,245.0,245.0,230.0,235.0,4.98,4.98,230.0,235.0,2.5,1.31,,0.51403821,232.0,0.51246583,-0.09614318,3.568e-05,15.89960471,-9.52054761,4.98,135764.02613405
2023-05-18,15,BTC-230630-22000-P,BTCUSDT,P,230630-22000,245.0,250.0,230.0,240.0,7.73,7.73,250.0,275.0,1.5,3.57,,0.52967489,262.0,0.52225202,-0.10503377,3.761e-05,16.84118922,-10.30704229,7.73,209280.82991981
2023-05-18,23,BTC-230630-22000-P,BTCUSDT,P,230630-22000,245.0,250.0,230.0,240.0,7.73,7.73,275.0,290.0,1.57,0.07,,0.52374482,282.0,0.51947117,-0.11335815,4.049e-05,17.55024454,-10.76792545,7.73,207401.3950956
2023-05-18,4,BTC-230630-22000-P,BTCUSDT,P,230630-22000,0.0,0.0,0.0,0.0,0.0,0.0,245.0,285.0,2.5,2.5,,0.54631352,264.0,0.53438395,-0.10249138,3.563e-05,16.76816308,-10.38913908,0.0,0.0
2023-05-18,18,BTC-230630-22000-P,BTCUSDT,P,230630-22000,245.0,250.0,230.0,240.0,7.73,7.73,290.0,320.0,1.57,2.57,,0.52545428,304.0,0.51727623,-0.12154912,4.294e-05,18.34318752,-11.1519957,7.73,205761.0033011
2023-05-18,19,BTC-230630-22000-P,BTCUSDT,P,230630-22000,245.0,250.0,230.0,240.0,7.73,7.73,280.0,310.0,0.07,3.58,,0.52875817,294.0,0.52040696,-0.11727423,4.144e-05,17.96248338,-10.99741041,7.73,206687.48967146
2023-05-18,14,BTC-230630-22000-P,BTCUSDT,P,230630-22000,245.0,250.0,230.0,250.0,7.64,7.64,240.0,250.0,1.5,0.09,,0.52428246,244.0,0.52120119,-0.09894301,3.586e-05,16.2265682,-9.90123444,7.64,208078.3032
2023-05-18,16,BTC-230630-22000-P,BTCUSDT,P,230630-22000,245.0,250.0,230.0,240.0,7.73,7.73,255.0,275.0,1.5,3.82,,0.52913725,264.0,0.52322388,-0.10577926,3.777e-05,16.91139026,-10.37939985,7.73,209247.00904615
2023-05-18,11,BTC-230630-22000-P,BTCUSDT,P,230630-22000,245.0,245.0,230.0,235.0,4.98,4.98,215.0,235.0,2.5,1.31,,0.52376449,224.0,0.51732242,-0.09226035,3.407e-05,15.52481661,-9.37509753,4.98,136424.63353184
2023-05-18,20,BTC-230630-22000-P,BTCUSDT,P,230630-22000,245.0,250.0,230.0,240.0,7.73,7.73,285.0,295.0,1.5,0.07,,0.51923335,289.0,0.51643461,-0.1166103,4.165e-05,17.86614392,-10.86558495,7.73,206624.19116486
2023-05-18,9,BTC-230630-22000-P,BTCUSDT,P,230630-22000,245.0,245.0,230.0,235.0,3.48,3.48,220.0,225.0,2.5,1.01,,0.51728547,222.0,0.51566869,-0.09160476,3.395e-05,15.46190375,-9.28918544,3.48,95359.97570109
2023-05-18,8,BTC-230630-22000-P,BTCUSDT,P,230630-22000,245.0,245.0,230.0,235.0,3.48,3.48,220.0,225.0,2.5,1.01,,0.51634371,222.0,0.51472843,-0.09174634,3.405e-05,15.48053542,-9.27441649,3.48,95380.83505056
2023-05-18,10,BTC-230630-22000-P,BTCUSDT,P,230630-22000,245.0,245.0,230.0,235.0,4.98,4.98,230.0,235.0,1.5,1.31,,0.52047193,232.0,0.51889002,-0.09467265,3.466e-05,15.8020187,-9.56210803,4.98,136195.9398923
2023-05-18,17,BTC-230630-22000-P,BTCUSDT,P,230630-22000,245.0,250.0,230.0,240.0,7.73,7.73,290.0,335.0,1.57,2.47,,0.52384675,312.0,0.51179618,-0.12554196,4.46e-05,18.67518824,-11.2225683,7.73,204597.44037909
2023-05-18,7,BTC-230630-22000-P,BTCUSDT,P,230630-22000,0.0,0.0,0.0,0.0,0.0,0.0,230.0,270.0,2.5,2.5,,0.54376662,249.0,0.53146452,-0.09802744,3.461e-05,16.26120125,-10.04912691,0.0,0.0
2023-05-18,22,BTC-230630-22000-P,BTCUSDT,P,230630-22000,245.0,250.0,230.0,240.0,7.73,7.73,265.0,285.0,1.57,5.85,,0.52510798,274.0,0.51932752,-0.11063518,3.968e-05,17.300659,-10.60142,7.73,207870.46593624
2023-05-18,5,BTC-230630-22000-P,BTCUSDT,P,230630-22000,0.0,0.0,0.0,0.0,0.0,0.0,250.0,290.0,2.5,2.5,,0.54438293,269.0,0.53259432,-0.10468951,3.643e-05,16.96921206,-10.48863085,0.0,0.0
2023-05-19,6,BTC-230630-22000-P,BTCUSDT,P,230630-22000,245.0,250.0,230.0,240.0,7.73,7.73,255.0,260.0,1.5,5.07,,0.51350772,257.0,0.51201761,-0.10651166,3.93e-05,16.77667145,-10.21599463,7.73,208014.14794835
2023-05-19,3,BTC-230630-22000-P,BTCUSDT,P,230630-22000,245.0,250.0,230.0,240.0,7.73,7.73,255.0,265.0,1.5,0.07,,0.51130116,259.0,0.50834954,-0.10811963,4.005e-05,16.94058284,-10.21154359,7.73,207474.14628789
2023-05-19,13,BTC-230630-22000-P,BTCUSDT,P,230630-22000,235.0,250.0,235.0,240.0,2.75,2.75,255.0,270.0,1.57,1.57,,0.51876009,262.0,0.51431894,-0.10821749,3.976e-05,16.8869822,-10.40154782,7.73,207732.52125474
2023-05-19,21,BTC-230630-22000-P,BTCUSDT,P,230630-22000,240.0,240.0,240.0,240.0,0.0,0.0,245.0,285.0,2.63,7.23,,0.53197801,264.0,0.52009702,-0.10816516,3.941e-05,16.83674454,-10.57151489,7.73,207803.88019759
2023-05-19,12,BTC-230630-22000-P,BTCUSDT,P,230630-22000,235.0,250.0,235.0,240.0,2.75,2.75,250.0,260.0,1.57,0.07,,0.51534832,254.0,0.51234633,-0.10586223,3.921e-05,16.65596036,-10.20971217,7.73,208037.53233095
2023-05-19,15,BTC-230630-22000-P,BTCUSDT,P,230630-22000,240.0,240.0,240.0,240.0,0.0,0.0,265.0,280.0,1.57,1.57,,0.52634716,272.0,0.52196115,-0.11016649,3.97e-05,17.10015162,-10.71073484,7.73,207879.30475241
2023-05-19,23,BTC-230630-22000-P,BTCUSDT,P,230630-22000,240.0,240.0,240.0,240.0,0.0,0.0,240.0,270.0,7.62,2.73,,0.52230418,254.0,0.51326185,-0.10624917,3.95e-05,16.59051944,-10.30073999,7.73,207798.1379119
2023-05-19,4,BTC-230630-22000-P,BTCUSDT,P,230630-22000,245.0,250.0,230.0,240.0,7.73,7.73,240.0,260.0,5.13,5.13,,0.51112473,249.0,0.50510943,-0.10519381,3.948e-05,16.62461671,-9.96706036,7.73,207723.2604033
2023-05-19,18,BTC-230630-22000-P,BTCUSDT,P,230630-22000,240.0,240.0,240.0,240.0,0.0,0.0,260.0,285.0,15.13,5.72,,0.53038061,272.0,0.52305579,-0.11006701,3.964e-05,17.06688355,-10.74454941,7.73,207847.03200241
2023-05-19,19,BTC-230630-22000-P,BTCUSDT,P,230630-22000,240.0,240.0,240.0,240.0,0.0,0.0,265.0,285.0,15.0,4.73,,0.52691817,274.0,0.52109778,-0.11151378,4.027e-05,17.18202449,-10.78736423,7.73,207485.6913119
2023-05-19,1,BTC-230630-22000-P,BTCUSDT,P,230630-22000,245.0,250.0,230.0,240.0,7.73,7.73,265.0,280.0,1.5,5.13,,0.51767111,272.0,0.51333696,-0.11137602,4.052e-05,17.30430967,-10.51235411,7.73,207228.14455936
2023-05-19,14,BTC-230630-22000-P,BTCUSDT,P,230630-22000,240.0,240.0,240.0,240.0,0.09,0.09,255.0,270.0,1.57,1.57,,0.51682174,262.0,0.51238775,-0.10873736,4.012e-05,16.91536122,-10.39027554,7.73,207315.31290949
2023-05-19,0,BTC-230630-22000-P,BTCUSDT,P,230630-22000,245.0,250.0,230.0,240.0,7.73,7.73,265.0,280.0,1.5,2.57,,0.52233994,272.0,0.51798701,-0.11019109,3.972e-05,17.22965333,-10.55140991,7.73,207830.0117033
2023-05-19,16,BTC-230630-22000-P,BTCUSDT,P,230630-22000,240.0,240.0,240.0,240.0,0.0,0.0,270.0,285.0,1.5,1.57,,0.52646339,277.0,0.52211881,-0.11199104,4.025e-05,17.26385422,-10.82736392,7.73,207461.95285
2023-05-19,11,BTC-230630-22000-P,BTCUSDT,P,230630-22000,235.0,250.0,235.0,240.0,2.75,2.75,250.0,260.0,1.5,0.07,,0.51166236,254.0,0.508672,-0.10666359,3.977e-05,16.72183334,-10.16644546,7.73,207601.49223336
2023-05-19,20,BTC-230630-22000-P,BTCUSDT,P,230630-22000,240.0,240.0,240.0,240.0,0.0,0.0,265.0,285.0,15.0,4.73,,0.52696168,274.0,0.5211395,-0.11156666,4.031e-05,17.17705829,-10.79594607,7.73,207409.82320241
2023-05-19,9,BTC-230630-22000-P,BTCUSDT,P,230630-22000,235.0,250.0,235.0,240.0,4.25,4.25,245.0,255.0,5.13,1.63,,0.50728321,249.0,0.50427467,-0.10570648,3.983e-05,16.62115816,-9.99796422,7.73,207463.36081431
2023-05-19,8,BTC-230630-22000-P,BTCUSDT,P,230630-22000,235.0,250.0,235.0,240.0,4.25,4.25,255.0,260.0,1.5,0.07,,0.51295757,257.0,0.51146746,-0.10676008,3.947e-05,16.77785471,-10.22600713,7.73,207867.43552146
2023-05-19,10,BTC-230630-22000-P,BTCUSDT,P,230630-22000,235.0,250.0,235.0,240.0,2.75,2.75,245.0,250.0,5.0,0.13,,0.50324917,247.0,0.50174028,-0.10542297,4.001e-05,16.56816121,-9.92586447,7.73,207217.62043336
2023-05-19,17,BTC-230630-22000-P,BTCUSDT,P,230630-22000,240.0,240.0,240.0,240.0,0.0,0.0,255.0,285.0,15.13,5.72,,0.53188264,269.0,0.52304953,-0.10908696,3.933e-05,16.98333112,-10.68110735,7.73,208190.87528569
2023-05-19,7,BTC-230630-22000-P,BTCUSDT,P,230630-22000,245.0,250.0,230.0,240.0,7.73,7.73,245.0,265.0,15.13,0.13,,0.51353157,254.0,0.50756276,-0.10666514,3.978e-05,16.75466167,-10.12385426,7.73,207621.50557146
2023-05-19,22,BTC-230630-22000-P,BTCUSDT,P,230630-22000,240.0,240.0,240.0,240.0,0.0,0.0,250.0,285.0,2.5,4.73,,0.53007305,267.0,0.51973403,-0.10924991,3.979e-05,16.92844437,-10.63236987,7.73,207714.1367381
2023-05-19,5,BTC-230630-22000-P,BTCUSDT,P,230630-22000,245.0,250.0,230.0,240.0,7.73,7.73,255.0,265.0,1.5,0.07,,0.51439703,259.0,0.51143497,-0.10750588,3.963e-05,16.88000839,-10.25705852,7.73,207765.15445495
2023-05-19,2,BTC-230630-22000-P,BTCUSDT,P,230630-22000,245.0,250.0,230.0,240.0,7.73,7.73,255.0,265.0,1.57,5.07,,0.50886214,259.0,0.50591826,-0.10864267,4.042e-05,16.98627796,-10.18005833,7.73,207191.53918679
2023-05-20,6,BTC-230630-22000-P,BTCUSDT,P,230630-22000,240.0,240.0,240.0,240.0,0.0,0.0,260.0,280.0,1.5,1.5,,0.5281508,269.0,0.52224904,-0.11011863,4.002e-05,16.94496556,-10.78110402,7.73,207507.89481664
2023-05-20,3,BTC-230630-22000-P,BTCUSDT,P,230630-22000,240.0,240.0,240.0,240.0,0.0,0.0,245.0,285.0,2.44,3.32,,0.53108335,264.0,0.5191949,-0.10874732,3.981e-05,16.82673893,-10.610957,7.73,207693.3043881
2023-05-20,13,BTC-230630-22000-P,BTCUSDT,P,230630-22000,240.0,240.0,240.0,240.0,0.0,0.0,260.0,280.0,1.5,1.5,,0.53244472,269.0,0.52650809,-0.10955529,3.963e-05,16.84563011,-10.88264793,7.73,207847.27187776
2023-05-20,21,BTC-230630-22000-P,BTCUSDT,P,230630-22000,240.0,240.0,240.0,240.0,0.0,0.0,230.0,260.0,0.42,5.35,,0.53202868,244.0,0.52264363,-0.10171806,3.779e-05,15.98517339,-10.33552155,7.73,208976.30786969
2023-05-20,12,BTC-230630-22000-P,BTCUSDT,P,230630-22000,240.0,240.0,240.0,240.0,0.0,0.0,255.0,270.0,1.5,1.5,,0.52674115,262.0,0.52223921,-0.10777097,3.946e-05,16.66072987,-10.66502624,7.73,207907.20729164
2023-05-20,15,BTC-230630-22000-P,BTCUSDT,P,230630-22000,240.0,240.0,240.0,240.0,0.0,0.0,240.0,260.0,5.0,9.85,,0.52468717,249.0,0.51853716,-0.1041768,3.877e-05,16.26160511,-10.36751335,7.73,208236.6221619
2023-05-20,23,BTC-230630-22000-P,BTCUSDT,P,230630-22000,240.0,240.0,240.0,240.0,0.0,0.0,230.0,260.0,0.42,5.35,,0.53708017,244.0,0.52764356,-0.10074175,3.711e-05,15.89803965,-10.3989618,7.73,209609.71310474
2023-05-20,4,BTC-230630-22000-P,BTCUSDT,P,230630-22000,240.0,240.0,240.0,240.0,0.0,0.0,255.0,275.0,1.5,1.5,,0.52601397,264.0,0.52006721,-0.10868594,3.974e-05,16.81600133,-10.63276415,7.73,207699.26569051
2023-05-20,18,BTC-230630-22000-P,BTCUSDT,P,230630-22000,240.0,240.0,240.0,240.0,0.0,0.0,230.0,260.0,0.42,2.85,,0.53084671,244.0,0.52147985,-0.10179727,3.785e-05,16.01561265,-10.30028795,7.73,208995.86644285
2023-05-20,19,BTC-230630-22000-P,BTCUSDT,P,230630-22000,240.0,240.0,240.0,240.0,0.0,0.0,230.0,260.0,0.42,5.35,,0.53332746,244.0,0.52393496,-0.10131505,3.751e-05,15.97245076,-10.33150983,7.73,209176.96561905
2023-05-20,1,BTC-230630-22000-P,BTCUSDT,P,230630-22000,240.0,240.0,240.0,240.0,0.0,0.0,240.0,280.0,7.5,2.5,,0.52722812,259.0,0.51526636,-0.1077069,3.981e-05,16.72355811,-10.44495088,7.73,207623.99757621
2023-05-20,14,BTC-230630-22000-P,BTCUSDT,P,230630-22000,240.0,240.0,240.0,240.0,0.0,0.0,250.0,270.0,1.5,1.5,,0.52879572,259.0,0.52275509,-0.10684681,3.918e-05,16.55503149,-10.62954897,7.73,208100.6901119
2023-05-20,0,BTC-230630-22000-P,BTCUSDT,P,230630-22000,240.0,240.0,240.0,240.0,0.0,0.0,240.0,270.0,5.0,4.97,,0.52015543,254.0,0.51113009,-0.1068085,3.989e-05,16.62205371,-10.28782584,7.73,207530.54739759
2023-05-20,16,BTC-230630-22000-P,BTCUSDT,P,230630-22000,240.0,240.0,240.0,240.0,0.0,0.0,250.0,265.0,1.5,6.5,,0.52618861,257.0,0.5216369,-0.10632054,3.917e-05,16.47772568,-10.57893827,7.73,208043.45314285
2023-05-20,11,BTC-230630-22000-P,BTCUSDT,P,230630-22000,240.0,240.0,240.0,240.0,0.0,0.0,260.0,275.0,1.5,1.5,,0.52836359,267.0,0.52390218,-0.1091451,3.97e-05,16.81167334,-10.78489871,7.73,207791.29134051
2023-05-20,20,BTC-230630-22000-P,BTCUSDT,P,230630-22000,240.0,240.0,240.0,240.0,0.0,0.0,230.0,260.0,0.42,5.35,,0.53030431,244.0,0.52093744,-0.10203621,3.802e-05,16.01641873,-10.31128417,7.73,208779.61162311
2023-05-20,9,BTC-230630-22000-P,BTCUSDT,P,230630-22000,240.0,240.0,240.0,240.0,0.0,0.0,260.0,280.0,1.5,1.5,,0.5307883,269.0,0.52486688,-0.1096889,3.972e-05,16.8893259,-10.83256041,7.73,207793.42629285
2023-05-20,8,BTC-230630-22000-P,BTCUSDT,P,230630-22000,240.0,240.0,240.0,240.0,0.0,0.0,245.0,285.0,2.5,7.21,,0.53530574,264.0,0.52335411,-0.10808253,3.936e-05,16.73753419,-10.69337321,7.73,207995.49953569
2023-05-20,10,BTC-230630-22000-P,BTCUSDT,P,230630-22000,240.0,240.0,240.0,240.0,0.0,0.0,265.0,280.0,1.5,1.5,,0.53155661,272.0,0.52712768,-0.11013441,3.968e-05,16.93470085,-10.91956831,7.73,207847.51604759
2023-05-20,17,BTC-230630-22000-P,BTCUSDT,P,230630-22000,240.0,240.0,240.0,240.0,0.0,0.0,210.0,260.0,5.37,2.24,,0.53721249,234.0,0.52121878,-0.09792824,3.665e-05,15.63657893,-10.04116167,7.73,209376.06465241
2023-05-20,7,BTC-230630-22000-P,BTCUSDT,P,230630-22000,240.0,240.0,240.0,240.0,0.0,0.0,240.0,285.0,6.45,3.32,,0.53136885,262.0,0.51792443,-0.10834521,3.99e-05,16.74040765,-10.57349221,7.73,207582.62919285
2023-05-20,22,BTC-230630-22000-P,BTCUSDT,P,230630-22000,240.0,240.0,240.0,240.0,0.0,0.0,230.0,260.0,0.42,5.35,,0.53437173,244.0,0.52496254,-0.10126763,3.748e-05,15.94435564,-10.36555679,7.73,209205.45435
2023-05-20,5,BTC-230630-22000-P,BTCUSDT,P,230630-22000,240.0,240.0,240.0,240.0,0.0,0.0,260.0,275.0,1.5,1.5,,0.52593768,267.0,0.52149355,-0.1093365,3.983e-05,16.87642168,-10.71108337,7.73,207672.20516905
2023-05-20,2,BTC-230630-22000-P,BTCUSDT,P,230630-22000,240.0,240.0,240.0,240.0,0.0,0.0,245.0,285.0,5.41,3.32,,0.52907765,264.0,0.51721543,-0.10915348,4.009e-05,16.8637422,-10.58303568,7.73,207502.20958569
2023-05-21,6,BTC-230630-22000-P,BTCUSDT,P,230630-22000,240.0,240.0,240.0,240.0,0.0,0.0,250.0,265.0,1.5,4.0,,0.54080367,257.0,0.5361709,-0.10391019,3.752e-05,16.18921271,-10.83893724,7.73,209374.78368095
2023-05-21,3,BTC-230630-22000-P,BTCUSDT,P,230630-22000,240.0,240.0,240.0,240.0,0.0,0.0,240.0,255.0,1.5,4.0,,0.53970873,247.0,0.5349806,-0.10036349,3.648e-05,15.86383763,-10.56453467,7.73,210092.6724619
2023-05-21,13,BTC-230630-22000-P,BTCUSDT,P,230630-22000,240.0,240.0,240.0,240.0,0.0,0.0,255.0,270.0,1.5,1.5,,0.53324401,262.0,0.52868515,-0.10785199,3.951e-05,16.45224149,-10.94094751,7.73,207891.10036431
2023-05-21,21,BTC-230630-22000-P,BTCUSDT,P,230630-22000,240.0,240.0,240.0,240.0,0.0,0.0,260.0,275.0,1.5,1.57,,0.52899003,267.0,0.5244872,-0.11119019,4.11e-05,16.65687063,-11.08200359,7.73,206784.08154285
2023-05-21,12,BTC-230630-22000-P,BTCUSDT,P,230630-22000,240.0,240.0,240.0,240.0,0.0,0.0,255.0,270.0,1.5,1.5,,0.5355382,262.0,0.53097039,-0.10726519,3.911e-05,16.42015401,-10.95532538,7.73,208230.31300949
2023-05-21,15,BTC-230630-22000-P,BTCUSDT,P,230630-22000,240.0,240.0,240.0,240.0,0.0,0.0,250.0,265.0,1.5,1.5,,0.53121507,257.0,0.52661419,-0.1066135,3.937e-05,16.30265926,-10.82169224,7.73,207882.2716
2023-05-21,23,BTC-230630-22000-P,BTCUSDT,P,230630-22000,240.0,240.0,240.0,240.0,0.0,0.0,265.0,275.0,1.5,0.07,,0.5294174,269.0,0.52642375,-0.11179343,4.116e-05,16.70256911,-11.1770676,7.73,206770.26140715
2023-05-21,4,BTC-230630-22000-P,BTCUSDT,P,230630-22000,240.0,240.0,240.0,240.0,0.0,0.0,240.0,250.0,1.5,1.5,,0.53388596,244.0,0.5307284,-0.10043248,3.688e-05,15.83621472,-10.47317941,7.73,209786.67305
2023-05-21,18,BTC-230630-22000-P,BTCUSDT,P,230630-22000,240.0,240.0,240.0,240.0,0.0,0.0,240.0,255.0,1.5,1.5,,0.52425981,247.0,0.51958561,-0.10466612,3.948e-05,16.04616666,-10.54248987,7.73,207745.78358459
2023-05-21,19,BTC-230630-22000-P,BTCUSDT,P,230630-22000,240.0,240.0,240.0,240.0,0.0,0.0,245.0,260.0,1.5,1.57,,0.52952945,252.0,0.52488178,-0.10540358,3.925e-05,16.1370008,-10.72153826,7.73,207952.83361664
2023-05-21,1,BTC-230630-22000-P,BTCUSDT,P,230630-22000,240.0,240.0,240.0,240.0,0.0,0.0,230.0,250.0,0.42,3.98,,0.53508699,239.0,0.52871406,-0.09882275,3.648e-05,15.69318939,-10.30709007,7.73,209908.58435241
2023-05-21,14,BTC-230630-22000-P,BTCUSDT,P,230630-22000,240.0,240.0,240.0,240.0,0.0,0.0,255.0,270.0,1.5,1.5,,0.53381383,262.0,0.5292514,-0.10778564,3.947e-05,16.43902267,-10.95534922,7.73,207920.38418095
2023-05-21,0,BTC-230630-22000-P,BTCUSDT,P,230630-22000,240.0,240.0,240.0,240.0,0.0,0.0,230.0,250.0,0.42,6.48,,0.53969383,239.0,0.53329378,-0.09779555,3.577e-05,15.62597389,-10.34113631,7.73,210727.63306664
2023-05-21,16,BTC-230630-22000-P,BTCUSDT,P,230630-22000,240.0,240.0,240.0,240.0,0.0,0.0,245.0,265.0,1.5,1.5,,0.53120792,254.0,0.52504778,-0.10609482,3.938e-05,16.23418392,-10.7554823,7.73,207889.88749051
2023-05-21,11,BTC-230630-22000-P,BTCUSDT,P,230630-22000,240.0,240.0,240.0,240.0,0.0,0.0,265.0,285.0,1.5,3.57,,0.53762615,274.0,0.53168654,-0.11156108,4.03e-05,16.8366741,-11.23660729,7.73,207336.9513881
2023-05-21,20,BTC-230630-22000-P,BTCUSDT,P,230630-22000,240.0,240.0,240.0,240.0,0.0,0.0,260.0,275.0,1.5,1.57,,0.53507507,267.0,0.5305472,-0.10970207,4.008e-05,16.56427991,-11.1359617,7.73,207521.33765474
2023-05-21,9,BTC-230630-22000-P,BTCUSDT,P,230630-22000,240.0,240.0,240.0,240.0,0.0,0.0,235.0,255.0,1.5,1.5,,0.53506911,244.0,0.52875757,-0.10113424,3.737e-05,15.84501511,-10.49457531,7.73,209301.2989881
2023-05-21,8,BTC-230630-22000-P,BTCUSDT,P,230630-22000,240.0,240.0,240.0,240.0,0.0,0.0,240.0,255.0,1.5,1.5,,0.53257167,247.0,0.52787066,-0.10220557,3.775e-05,15.95501215,-10.53870316,7.73,209047.79179759
2023-05-21,10,BTC-230630-22000-P,BTCUSDT,P,230630-22000,240.0,240.0,240.0,240.0,0.0,0.0,255.0,270.0,1.5,1.5,,0.53632677,262.0,0.53175807,-0.10695931,3.89e-05,16.41606524,-10.9459218,7.73,208315.76447854
2023-05-21,17,BTC-230630-22000-P,BTCUSDT,P,230630-22000,240.0,240.0,240.0,240.0,0.0,0.0,250.0,270.0,1.5,6.39,,0.53317726,259.0,0.52706957,-0.10754646,3.966e-05,16.37323083,-10.90083687,7.73,207783.49508336
2023-05-21,7,BTC-230630-22000-P,BTCUSDT,P,230630-22000,240.0,240.0,240.0,240.0,0.0,0.0,230.0,255.0,0.42,2.5,,0.533095,242.0,0.52519083,-0.10084583,3.754e-05,15.81566112,-10.38279724,7.73,209141.49964285
2023-05-21,22,BTC-230630-22000-P,BTCUSDT,P,230630-22000,240.0,240.0,240.0,240.0,0.0,0.0,260.0,275.0,1.5,0.07,,0.52980602,267.0,0.52529842,-0.11106378,4.101e-05,16.63948136,-11.09928971,7.73,206906.10327379
2023-05-21,5,BTC-230630-22000-P,BTCUSDT,P,230630-22000,240.0,240.0,240.0,240.0,0.0,0.0,240.0,255.0,1.5,1.5,,0.53529799,247.0,0.53058803,-0.10143074,3.722e-05,15.92428154,-10.53958097,7.73,209474.85405241
2023-05-21,2,BTC-230630-22000-P,BTCUSDT,P,230630-22000,240.0,240.0,240.0,240.0,0.0,0.0,230.0,250.0,0.42,3.98,,0.53584516,239.0,0.52946627,-0.09872098,3.641e-05,15.67762384,-10.32220184,7.73,210018.56752854
2023-05-22,6,BTC-230630-22000-P,BTCUSDT,P,230630-22000,240.0,240.0,240.0,240.0,0.0,0.0,240.0,255.0,16.5,16.5,,0.52442551,247.0,0.51973611,-0.1053826,3.998e-05,15.99461484,-10.64628788,7.73,207378.01977379
2023-05-22,3,BTC-230630-22000-P,BTCUSDT,P,230630-22000,240.0,240.0,240.0,240.0,0.0,0.0,255.0,260.0,6.5,0.13,,0.51470578,257.0,0.51318824,-0.11053703,4.213e-05,16.46999634,-10.790047,7.73,205970.11990474
2023-05-22,13,BTC-230630-22000-P,BTCUSDT,P,230630-22000,240.0,240.0,240.0,240.0,0.0,0.0,250.0,260.0,1.5,17.5,,0.54165065,254.0,0.53851366,-0.10443324,3.822e-05,15.93920058,-11.07545121,7.73,208807.67039051
2023-05-22,21,BTC-230630-22000-P,BTCUSDT,P,230630-22000,265.0,265.0,265.0,265.0,1.5,1.5,265.0,270.0,1.5,2.57,,0.54296374,267.0,0.54142863,-0.1088635,3.95e-05,16.28790268,-11.47774158,9.23,248286.33631907
2023-05-22,12,BTC-230630-22000-P,BTCUSDT,P,230630-22000,240.0,240.0,240.0,240.0,0.0,0.0,270.0,275.0,1.5,0.07,,0.53216338,272.0,0.53066283,-0.11258114,4.134e-05,16.66197567,-11.39663407,7.73,206749.41617379
2023-05-22,15,BTC-230630-22000-P,BTCUSDT,P,230630-22000,265.0,265.0,265.0,265.0,1.5,1.5,260.0,270.0,1.5,15.07,,0.53971708,264.0,0.53665012,-0.10863687,3.97e-05,16.30282183,-11.313244,9.23,248098.6882214
2023-05-22,23,BTC-230630-22000-P,BTCUSDT,P,230630-22000,265.0,265.0,265.0,265.0,1.5,1.5,250.0,270.0,15.0,0.13,,0.54009974,259.0,0.53390324,-0.10792953,3.993e-05,16.13874342,-11.23894542,9.23,247766.53568336
2023-05-22,4,BTC-230630-22000-P,BTCUSDT,P,230630-22000,240.0,240.0,240.0,240.0,0.0,0.0,255.0,260.0,6.5,0.13,,0.51824033,257.0,0.51671684,-0.10976175,4.157e-05,16.40818679,-10.83499538,7.73,206366.94313569
2023-05-22,18,BTC-230630-22000-P,BTCUSDT,P,230630-22000,265.0,265.0,265.0,265.0,1.5,1.5,260.0,265.0,1.5,0.07,,0.53767264,262.0,0.53613067,-0.10804211,3.964e-05,16.21355401,-11.27686172,9.23,248057.86964523
2023-05-22,19,BTC-230630-22000-P,BTCUSDT,P,230630-22000,265.0,265.0,265.0,265.0,1.5,1.5,255.0,270.0,16.5,16.63,,0.53964794,262.0,0.5350256,-0.10834533,3.985e-05,16.22509079,-11.27381334,9.23,247799.31756664
2023-05-22,1,BTC-230630-22000-P,BTCUSDT,P,230630-22000,240.0,240.0,240.0,240.0,0.0,0.0,275.0,290.0,16.5,1.63,,0.52744031,282.0,0.5230698,-0.11733811,4.319e-05,17.16206963,-11.43561486,7.73,205401.90416905
2023-05-22,14,BTC-230630-22000-P,BTCUSDT,P,230630-22000,240.0,240.0,240.0,240.0,0.0,0.0,260.0,270.0,1.5,15.07,,0.54415166,264.0,0.54107279,-0.10757036,3.897e-05,16.23890696,-11.34953025,7.73,208168.42515715
2023-05-22,0,BTC-230630-22000-P,BTCUSDT,P,230630-22000,240.0,240.0,240.0,240.0,0.0,0.0,265.0,275.0,1.5,0.07,,0.5236131,269.0,0.52063525,-0.1132481,4.216e-05,16.79172871,-11.12495854,7.73,206021.6293119
2023-05-22,16,BTC-230630-22000-P,BTCUSDT,P,230630-22000,265.0,265.0,265.0,265.0,1.5,1.5,255.0,270.0,16.5,19.13,,0.53854644,262.0,0.53393245,-0.10839695,3.989e-05,16.25492341,-11.23498827,9.23,247800.7438214
2023-05-22,11,BTC-230630-22000-P,BTCUSDT,P,230630-22000,240.0,240.0,240.0,240.0,0.0,0.0,270.0,275.0,1.5,0.07,,0.53819716,272.0,0.53668857,-0.11109892,4.033e-05,16.57158553,-11.45121609,7.73,207354.83897621
2023-05-22,20,BTC-230630-22000-P,BTCUSDT,P,230630-22000,265.0,265.0,265.0,265.0,1.5,1.5,265.0,270.0,1.5,2.57,,0.54255545,267.0,0.54102123,-0.10888942,3.952e-05,16.29848486,-11.46412607,9.23,248299.95935953
2023-05-22,9,BTC-230630-22000-P,BTCUSDT,P,230630-22000,240.0,240.0,240.0,240.0,0.0,0.0,270.0,280.0,1.5,0.07,,0.54302216,274.0,0.54001182,-0.11109253,3.998e-05,16.61085583,-11.52469363,7.73,207673.70147621
2023-05-22,8,BTC-230630-22000-P,BTCUSDT,P,230630-22000,240.0,240.0,240.0,240.0,0.0,0.0,275.0,280.0,1.5,0.07,,0.54035544,277.0,0.53885967,-0.11219806,4.038e-05,16.7158432,-11.56041625,7.73,207389.83010949
2023-05-22,10,BTC-230630-22000-P,BTCUSDT,P,230630-22000,240.0,240.0,240.0,240.0,0.0,0.0,260.0,275.0,1.5,4.07,,0.53827345,267.0,0.53371489,-0.10988642,4.02e-05,16.45388145,-11.29476389,7.73,207400.05763569
2023-05-22,17,BTC-230630-22000-P,BTCUSDT,P,230630-22000,265.0,265.0,265.0,265.0,1.5,1.5,260.0,265.0,1.5,0.07,,0.53539097,262.0,0.53385317,-0.10849489,3.995e-05,16.25316743,-11.24423638,9.23,247787.61304766
2023-05-22,7,BTC-230630-22000-P,BTCUSDT,P,230630-22000,240.0,240.0,240.0,240.0,0.0,0.0,240.0,260.0,15.0,0.13,,0.52914739,249.0,0.52290797,-0.10565734,3.981e-05,16.02847029,-10.74540053,7.73,207515.77573569
2023-05-22,22,BTC-230630-22000-P,BTCUSDT,P,230630-22000,265.0,265.0,265.0,265.0,1.5,1.5,255.0,270.0,15.0,2.63,,0.54133177,262.0,0.5366978,-0.10816323,3.973e-05,16.18635346,-11.31879837,9.23,248026.7337786
2023-05-22,5,BTC-230630-22000-P,BTCUSDT,P,230630-22000,240.0,240.0,240.0,240.0,0.0,0.0,260.0,270.0,1.5,20.04,,0.5287987,264.0,0.52577138,-0.1104961,4.098e-05,16.51710901,-11.10987712,7.73,206814.58375474
2023-05-22,2,BTC-230630-22000-P,BTCUSDT,P,230630-22000,240.0,240.0,240.0,240.0,0.0,0.0,270.0,280.0,5.0,16.63,,0.52662313,274.0,0.52366495,-0.1145018,4.231e-05,16.90140445,-11.28672118,7.73,205988.31853336
2023-05-23,6,BTC-230630-22000-P,BTCUSDT,P,230630-22000,265.0,265.0,230.0,230.0,1.92,1.92,220.0,240.0,5.0,24.0,,0.55232942,229.0,0.54560184,-0.09476573,3.509e-05,14.86531741,-10.66007728,9.23,252009.79963093
2023-05-23,3,BTC-230630-22000-P,BTCUSDT,P,230630-22000,265.0,265.0,230.0,230.0,1.92,1.92,210.0,235.0,5.0,21.31,,0.55307567,222.0,0.54451823,-0.09199674,3.425e-05,14.60868816,-10.42099734,9.23,252689.4396929
2023-05-23,13,BTC-230630-22000-P,BTCUSDT,P,230630-22000,265.0,265.0,230.0,245.0,4.92,4.92,230.0,245.0,16.5,1.5,,0.55412114,237.0,0.54914176,-0.09726065,3.575e-05,15.06281986,-10.95578933,12.23,333100.26639761
2023-05-23,21,BTC-230630-22000-P,BTCUSDT,P,230630-22000,230.0,255.0,230.0,250.0,9.42,9.42,250.0,260.0,1.5,17.5,,0.56392252,254.0,0.56069195,-0.10175202,3.64e-05,15.47836491,-11.59722756,18.23,495883.51795129
2023-05-23,12,BTC-230630-22000-P,BTCUSDT,P,230630-22000,265.0,265.0,230.0,245.0,4.92,4.92,220.0,235.0,1.5,19.41,,0.5503279,227.0,0.54524541,-0.09428034,3.511e-05,14.75622346,-10.64488728,12.23,333540.18532141
2023-05-23,15,BTC-230630-22000-P,BTCUSDT,P,230630-22000,230.0,250.0,230.0,245.0,6.42,6.42,230.0,250.0,15.0,2.5,,0.56348264,239.0,0.55682987,-0.09673526,3.505e-05,15.03292327,-11.11165239,15.23,416109.26255
2023-05-23,23,BTC-230630-22000-P,BTCUSDT,P,230630-22000,230.0,255.0,230.0,250.0,9.42,9.42,255.0,260.0,1.5,17.5,,0.56591928,257.0,0.56430668,-0.10202936,3.625e-05,15.50359297,-11.71711381,18.23,496231.16872565
2023-05-23,4,BTC-230630-22000-P,BTCUSDT,P,230630-22000,265.0,265.0,230.0,230.0,1.92,1.92,215.0,235.0,20.0,19.24,,0.55404484,224.0,0.54722428,-0.09247637,3.422e-05,14.66264561,-10.52295514,9.23,252726.38166907
2023-05-23,18,BTC-230630-22000-P,BTCUSDT,P,230630-22000,230.0,255.0,230.0,250.0,9.42,9.42,260.0,270.0,1.5,2.45,,0.56532145,264.0,0.56215793,-0.10480682,3.711e-05,15.80557715,-11.83382168,18.23,494699.89546919
2023-05-23,19,BTC-230630-22000-P,BTCUSDT,P,230630-22000,230.0,255.0,230.0,250.0,9.42,9.42,255.0,260.0,1.5,17.5,,0.56258023,257.0,0.56097448,-0.10246157,3.654e-05,15.56792131,-11.64427179,18.23,495735.50437435
2023-05-23,1,BTC-230630-22000-P,BTCUSDT,P,230630-22000,265.0,265.0,265.0,265.0,1.5,1.5,230.0,245.0,1.92,1.5,,0.5346781,237.0,0.52980721,-0.10055395,3.806e-05,15.39752005,-10.6636793,9.23,249173.9238857
2023-05-23,14,BTC-230630-22000-P,BTCUSDT,P,230630-22000,265.0,265.0,230.0,245.0,7.92,7.92,245.0,250.0,1.5,17.5,,0.56326628,247.0,0.56162536,-0.09843922,3.518e-05,15.23589442,-11.34611547,15.23,416250.81452136
2023-05-23,0,BTC-230630-22000-P,BTCUSDT,P,230630-22000,265.0,265.0,265.0,265.0,1.5,1.5,250.0,260.0,16.5,1.5,,0.53212285,254.0,0.52900553,-0.10726851,4.019e-05,16.0398139,-11.07962696,9.23,247467.97595
2023-05-23,16,BTC-230630-22000-P,BTCUSDT,P,230630-22000,230.0,255.0,230.0,255.0,7.92,7.92,255.0,260.0,1.5,15.0,,0.56432903,257.0,0.56272179,-0.10190348,3.617e-05,15.55534729,-11.63233244,16.73,455595.37091026
2023-05-23,11,BTC-230630-22000-P,BTCUSDT,P,230630-22000,265.0,265.0,230.0,245.0,4.92,4.92,235.0,245.0,1.5,4.87,,0.56015551,239.0,0.55683345,-0.09651285,3.489e-05,15.05088691,-11.07599294,12.23,334367.4108738
2023-05-23,20,BTC-230630-22000-P,BTCUSDT,P,230630-22000,230.0,255.0,230.0,250.0,9.42,9.42,255.0,260.0,1.5,17.5,,0.56463718,257.0,0.56302756,-0.10209913,3.63e-05,15.53433129,-11.67464015,18.23,496124.23341531
2023-05-23,9,BTC-230630-22000-P,BTCUSDT,P,230630-22000,265.0,265.0,230.0,230.0,1.92,1.92,240.0,245.0,1.5,7.5,,0.55538893,242.0,0.55374354,-0.09792253,3.55e-05,15.19273319,-11.09390151,9.23,251767.19567383
2023-05-23,8,BTC-230630-22000-P,BTCUSDT,P,230630-22000,265.0,265.0,230.0,230.0,1.92,1.92,240.0,245.0,1.5,9.96,,0.55877805,242.0,0.55712789,-0.09717829,3.5e-05,15.14806263,-11.11667044,9.23,252195.5687643
2023-05-23,10,BTC-230630-22000-P,BTCUSDT,P,230630-22000,265.0,265.0,230.0,230.0,1.92,1.92,240.0,245.0,1.5,7.46,,0.55911839,242.0,0.55746675,-0.09723312,3.503e-05,15.13533385,-11.13853485,9.23,252269.41096187
2023-05-23,17,BTC-230630-22000-P,BTCUSDT,P,230630-22000,230.0,255.0,230.0,250.0,9.42,9.42,255.0,260.0,1.5,17.5,,0.56302905,257.0,0.5614233,-0.10223807,3.639e-05,15.56981117,-11.62915665,18.23,495940.89570775
2023-05-23,7,BTC-230630-22000-P,BTCUSDT,P,230630-22000,265.0,265.0,230.0,230.0,1.92,1.92,215.0,245.0,17.5,2.5,,0.55648685,229.0,0.54638177,-0.09462755,3.501e-05,14.84596486,-10.67310804,9.23,251958.99287617
2023-05-23,22,BTC-230630-22000-P,BTCUSDT,P,230630-22000,230.0,255.0,230.0,250.0,9.42,9.42,250.0,260.0,1.5,17.5,,0.56402922,254.0,0.56079775,-0.10179474,3.643e-05,15.47268789,-11.60808814,18.23,495782.73409742
2023-05-23,5,BTC-230630-22000-P,BTCUSDT,P,230630-22000,265.0,265.0,230.0,230.0,1.92,1.92,215.0,235.0,5.0,26.31,,0.55481613,224.0,0.54798871,-0.09238612,3.415e-05,14.64798748,-10.53863812,9.23,252908.47858093
2023-05-23,2,BTC-230630-22000-P,BTCUSDT,P,230630-22000,265.0,265.0,265.0,265.0,1.5,1.5,240.0,245.0,1.5,17.5,,0.54389298,242.0,0.54226875,-0.09985617,3.683e-05,15.38859201,-10.92006552,9.23,250416.10607617
2023-05-24,6,BTC-230630-22000-P,BTCUSDT,P,230630-22000,245.0,290.0,245.0,290.0,12.99,12.99,285.0,295.0,1.5,16.5,,0.55453598,289.0,0.55154324,-0.11693239,4.186e-05,16.70810007,-12.43901078,22.22,592861.95655247
2023-05-24,3,BTC-230630-22000-P,BTCUSDT,P,230630-22000,245.0,290.0,245.0,290.0,12.0,12.0,280.0,285.0,1.5,15.99,,0.55337489,282.0,0.55185825,-0.11395737,4.088e-05,16.48347835,-12.23749478,21.23,568684.80372566
2023-05-24,13,BTC-230630-22000-P,BTCUSDT,P,230630-22000,250.0,315.0,245.0,315.0,10.12,10.12,310.0,325.0,1.5,0.07,,0.55564642,317.0,0.55135906,-0.12729729,4.506e-05,17.49409223,-13.12316076,22.35,590856.07299993
2023-05-24,12,BTC-230630-22000-P,BTCUSDT,P,230630-22000,250.0,290.0,245.0,290.0,9.99,9.99,300.0,305.0,1.5,0.07,,0.56179345,302.0,0.56031644,-0.11973084,4.206e-05,16.92743145,-12.88976019,22.22,593166.53984753
2023-05-24,15,BTC-230630-22000-P,BTCUSDT,P,230630-22000,255.0,315.0,250.0,315.0,7.12,7.12,365.0,375.0,15.0,4.12,,0.57405055,369.0,0.57136059,-0.14025704,4.677e-05,18.58596549,-14.48084294,22.35,587932.17682154
2023-05-24,23,BTC-230630-22000-P,BTCUSDT,P,230630-22000,255.0,315.0,255.0,315.0,4.12,4.12,340.0,350.0,15.0,1.5,,0.56435466,344.0,0.56158364,-0.13507998,4.656e-05,18.04415945,-13.9449103,22.35,588500.06903562
2023-05-24,4,BTC-230630-22000-P,BTCUSDT,P,230630-22000,245.0,290.0,245.0,290.0,12.0,12.0,280.0,285.0,1.5,16.5,,0.55498958,282.0,0.55347025,-0.11365664,4.068e-05,16.45480327,-12.26564485,21.23,568787.82910509
2023-05-24,18,BTC-230630-22000-P,BTCUSDT,P,230630-22000,255.0,315.0,255.0,315.0,4.12,4.12,355.0,365.0,1.5,0.13,,0.56260884,359.0,0.55990458,-0.14025115,4.797e-05,18.48824155,-14.16417024,22.35,586180.72439285
2023-05-24,19,BTC-230630-22000-P,BTCUSDT,P,230630-22000,255.0,315.0,255.0,315.0,4.12,4.12,350.0,365.0,15.0,4.13,,0.56534231,357.0,0.56126565,-0.13910771,4.756e-05,18.39738926,-14.14495798,22.35,586455.35799993
2023-05-24,1,BTC-230630-22000-P,BTCUSDT,P,230630-22000,230.0,255.0,230.0,250.0,9.42,9.42,245.0,260.0,1.5,15.0,,0.5611521,252.0,0.55629402,-0.10201888,3.692e-05,15.43870887,-11.52812905,18.23,494764.45304096
2023-05-24,14,BTC-230630-22000-P,BTCUSDT,P,230630-22000,255.0,315.0,250.0,315.0,7.12,7.12,345.0,355.0,15.0,1.5,,0.55849075,349.0,0.55576056,-0.13759519,4.754e-05,18.31434942,-13.86386823,22.35,586581.50778577
2023-05-24,0,BTC-230630-22000-P,BTCUSDT,P,230630-22000,230.0,255.0,230.0,250.0,9.42,9.42,245.0,260.0,1.5,15.0,,0.56208968,252.0,0.55722862,-0.10175881,3.675e-05,15.42939021,-11.52763605,18.23,495182.28464096
2023-05-24,16,BTC-230630-22000-P,BTCUSDT,P,230630-22000,250.0,315.0,250.0,315.0,5.62,5.62,370.0,380.0,1.5,2.57,,0.57110488,374.0,0.56843787,-0.14280998,4.776e-05,18.74798132,-14.5488818,22.35,586169.40571431
2023-05-24,11,BTC-230630-22000-P,BTCUSDT,P,230630-22000,250.0,290.0,245.0,290.0,9.99,9.99,300.0,305.0,1.5,5.07,,0.56454241,302.0,0.56306243,-0.11900285,4.158e-05,16.8916998,-12.91096228,22.22,593924.56456659
2023-05-24,20,BTC-230630-22000-P,BTCUSDT,P,230630-22000,255.0,315.0,255.0,315.0,4.12,4.12,335.0,350.0,15.0,0.13,,0.56530535,342.0,0.56113899,-0.13404704,4.621e-05,18.0022372,-13.84840014,22.35,590477.91632146
2023-05-24,9,BTC-230630-22000-P,BTCUSDT,P,230630-22000,245.0,290.0,245.0,290.0,12.99,12.99,285.0,290.0,20.0,0.13,,0.55580914,287.0,0.55430114,-0.11561376,4.132e-05,16.57562442,-12.4440876,22.22,594346.50120471
2023-05-24,8,BTC-230630-22000-P,BTCUSDT,P,230630-22000,245.0,290.0,245.0,290.0,12.99,12.99,285.0,290.0,6.5,0.13,,0.55527866,287.0,0.55377156,-0.11566449,4.135e-05,16.58821422,-12.4276144,22.22,594247.84440471
2023-05-24,10,BTC-230630-22000-P,BTCUSDT,P,230630-22000,245.0,290.0,245.0,290.0,12.99,12.99,285.0,290.0,20.0,0.13,,0.55464327,287.0,0.55313587,-0.11595945,4.155e-05,16.58829665,-12.44146312,22.22,594018.47580942
2023-05-24,17,BTC-230630-22000-P,BTCUSDT,P,230630-22000,255.0,315.0,255.0,315.0,4.12,4.12,360.0,375.0,16.5,1.63,,0.57237029,367.0,0.5683285,-0.14040951,4.716e-05,18.55679814,-14.41415113,22.35,587349.58682146
2023-05-24,7,BTC-230630-22000-P,BTCUSDT,P,230630-22000,245.0,290.0,245.0,290.0,12.99,12.99,280.0,295.0,15.0,17.63,,0.55325091,287.0,0.54875076,-0.11676204,4.209e-05,16.66725356,-12.35968266,22.22,592986.45732848
2023-05-24,22,BTC-230630-22000-P,BTCUSDT,P,230630-22000,255.0,315.0,255.0,315.0,4.12,4.12,340.0,355.0,15.0,2.5,,0.56780636,347.0,0.56365907,-0.13530143,4.639e-05,18.08417023,-14.01141356,22.35,588702.03853569
2023-05-24,5,BTC-230630-22000-P,BTCUSDT,P,230630-22000,245.0,290.0,245.0,290.0,12.99,12.99,275.0,285.0,1.5,19.0,,0.55322051,279.0,0.55017531,-0.11358601,4.098e-05,16.41986273,-12.18040481,22.22,594937.64558458
2023-05-24,2,BTC-230630-22000-P,BTCUSDT,P,230630-22000,230.0,255.0,230.0,250.0,9.42,9.42,250.0,255.0,1.5,7.5,,0.55989802,252.0,0.55827528,-0.10168557,3.669e-05,15.40747031,-11.55871064,18.23,495253.47980258
2023-05-25,6,BTC-230630-22000-P,BTCUSDT,P,230630-22000,315.0,345.0,315.0,345.0,0.14,0.14,340.0,345.0,15.0,1.5,,0.55860579,342.0,0.557217,-0.13597312,4.745e-05,18.00514701,-13.91829477,22.35,586926.18735715
2023-05-25,3,BTC-230630-22000-P,BTCUSDT,P,230630-22000,290.0,345.0,290.0,345.0,1.13,1.13,335.0,345.0,15.0,1.5,,0.55173695,339.0,0.5489713,-0.13705309,4.849e-05,18.08037438,-13.72203231,22.35,585332.61107146
2023-05-25,13,BTC-230630-22000-P,BTCUSDT,P,230630-22000,345.0,345.0,345.0,345.0,0.01,0.01,300.0,330.0,15.0,5.85,,0.55834711,314.0,0.54968596,-0.12873991,4.637e-05,17.32051784,-13.31586337,22.35,588758.9874
2023-05-25,21,BTC-230630-22000-P,BTCUSDT,P,230630-22000,345.0,345.0,300.0,300.0,1.51,1.51,280.0,290.0,1.5,2.5,,0.54749608,284.0,0.54446071,-0.11975304,4.449e-05,16.47240857,-12.66151548,23.85,631351.06790003
2023-05-25,12,BTC-230630-22000-P,BTCUSDT,P,230630-22000,315.0,345.0,315.0,345.0,0.14,0.14,300.0,320.0,15.0,4.98,,0.55731714,309.0,0.5514881,-0.12642462,4.55e-05,17.15705624,-13.21803397,22.35,589989.77210007
2023-05-25,15,BTC-230630-22000-P,BTCUSDT,P,230630-22000,345.0,345.0,345.0,345.0,0.01,0.01,325.0,330.0,15.0,2.5,,0.55039465,327.0,0.54898024,-0.13362871,4.791e-05,17.67449513,-13.60225985,22.35,586156.67259993
2023-05-25,23,BTC-230630-22000-P,BTCUSDT,P,230630-22000,345.0,345.0,295.0,295.0,3.01,3.01,290.0,295.0,1.5,2.5,,0.55117786,292.0,0.54967284,-0.12141566,4.455e-05,16.61375633,-12.92282217,25.35,671111.82146664
2023-05-25,4,BTC-230630-22000-P,BTCUSDT,P,230630-22000,290.0,345.0,290.0,345.0,1.13,1.13,330.0,345.0,1.5,4.0,,0.55512905,337.0,0.55095702,-0.13571283,4.794e-05,17.97665018,-13.70845469,22.35,585907.12314277
2023-05-25,18,BTC-230630-22000-P,BTCUSDT,P,230630-22000,345.0,345.0,345.0,345.0,0.01,0.01,295.0,310.0,1.5,1.5,,0.55098295,302.0,0.54656655,-0.12543839,4.588e-05,16.98238727,-13.05791568,22.35,589301.24806662
2023-05-25,19,BTC-230630-22000-P,BTCUSDT,P,230630-22000,345.0,345.0,300.0,300.0,1.51,1.51,295.0,300.0,1.5,2.5,,0.5525285,297.0,0.55103689,-0.12259285,4.464e-05,16.76320532,-13.01005858,23.85,631629.1377
2023-05-25,1,BTC-230630-22000-P,BTCUSDT,P,230630-22000,255.0,315.0,255.0,315.0,4.12,4.12,350.0,365.0,15.0,1.5,,0.55732429,357.0,0.553267,-0.14182956,4.93e-05,18.48496848,-14.10637218,22.35,583428.18353562
2023-05-25,14,BTC-230630-22000-P,BTCUSDT,P,230630-22000,345.0,345.0,345.0,345.0,0.01,0.01,300.0,335.0,15.0,3.2,,0.56338966,317.0,0.55329084,-0.12878019,4.606e-05,17.33068374,-13.42670552,22.35,589224.64220007
2023-05-25,0,BTC-230630-22000-P,BTCUSDT,P,230630-22000,255.0,315.0,255.0,315.0,4.12,4.12,350.0,365.0,15.0,2.5,,0.5656755,357.0,0.56159139,-0.13945503,4.778e-05,18.36412857,-14.20867941,22.35,586154.8995
2023-05-25,16,BTC-230630-22000-P,BTCUSDT,P,230630-22000,345.0,345.0,345.0,345.0,0.01,0.01,315.0,330.0,15.0,1.5,,0.55451691,322.0,0.55023372,-0.13157969,4.723e-05,17.51063668,-13.52272233,22.35,587418.32513331
2023-05-25,11,BTC-230630-22000-P,BTCUSDT,P,230630-22000,315.0,345.0,315.0,345.0,0.14,0.14,320.0,330.0,1.5,1.5,,0.55431426,324.0,0.55147171,-0.13173697,4.699e-05,17.58881721,-13.53450973,22.35,587376.54056677
2023-05-25,20,BTC-230630-22000-P,BTCUSDT,P,230630-22000,345.0,345.0,300.0,300.0,1.51,1.51,290.0,295.0,1.5,2.5,,0.55102885,292.0,0.54952562,-0.12121517,4.441e-05,16.63086932,-12.88707746,23.85,631696.24630005
2023-05-25,9,BTC-230630-22000-P,BTCUSDT,P,230630-22000,315.0,345.0,315.0,345.0,0.14,0.14,325.0,335.0,1.5,4.0,,0.5553782,329.0,0.55255681,-0.13306254,4.719e-05,17.72123785,-13.6315328,22.35,587251.7928
2023-05-25,8,BTC-230630-22000-P,BTCUSDT,P,230630-22000,315.0,345.0,315.0,345.0,0.14,0.14,325.0,345.0,20.0,2.5,,0.55640578,334.0,0.55081546,-0.13519943,4.794e-05,17.88853388,-13.70096579,22.35,585985.01289277
2023-05-25,10,BTC-230630-22000-P,BTCUSDT,P,230630-22000,315.0,345.0,315.0,345.0,0.14,0.14,320.0,330.0,1.5,1.5,,0.55049717,324.0,0.54766476,-0.13265349,4.76e-05,17.65210102,-13.47377084,22.35,586320.6918
2023-05-25,17,BTC-230630-22000-P,BTCUSDT,P,230630-22000,345.0,345.0,345.0,345.0,0.01,0.01,305.0,325.0,1.5,1.5,,0.55743039,314.0,0.55164039,-0.12859467,4.627e-05,17.27208603,-13.38825836,22.35,588806.08629993
2023-05-25,7,BTC-230630-22000-P,BTCUSDT,P,230630-22000,315.0,345.0,315.0,345.0,0.14,0.14,330.0,355.0,15.0,2.63,,0.55443823,342.0,0.54754883,-0.13865047,4.921e-05,18.14504126,-13.79901795,22.35,583952.84446431
2023-05-25,22,BTC-230630-22000-P,BTCUSDT,P,230630-22000,345.0,345.0,295.0,295.0,3.01,3.01,290.0,295.0,1.5,1.0,,0.54943562,292.0,0.54793388,-0.12176156,4.479e-05,16.644643,-12.89068239,25.35,670743.10853328
2023-05-25,5,BTC-230630-22000-P,BTCUSDT,P,230630-22000,315.0,345.0,315.0,345.0,0.14,0.14,330.0,340.0,1.5,2.5,,0.55541813,334.0,0.55262148,-0.13447615,4.746e-05,17.87852963,-13.69060934,22.35,586858.85000007
2023-05-25,2,BTC-230630-22000-P,BTCUSDT,P,230630-22000,255.0,315.0,255.0,315.0,4.12,4.12,350.0,365.0,15.0,1.5,,0.55756271,357.0,0.55350333,-0.1418522,4.932e-05,18.47558668,-14.12146683,22.35,583731.74442854
2023-05-26,6,BTC-230630-22000-P,BTCUSDT,P,230630-22000,300.0,300.0,295.0,295.0,3.0,3.0,265.0,275.0,1.5,2.5,,0.53828776,269.0,0.53518116,-0.11703031,4.484e-05,16.09611152,-12.291557,25.35,669949.76620008
2023-05-26,3,BTC-230630-22000-P,BTCUSDT,P,230630-22000,300.0,300.0,295.0,295.0,3.0,3.0,280.0,285.0,1.5,2.5,,0.5436331,282.0,0.54210901,-0.11986364,4.493e-05,16.40134113,-12.64167572,25.35,670140.21229992
2023-05-26,13,BTC-230630-22000-P,BTCUSDT,P,230630-22000,300.0,300.0,295.0,295.0,3.0,3.0,225.0,245.0,15.0,2.63,,0.52914858,234.0,0.52251101,-0.10672727,4.3e-05,15.06680844,-11.32743972,25.35,673188.8202
2023-05-26,21,BTC-230630-22000-P,BTCUSDT,P,230630-22000,295.0,295.0,295.0,295.0,1.5,1.5,205.0,230.0,15.0,2.5,,0.53489387,217.0,0.52617371,-0.09936612,4.045e-05,14.33598366,-10.95866613,25.35,677511.58428584
2023-05-26,12,BTC-230630-22000-P,BTCUSDT,P,230630-22000,300.0,300.0,295.0,295.0,3.0,3.0,250.0,255.0,1.5,2.57,,0.52824795,252.0,0.52664727,-0.11271317,4.451e-05,15.62026703,-11.82232562,25.35,670359.01096655
2023-05-26,15,BTC-230630-22000-P,BTCUSDT,P,230630-22000,300.0,300.0,295.0,295.0,3.0,3.0,205.0,235.0,23.5,2.5,,0.53810656,219.0,0.52770913,-0.09962876,4.023e-05,14.42937137,-10.98246406,25.35,678073.968
2023-05-26,23,BTC-230630-22000-P,BTCUSDT,P,230630-22000,295.0,295.0,295.0,295.0,0.0,0.0,205.0,235.0,17.5,2.63,,0.5376184,219.0,0.52720279,-0.10027462,4.072e-05,14.40399238,-11.05896457,25.35,677083.65214275
2023-05-26,4,BTC-230630-22000-P,BTCUSDT,P,230630-22000,300.0,300.0,295.0,295.0,3.0,3.0,265.0,295.0,8.0,7.02,,0.5494827,279.0,0.5403024,-0.11938597,4.5e-05,16.34120396,-12.5682402,25.35,669987.98273328
2023-05-26,18,BTC-230630-22000-P,BTCUSDT,P,230630-22000,300.0,300.0,295.0,295.0,3.0,3.0,210.0,235.0,21.0,2.5,,0.53766549,222.0,0.5290398,-0.10058466,4.051e-05,14.49313986,-11.09883509,25.35,677663.26178575
2023-05-26,19,BTC-230630-22000-P,BTCUSDT,P,230630-22000,295.0,295.0,295.0,295.0,1.5,1.5,205.0,235.0,17.5,2.5,,0.54043949,219.0,0.53000659,-0.09941372,4.007e-05,14.37988496,-11.04555246,25.35,678449.28078584
2023-05-26,1,BTC-230630-22000-P,BTCUSDT,P,230630-22000,345.0,345.0,295.0,295.0,3.01,3.01,275.0,290.0,16.5,1.5,,0.54454505,282.0,0.53998351,-0.12021364,4.518e-05,16.44206855,-12.59353615,25.35,669450.88946664
2023-05-26,14,BTC-230630-22000-P,BTCUSDT,P,230630-22000,300.0,300.0,295.0,295.0,3.0,3.0,200.0,230.0,23.32,17.5,,0.53551674,214.0,0.5250138,-0.09809818,3.993e-05,14.28399454,-10.80330153,25.35,678589.55320008
2023-05-26,0,BTC-230630-22000-P,BTCUSDT,P,230630-22000,345.0,345.0,295.0,295.0,3.01,3.01,290.0,295.0,1.5,2.5,,0.55103898,292.0,0.54953396,-0.12152853,4.463e-05,16.61083276,-12.93253426,25.35,670688.03706672
2023-05-26,16,BTC-230630-22000-P,BTCUSDT,P,230630-22000,300.0,300.0,295.0,295.0,3.0,3.0,205.0,230.0,24.3,2.5,,0.53801358,217.0,0.52927792,-0.0983828,3.97e-05,14.31139932,-10.93820237,25.35,679224.68899992
2023-05-26,11,BTC-230630-22000-P,BTCUSDT,P,230630-22000,300.0,300.0,295.0,295.0,3.0,3.0,245.0,250.0,1.5,0.07,,0.52632868,247.0,0.52471399,-0.11111183,4.415e-05,15.48348618,-11.66181698,25.35,670857.70743336
2023-05-26,20,BTC-230630-22000-P,BTCUSDT,P,230630-22000,295.0,295.0,295.0,295.0,1.5,1.5,205.0,235.0,17.5,2.5,,0.53948104,219.0,0.529055,-0.09968072,4.027e-05,14.38951187,-11.04644348,25.35,678128.38600008
2023-05-26,9,BTC-230630-22000-P,BTCUSDT,P,230630-22000,300.0,300.0,295.0,295.0,3.0,3.0,260.0,270.0,1.5,2.57,,0.53707778,264.0,0.53394079,-0.11563368,4.462e-05,15.93878227,-12.18667763,25.35,670411.36153345
2023-05-26,8,BTC-230630-22000-P,BTCUSDT,P,230630-22000,300.0,300.0,295.0,295.0,3.0,3.0,250.0,265.0,20.0,2.5,,0.53557694,257.0,0.53081274,-0.11338164,4.419e-05,15.74253067,-11.95184707,25.35,671013.72823345
2023-05-26,10,BTC-230630-22000-P,BTCUSDT,P,230630-22000,300.0,300.0,295.0,295.0,3.0,3.0,250.0,260.0,1.5,4.07,,0.53149939,254.0,0.52831203,-0.11315074,4.442e-05,15.68809787,-11.88273555,25.35,670536.0441
2023-05-26,17,BTC-230630-22000-P,BTCUSDT,P,230630-22000,300.0,300.0,295.0,295.0,3.0,3.0,205.0,230.0,21.0,2.5,,0.53268373,217.0,0.52399248,-0.09955903,4.06e-05,14.38394164,-10.89697549,25.35,677014.68807133
2023-05-26,7,BTC-230630-22000-P,BTCUSDT,P,230630-22000,300.0,300.0,295.0,295.0,3.0,3.0,240.0,270.0,2.5,2.5,,0.54050922,254.0,0.53092778,-0.11225507,4.379e-05,15.65732893,-11.875583,25.35,671955.24976655
2023-05-26,22,BTC-230630-22000-P,BTCUSDT,P,230630-22000,295.0,295.0,295.0,295.0,0.0,0.0,205.0,235.0,20.06,2.5,,0.5358392,219.0,0.52544504,-0.10058052,4.096e-05,14.43362598,-11.03138136,25.35,676650.74053567
2023-05-26,5,BTC-230630-22000-P,BTCUSDT,P,230630-22000,300.0,300.0,295.0,295.0,3.0,3.0,290.0,300.0,1.5,5.0,,0.54686487,294.0,0.54387897,-0.12424521,4.614e-05,16.74487031,-12.97935371,25.35,668028.0672
2023-05-26,2,BTC-230630-22000-P,BTCUSDT,P,230630-22000,345.0,345.0,295.0,295.0,3.01,3.01,275.0,290.0,16.5,1.5,,0.54404914,282.0,0.5394882,-0.12041344,4.532e-05,16.44464708,-12.59884981,25.35,669363.82630008
2023-05-27,6,BTC-230630-22000-P,BTCUSDT,P,230630-22000,295.0,295.0,295.0,295.0,0.0,0.0,200.0,225.0,15.0,2.5,,0.53605258,212.0,0.52718401,-0.09771263,4.007e-05,14.09609681,-10.91490963,25.35,678090.72314283
2023-05-27,3,BTC-230630-22000-P,BTCUSDT,P,230630-22000,295.0,295.0,295.0,295.0,0.0,0.0,200.0,230.0,15.0,20.29,,0.53868353,214.0,0.52810907,-0.09831617,4.01e-05,14.18711766,-10.96440443,25.35,678167.17150008
2023-05-27,13,BTC-230630-22000-P,BTCUSDT,P,230630-22000,295.0,295.0,295.0,295.0,0.0,0.0,205.0,235.0,17.5,2.63,,0.53649962,219.0,0.52605391,-0.10148092,4.165e-05,14.36261757,-11.19334588,25.35,674949.2726785
2023-05-27,21,BTC-230630-22000-P,BTCUSDT,P,230630-22000,295.0,295.0,295.0,295.0,0.0,0.0,185.0,215.0,17.5,17.5,,0.53529143,199.0,0.52425295,-0.09407859,3.952e-05,13.59161017,-10.66150515,25.35,678560.60350008
2023-05-27,12,BTC-230630-22000-P,BTCUSDT,P,230630-22000,295.0,295.0,295.0,295.0,0.0,0.0,210.0,235.0,15.0,2.5,,0.54219306,222.0,0.53348422,-0.10087808,4.074e-05,14.35474366,-11.33123543,25.35,677219.57642867
2023-05-27,15,BTC-230630-22000-P,BTCUSDT,P,230630-22000,295.0,295.0,295.0,295.0,0.0,0.0,200.0,225.0,21.0,2.63,,0.53475916,212.0,0.52587926,-0.09858981,4.075e-05,14.0783656,-10.99532375,25.35,676440.17257142
2023-05-27,23,BTC-230630-22000-P,BTCUSDT,P,230630-22000,295.0,295.0,295.0,295.0,0.0,0.0,185.0,210.0,15.0,2.5,,0.53837836,197.0,0.52906364,-0.09223851,3.852e-05,13.42106711,-10.65089427,25.35,680738.02967867
2023-05-27,4,BTC-230630-22000-P,BTCUSDT,P,230630-22000,295.0,295.0,295.0,295.0,0.0,0.0,200.0,230.0,15.0,20.29,,0.53962171,214.0,0.52903414,-0.09819118,4e-05,14.16986228,-10.9836459,25.35,678389.23146425
2023-05-27,18,BTC-230630-22000-P,BTCUSDT,P,230630-22000,295.0,295.0,295.0,295.0,0.0,0.0,195.0,215.0,15.0,19.63,,0.52974999,204.0,0.52251786,-0.09638803,4.039e-05,13.82876432,-10.7713399,25.35,677454.8485715
2023-05-27,19,BTC-230630-22000-P,BTCUSDT,P,230630-22000,295.0,295.0,295.0,295.0,0.0,0.0,195.0,215.0,21.0,20.46,,0.53196371,204.0,0.5247134,-0.09600506,4.009e-05,13.79364264,-10.80254714,25.35,677606.92442867
2023-05-27,1,BTC-230630-22000-P,BTCUSDT,P,230630-22000,295.0,295.0,295.0,295.0,0.0,0.0,205.0,245.0,15.0,17.82,,0.54526627,224.0,0.5314815,-0.10146053,4.078e-05,14.51257047,-11.26008785,25.35,677034.08082133
2023-05-27,14,BTC-230630-22000-P,BTCUSDT,P,230630-22000,295.0,295.0,295.0,295.0,0.0,0.0,195.0,225.0,23.5,2.5,,0.53281486,209.0,0.52212775,-0.09823911,4.094e-05,14.03834086,-10.87238901,25.35,675840.62092858
2023-05-27,0,BTC-230630-22000-P,BTCUSDT,P,230630-22000,295.0,295.0,295.0,295.0,0.0,0.0,205.0,235.0,15.0,0.13,,0.5340308,219.0,0.52364975,-0.10110052,4.135e-05,14.45154013,-11.03408435,25.35,675605.03492867
2023-05-27,16,BTC-230630-22000-P,BTCUSDT,P,230630-22000,295.0,295.0,295.0,295.0,0.0,0.0,195.0,220.0,17.5,2.5,,0.52981377,207.0,0.52085549,-0.09762251,4.091e-05,13.95508437,-10.80829703,25.35,675929.7925715
2023-05-27,11,BTC-230630-22000-P,BTCUSDT,P,230630-22000,295.0,295.0,295.0,295.0,0.0,0.0,210.0,240.0,17.5,2.63,,0.54436266,224.0,0.53397357,-0.10168833,4.093e-05,14.44082364,-11.39558953,25.35,676813.93920828
2023-05-27,20,BTC-230630-22000-P,BTCUSDT,P,230630-22000,295.0,295.0,295.0,295.0,0.0,0.0,185.0,210.0,15.0,2.5,,0.5301404,197.0,0.52091151,-0.09365923,3.964e-05,13.54633752,-10.54511695,25.35,678053.8690715
2023-05-27,9,BTC-230630-22000-P,BTCUSDT,P,230630-22000,295.0,295.0,295.0,295.0,0.0,0.0,200.0,225.0,15.0,2.5,,0.53352714,212.0,0.52467316,-0.09843607,4.063e-05,14.11998009,-10.92143307,25.35,676844.21535717
2023-05-27,8,BTC-230630-22000-P,BTCUSDT,P,230630-22000,295.0,295.0,295.0,295.0,0.0,0.0,200.0,230.0,23.5,2.5,,0.53587615,214.0,0.5253163,-0.0992372,4.081e-05,14.20694417,-10.98866764,25.35,676606.40821433
2023-05-27,10,BTC-230630-22000-P,BTCUSDT,P,230630-22000,295.0,295.0,295.0,295.0,0.0,0.0,200.0,230.0,17.5,2.5,,0.53562582,214.0,0.52506268,-0.09942651,4.096e-05,14.20244059,-11.00689147,25.35,676104.18850008
2023-05-27,17,BTC-230630-22000-P,BTCUSDT,P,230630-22000,295.0,295.0,295.0,295.0,0.0,0.0,195.0,220.0,15.0,2.5,,0.53646266,207.0,0.52744091,-0.09633169,3.989e-05,13.8573281,-10.8817655,25.35,678415.14278575
2023-05-27,7,BTC-230630-22000-P,BTCUSDT,P,230630-22000,295.0,295.0,295.0,295.0,0.0,0.0,200.0,230.0,17.5,22.79,,0.53789914,214.0,0.5273205,-0.09874947,4.043e-05,14.18222422,-10.99790453,25.35,677310.72778567
2023-05-27,22,BTC-230630-22000-P,BTCUSDT,P,230630-22000,295.0,295.0,295.0,295.0,0.0,0.0,185.0,210.0,15.0,2.5,,0.53445637,197.0,0.52518129,-0.09293782,3.907e-05,13.47873896,-10.60491252,25.35,679420.72296425
2023-05-27,5,BTC-230630-22000-P,BTCUSDT,P,230630-22000,295.0,295.0,295.0,295.0,0.0,0.0,200.0,230.0,15.0,20.29,,0.53749263,214.0,0.52692473,-0.09869725,4.039e-05,14.19600357,-10.97343198,25.35,677524.33171433
2023-05-27,2,BTC-230630-22000-P,BTCUSDT,P,230630-22000,295.0,295.0,295.0,295.0,0.0,0.0,205.0,245.0,15.0,17.82,,0.54781377,224.0,0.53399086,-0.10099678,4.044e-05,14.47234207,-11.29563329,25.35,677872.65278575
2023-05-28,6,BTC-230630-22000-P,BTCUSDT,P,230630-22000,295.0,295.0,295.0,295.0,0.0,0.0,165.0,190.0,2.5,2.5,,0.54816246,177.0,0.53812742,-0.0826179,3.461e-05,12.45811397,-10.14484299,25.35,689113.94128567
2023-05-28,3,BTC-230630-22000-P,BTCUSDT,P,230630-22000,295.0,295.0,295.0,295.0,0.0,0.0,165.0,190.0,17.5,2.5,,0.54726541,177.0,0.53724796,-0.08259414,3.459e-05,12.47989528,-10.1077325,25.35,689335.5244285
2023-05-28,13,BTC-230630-22000-P,BTCUSDT,P,230630-22000,295.0,295.0,295.0,295.0,0.0,0.0,165.0,195.0,15.0,15.0,,0.55434763,179.0,0.54232657,-0.08331225,3.471e-05,12.48040864,-10.33351514,25.35,689038.73025
2023-05-28,21,BTC-230630-22000-P,BTCUSDT,P,230630-22000,295.0,295.0,295.0,295.0,0.0,0.0,140.0,165.0,2.5,2.5,,0.57539701,152.0,0.56404024,-0.06894069,2.836e-05,11.00807786,-9.57685866,25.35,705527.52910725
2023-05-28,12,BTC-230630-22000-P,BTCUSDT,P,230630-22000,295.0,295.0,295.0,295.0,0.0,0.0,175.0,195.0,15.0,15.0,,0.55111825,184.0,0.54323375,-0.08523443,3.529e-05,12.68408618,-10.5063603,25.35,687853.99196417
2023-05-28,15,BTC-230630-22000-P,BTCUSDT,P,230630-22000,295.0,295.0,295.0,295.0,0.0,0.0,165.0,195.0,21.0,15.0,,0.56111217,179.0,0.54900169,-0.08227598,3.39e-05,12.38848496,-10.41014819,25.35,691147.07164275
2023-05-28,23,BTC-230630-22000-P,BTCUSDT,P,230630-22000,295.0,295.0,295.0,295.0,0.0,0.0,160.0,185.0,17.5,15.0,,0.60795724,172.0,0.5970782,-0.07224547,2.758e-05,11.49131029,-10.61011617,25.35,711813.16421417
2023-05-28,4,BTC-230630-22000-P,BTCUSDT,P,230630-22000,295.0,295.0,295.0,295.0,0.0,0.0,170.0,195.0,17.5,17.31,,0.55026352,182.0,0.54037631,-0.0841898,3.493e-05,12.64434537,-10.31351283,25.35,688717.55782142
2023-05-28,18,BTC-230630-22000-P,BTCUSDT,P,230630-22000,295.0,295.0,295.0,295.0,0.0,0.0,150.0,180.0,17.5,17.5,,0.57117164,164.0,0.5582726,-0.07474902,3.07e-05,11.6310925,-9.97692898,25.35,699562.69825008
2023-05-28,19,BTC-230630-22000-P,BTCUSDT,P,230630-22000,295.0,295.0,295.0,295.0,0.0,0.0,160.0,185.0,2.5,2.5,,0.57156324,172.0,0.56107312,-0.07747311,3.148e-05,11.91779081,-10.2873073,25.35,697793.31653575
2023-05-28,1,BTC-230630-22000-P,BTCUSDT,P,230630-22000,295.0,295.0,295.0,295.0,0.0,0.0,175.0,200.0,17.5,2.5,,0.54813445,187.0,0.538432,-0.08643193,3.578e-05,12.88557396,-10.43308717,25.35,686819.48864283
2023-05-28,14,BTC-230630-22000-P,BTCUSDT,P,230630-22000,295.0,295.0,295.0,295.0,0.0,0.0,165.0,195.0,21.0,15.0,,0.55534661,179.0,0.54331005,-0.08320071,3.463e-05,12.46428971,-10.35205823,25.35,689349.5936785
2023-05-28,0,BTC-230630-22000-P,BTCUSDT,P,230630-22000,295.0,295.0,295.0,295.0,0.0,0.0,175.0,205.0,17.5,2.5,,0.55033863,189.0,0.53878248,-0.08730769,3.603e-05,12.98266324,-10.50537526,25.35,685576.91614275
2023-05-28,16,BTC-230630-22000-P,BTCUSDT,P,230630-22000,295.0,295.0,295.0,295.0,0.0,0.0,150.0,180.0,6.0,15.0,,0.54825962,164.0,0.53566694,-0.07827907,3.351e-05,11.91460867,-9.78124097,25.35,690798.3280715
2023-05-28,11,BTC-230630-22000-P,BTCUSDT,P,230630-22000,295.0,295.0,295.0,295.0,0.0,0.0,175.0,205.0,17.5,17.5,,0.55944562,189.0,0.54774791,-0.08636324,3.53e-05,12.82513347,-10.69787449,25.35,688572.58600008
2023-05-28,20,BTC-230630-22000-P,BTCUSDT,P,230630-22000,295.0,295.0,295.0,295.0,0.0,0.0,150.0,175.0,17.5,2.5,,0.56559741,162.0,0.55478454,-0.07440863,3.086e-05,11.56191891,-9.88093176,25.35,698540.39914275
2023-05-28,9,BTC-230630-22000-P,BTCUSDT,P,230630-22000,295.0,295.0,295.0,295.0,0.0,0.0,160.0,185.0,17.5,2.5,,0.5434072,172.0,0.53324193,-0.08153361,3.468e-05,12.29870543,-9.96179709,25.35,688327.726125
2023-05-28,8,BTC-230630-22000-P,BTCUSDT,P,230630-22000,295.0,295.0,295.0,295.0,0.0,0.0,160.0,185.0,17.5,2.5,,0.54583848,172.0,0.53565025,-0.0810577,3.43e-05,12.27098543,-9.97161185,25.35,689293.97457133
2023-05-28,10,BTC-230630-22000-P,BTCUSDT,P,230630-22000,295.0,295.0,295.0,295.0,0.0,0.0,175.0,200.0,17.5,2.5,,0.55926502,187.0,0.54942906,-0.08501241,3.468e-05,12.71002436,-10.62091904,25.35,689822.19010725
2023-05-28,17,BTC-230630-22000-P,BTCUSDT,P,230630-22000,295.0,295.0,295.0,295.0,0.0,0.0,150.0,175.0,23.5,2.5,,0.55119574,162.0,0.54055095,-0.07650337,3.253e-05,11.74445249,-9.74189832,25.35,693294.10196417
2023-05-28,7,BTC-230630-22000-P,BTCUSDT,P,230630-22000,295.0,295.0,295.0,295.0,0.0,0.0,160.0,185.0,17.5,2.5,,0.54726183,172.0,0.53706169,-0.08075659,3.406e-05,12.25623428,-9.97326001,25.35,689882.4506785
2023-05-28,22,BTC-230630-22000-P,BTCUSDT,P,230630-22000,295.0,295.0,295.0,295.0,0.0,0.0,150.0,170.0,17.5,2.5,,0.59618413,159.0,0.5871594,-0.06878119,2.697e-05,11.08180397,-10.0490857,25.35,712063.77310725
2023-05-28,5,BTC-230630-22000-P,BTCUSDT,P,230630-22000,295.0,295.0,295.0,295.0,0.0,0.0,170.0,195.0,17.5,19.81,,0.55043638,182.0,0.54054499,-0.08422003,3.496e-05,12.6386013,-10.32503302,25.35,688618.42725
2023-05-28,2,BTC-230630-22000-P,BTCUSDT,P,230630-22000,295.0,295.0,295.0,295.0,0.0,0.0,175.0,195.0,15.0,19.81,,0.54492474,184.0,0.53711146,-0.08572207,3.567e-05,12.79997255,-10.35133184,25.35,686892.21296417
2023-05-29,6,BTC-230630-22000-P,BTCUSDT,P,230630-22000,295.0,295.0,295.0,295.0,0.0,0.0,140.0,160.0,21.0,5.0,,0.58488667,149.0,0.5755794,-0.06680062,2.712e-05,10.74514668,-9.65100062,25.35,709755.89663328
2023-05-29,3,BTC-230630-22000-P,BTCUSDT,P,230630-22000,295.0,295.0,295.0,295.0,0.0,0.0,150.0,165.0,15.0,6.42,,0.58520257,157.0,0.57841927,-0.06930387,2.776e-05,11.05732515,-9.9416077,25.35,709142.87166672
2023-05-29,13,BTC-230630-22000-P,BTCUSDT,P,230630-22000,295.0,295.0,295.0,295.0,0.0,0.0,135.0,155.0,15.0,2.5,,0.57679951,144.0,0.56735367,-0.06623014,2.755e-05,10.58795906,-9.46002049,25.35,707401.15203336
2023-05-29,21,BTC-230630-22000-P,BTCUSDT,P,230630-22000,295.0,295.0,295.0,295.0,0.0,0.0,150.0,165.0,15.0,0.42,,0.57362258,157.0,0.56688398,-0.07194685,2.98e-05,11.13093739,-10.0423572,25.35,701381.00023345
2023-05-29,12,BTC-230630-22000-P,BTCUSDT,P,230630-22000,295.0,295.0,295.0,295.0,0.0,0.0,140.0,165.0,23.5,8.92,,0.58377326,152.0,0.57227343,-0.06855655,2.806e-05,10.87134823,-9.7846105,25.35,706724.29576655
2023-05-29,15,BTC-230630-22000-P,BTCUSDT,P,230630-22000,295.0,295.0,295.0,295.0,0.0,0.0,145.0,165.0,17.5,0.42,,0.56898892,154.0,0.559991,-0.07156748,2.997e-05,11.11525351,-9.82806265,25.35,700217.4465
2023-05-29,23,BTC-230630-22000-P,BTCUSDT,P,230630-22000,295.0,295.0,295.0,295.0,0.0,0.0,150.0,165.0,15.0,0.42,,0.57884991,157.0,0.57207227,-0.07129655,2.929e-05,11.06640606,-10.10231118,25.35,703127.09133336
2023-05-29,4,BTC-230630-22000-P,BTCUSDT,P,230630-22000,295.0,295.0,295.0,295.0,0.0,0.0,150.0,165.0,15.0,8.92,,0.58456063,157.0,0.57777971,-0.06944724,2.787e-05,11.06136443,-9.94712783,25.35,707838.74936664
2023-05-29,18,BTC-230630-22000-P,BTCUSDT,P,230630-22000,295.0,295.0,295.0,295.0,0.0,0.0,150.0,165.0,17.5,0.42,,0.5704695,157.0,0.56375802,-0.07224411,3.003e-05,11.1758333,-9.98752437,25.35,700409.56570008
2023-05-29,19,BTC-230630-22000-P,BTCUSDT,P,230630-22000,295.0,295.0,295.0,295.0,0.0,0.0,150.0,165.0,17.5,0.42,,0.5709511,157.0,0.56423485,-0.07222848,3.002e-05,11.16725156,-10.00150462,25.35,700641.53509992
2023-05-29,1,BTC-230630-22000-P,BTCUSDT,P,230630-22000,295.0,295.0,295.0,295.0,0.0,0.0,150.0,165.0,15.0,0.42,,0.59765637,157.0,0.59079289,-0.06748438,2.639e-05,10.9285785,-10.01011505,25.35,714042.84760725
2023-05-29,14,BTC-230630-22000-P,BTCUSDT,P,230630-22000,295.0,295.0,295.0,295.0,0.0,0.0,135.0,160.0,17.5,2.5,,0.57410479,147.0,0.56247383,-0.06796883,2.849e-05,10.74898093,-9.53380022,25.35,703952.67886655
2023-05-29,0,BTC-230630-22000-P,BTCUSDT,P,230630-22000,295.0,295.0,295.0,295.0,0.0,0.0,155.0,165.0,15.0,0.42,,0.59881866,159.0,0.5942744,-0.06795077,2.633e-05,11.00370913,-10.12524073,25.35,715239.77200008
2023-05-29,16,BTC-230630-22000-P,BTCUSDT,P,230630-22000,295.0,295.0,295.0,295.0,0.0,0.0,150.0,165.0,21.0,0.42,,0.56740522,157.0,0.56071848,-0.07258794,3.031e-05,11.21693035,-9.94393328,25.35,699893.49040008
2023-05-29,11,BTC-230630-22000-P,BTCUSDT,P,230630-22000,295.0,295.0,295.0,295.0,0.0,0.0,140.0,160.0,23.5,8.5,,0.58122098,149.0,0.57193547,-0.06756203,2.771e-05,10.77034926,-9.67530248,25.35,707614.39060008
2023-05-29,20,BTC-230630-22000-P,BTCUSDT,P,230630-22000,295.0,295.0,295.0,295.0,0.0,0.0,150.0,165.0,15.0,0.42,,0.57423413,157.0,0.56749344,-0.07180139,2.969e-05,11.12717875,-10.03644443,25.35,701764.99639992
2023-05-29,9,BTC-230630-22000-P,BTCUSDT,P,230630-22000,295.0,295.0,295.0,295.0,0.0,0.0,140.0,160.0,6.0,11.0,,0.57858646,149.0,0.56933284,-0.06777686,2.788e-05,10.80742868,-9.62847243,25.35,707873.13523345
2023-05-29,8,BTC-230630-22000-P,BTCUSDT,P,230630-22000,295.0,295.0,295.0,295.0,0.0,0.0,140.0,160.0,6.0,11.0,,0.57904661,149.0,0.56978881,-0.06770531,2.782e-05,10.80280295,-9.63021754,25.35,707199.95753328
2023-05-29,10,BTC-230630-22000-P,BTCUSDT,P,230630-22000,295.0,295.0,295.0,295.0,0.0,0.0,140.0,160.0,8.5,8.5,,0.57719111,149.0,0.56794554,-0.06806794,2.81e-05,10.81731476,-9.63708775,25.35,705664.06300008
2023-05-29,17,BTC-230630-22000-P,BTCUSDT,P,230630-22000,295.0,295.0,295.0,295.0,0.0,0.0,150.0,165.0,21.0,0.42,,0.57365477,157.0,0.56692362,-0.07171956,2.962e-05,11.14297859,-10.00086875,25.35,701917.85689992
2023-05-29,7,BTC-230630-22000-P,BTCUSDT,P,230630-22000,295.0,295.0,295.0,295.0,0.0,0.0,140.0,165.0,5.0,5.42,,0.58371246,152.0,0.57222873,-0.06830014,2.786e-05,10.88673758,-9.733909,25.35,707464.56083328
2023-05-29,22,BTC-230630-22000-P,BTCUSDT,P,230630-22000,295.0,295.0,295.0,295.0,0.0,0.0,150.0,165.0,15.0,0.42,,0.57540119,157.0,0.56864858,-0.07174221,2.964e-05,11.10789907,-10.0661174,25.35,701527.9908
2023-05-29,5,BTC-230630-22000-P,BTCUSDT,P,230630-22000,295.0,295.0,295.0,295.0,0.0,0.0,140.0,160.0,23.5,2.5,,0.58379829,149.0,0.57450354,-0.06689713,2.719e-05,10.75980367,-9.63357363,25.35,709650.73356672
2023-05-29,2,BTC-230630-22000-P,BTCUSDT,P,230630-22000,295.0,295.0,295.0,295.0,0.0,0.0,150.0,165.0,18.73,0.42,,0.59360921,157.0,0.58677137,-0.06808636,2.684e-05,10.96892901,-9.99159304,25.35,712292.67676655
2023-05-30,6,BTC-230630-22000-P,BTCUSDT,P,230630-22000,295.0,295.0,295.0,295.0,0.0,0.0,140.0,165.0,23.5,2.92,,0.58546245,152.0,0.57388604,-0.06929428,2.864e-05,10.79941082,-9.98275774,25.35,704638.21609992
2023-05-30,3,BTC-230630-22000-P,BTCUSDT,P,230630-22000,295.0,295.0,295.0,295.0,0.0,0.0,140.0,165.0,8.5,8.92,,0.5864948,152.0,0.57491601,-0.06898637,2.84e-05,10.79729637,-9.95861421,25.35,705758.35936655
2023-05-30,13,BTC-230630-22000-P,BTCUSDT,P,230630-22000,295.0,295.0,295.0,295.0,0.0,0.0,145.0,165.0,15.0,0.42,,0.58861196,154.0,0.5793786,-0.06996982,2.871e-05,10.83140546,-10.20403613,25.35,705290.11669992
2023-05-30,21,BTC-230630-22000-P,BTCUSDT,P,230630-22000,295.0,295.0,295.0,295.0,0.0,0.0,135.0,165.0,15.0,0.42,,0.5864048,149.0,0.5723241,-0.06924906,2.908e-05,10.65528195,-10.02455721,25.35,702686.22666672
2023-05-30,12,BTC-230630-22000-P,BTCUSDT,P,230630-22000,295.0,295.0,295.0,295.0,0.0,0.0,140.0,165.0,15.0,0.42,,0.59478939,152.0,0.58308542,-0.06833636,2.789e-05,10.68201186,-10.11397511,25.35,707422.44603336
2023-05-30,15,BTC-230630-22000-P,BTCUSDT,P,230630-22000,295.0,295.0,295.0,295.0,0.0,0.0,135.0,165.0,17.4,2.92,,0.58101416,149.0,0.56703329,-0.06966985,2.941e-05,10.73134622,-9.921238,25.35,701544.48520008
2023-05-30,23,BTC-230630-22000-P,BTCUSDT,P,230630-22000,295.0,295.0,295.0,295.0,0.0,0.0,135.0,165.0,15.0,0.42,,0.58554471,149.0,0.57146788,-0.06948133,2.926e-05,10.65845141,-10.0400444,25.35,702108.22976664
2023-05-30,4,BTC-230630-22000-P,BTCUSDT,P,230630-22000,295.0,295.0,295.0,295.0,0.0,0.0,145.0,165.0,21.0,8.92,,0.58342934,154.0,0.57426661,-0.07019956,2.889e-05,10.91491345,-10.06918561,25.35,704154.95496672
2023-05-30,18,BTC-230630-22000-P,BTCUSDT,P,230630-22000,295.0,295.0,295.0,295.0,0.0,0.0,135.0,165.0,15.0,0.42,,0.58825254,149.0,0.57415783,-0.06882565,2.874e-05,10.6446039,-10.00547951,25.35,704296.64778584
2023-05-30,19,BTC-230630-22000-P,BTCUSDT,P,230630-22000,295.0,295.0,295.0,295.0,0.0,0.0,135.0,165.0,15.0,17.92,,0.59403121,149.0,0.57985127,-0.06808906,2.816e-05,10.58062207,-10.05768002,25.35,705357.27367858
2023-05-30,1,BTC-230630-22000-P,BTCUSDT,P,230630-22000,295.0,295.0,295.0,295.0,0.0,0.0,150.0,165.0,15.0,2.92,,0.58158815,157.0,0.57478815,-0.07101354,2.907e-05,11.03002021,-10.14387616,25.35,703923.83056655
2023-05-30,14,BTC-230630-22000-P,BTCUSDT,P,230630-22000,295.0,295.0,295.0,295.0,0.0,0.0,145.0,165.0,15.0,0.42,,0.57744205,154.0,0.56830823,-0.07161931,3.001e-05,10.94970789,-10.13211421,25.35,700667.37520008
2023-05-30,0,BTC-230630-22000-P,BTCUSDT,P,230630-22000,295.0,295.0,295.0,295.0,0.0,0.0,150.0,165.0,15.0,2.92,,0.57745099,157.0,0.5706808,-0.07155523,2.949e-05,11.07884336,-10.10249931,25.35,702337.80499992
2023-05-30,16,BTC-230630-22000-P,BTCUSDT,P,230630-22000,295.0,295.0,295.0,295.0,0.0,0.0,135.0,165.0,15.0,0.42,,0.58402717,149.0,0.56999981,-0.06930236,2.912e-05,10.69581549,-9.95364985,25.35,702742.18256664
2023-05-30,11,BTC-230630-22000-P,BTCUSDT,P,230630-22000,295.0,295.0,295.0,295.0,0.0,0.0,135.0,155.0,21.0,2.5,,0.59331357,144.0,0.58365107,-0.0651706,2.672e-05,10.35065674,-9.79649119,25.35,0.0
2023-05-30,20,BTC-230630-22000-P,BTCUSDT,P,230630-22000,295.0,295.0,295.0,295.0,0.0,0.0,135.0,165.0,15.0,0.42,,0.58890522,149.0,0.57479322,-0.06884674,2.876e-05,10.63169608,-10.03177756,25.35,703876.5379285
2023-05-30,9,BTC-230630-22000-P,BTCUSDT,P,230630-22000,295.0,295.0,295.0,295.0,0.0,0.0,135.0,160.0,23.5,2.5,,0.58584869,147.0,0.57401717,-0.06736038,2.801e-05,10.56652012,-9.80921025,25.35,0.0
2023-05-30,8,BTC-230630-22000-P,BTCUSDT,P,230630-22000,295.0,295.0,295.0,295.0,0.0,0.0,145.0,165.0,21.0,2.92,,0.58535516,154.0,0.57616442,-0.07014917,2.885e-05,10.88179041,-10.12602665,25.35,704297.09523336
2023-05-30,10,BTC-230630-22000-P,BTCUSDT,P,230630-22000,295.0,295.0,295.0,295.0,0.0,0.0,135.0,155.0,21.0,17.5,,0.58473766,144.0,0.57516068,-0.06625397,2.757e-05,10.44291286,-9.72687997,25.35,0.0
2023-05-30,17,BTC-230630-22000-P,BTCUSDT,P,230630-22000,295.0,295.0,295.0,295.0,0.0,0.0,135.0,165.0,17.4,0.42,,0.58316052,149.0,0.56914151,-0.06947937,2.926e-05,10.70213344,-9.95808074,25.35,702929.08771433
2023-05-30,7,BTC-230630-22000-P,BTCUSDT,P,230630-22000,295.0,295.0,295.0,295.0,0.0,0.0,145.0,165.0,17.5,0.42,,0.58184922,154.0,0.57269335,-0.07059082,2.919e-05,10.92296339,-10.08952603,25.35,703277.21966664
2023-05-30,22,BTC-230630-22000-P,BTCUSDT,P,230630-22000,295.0,295.0,295.0,295.0,0.0,0.0,135.0,165.0,15.0,0.42,,0.58804929,149.0,0.57394147,-0.0690767,2.894e-05,10.63477917,-10.0473061,25.35,703216.92610008
2023-05-30,5,BTC-230630-22000-P,BTCUSDT,P,230630-22000,295.0,295.0,295.0,295.0,0.0,0.0,140.0,165.0,8.5,8.92,,0.58224499,152.0,0.57070911,-0.06969117,2.895e-05,10.83730814,-9.94897829,25.35,703539.2091
2023-05-30,2,BTC-230630-22000-P,BTCUSDT,P,230630-22000,295.0,295.0,295.0,295.0,0.0,0.0,150.0,165.0,21.0,8.92,,0.5830586,157.0,0.57624668,-0.07085867,2.895e-05,11.01080974,-10.16545825,25.35,704296.62766655
2023-05-31,6,BTC-230630-22000-P,BTCUSDT,P,230630-22000,295.0,295.0,165.0,165.0,0.42,0.42,165.0,185.0,6.0,2.5,,0.56932271,174.0,0.56086302,-0.08217823,3.471e-05,11.82242931,-11.03594035,24.93,677101.65864008
2023-05-31,3,BTC-230630-22000-P,BTCUSDT,P,230630-22000,295.0,295.0,295.0,295.0,0.0,0.0,135.0,150.0,21.0,2.5,,0.57095349,142.0,0.5637449,-0.06770466,2.919e-05,10.40491883,-9.72218404,25.35,701052.66703345
2023-05-31,13,BTC-230630-22000-P,BTCUSDT,P,230630-22000,295.0,295.0,165.0,165.0,0.42,0.42,165.0,195.0,23.5,26.51,,0.57730913,179.0,0.56474894,-0.0840287,3.528e-05,11.94506303,-11.33774196,24.93,676377.68035994
2023-05-31,21,BTC-230630-22000-P,BTCUSDT,P,230630-22000,295.0,295.0,165.0,165.0,0.42,0.42,160.0,175.0,16.0,2.5,,0.56164801,167.0,0.55514336,-0.08091256,3.512e-05,11.53093895,-10.88043337,24.93,675074.36765992
2023-05-31,12,BTC-230630-22000-P,BTCUSDT,P,230630-22000,295.0,295.0,165.0,165.0,0.42,0.42,175.0,200.0,23.5,2.5,,0.57742536,187.0,0.56719214,-0.08671431,3.601e-05,12.21644615,-11.62920757,24.93,674824.59121994
2023-05-31,15,BTC-230630-22000-P,BTCUSDT,P,230630-22000,295.0,295.0,165.0,165.0,0.42,0.42,170.0,195.0,21.0,8.5,,0.56308687,182.0,0.55282533,-0.08733021,3.744e-05,12.1827907,-11.35104384,24.93,671295.39516
2023-05-31,23,BTC-230630-22000-P,BTCUSDT,P,230630-22000,165.0,165.0,165.0,165.0,0.42,0.42,160.0,170.0,1.0,2.5,,0.56676924,164.0,0.56235909,-0.07880666,3.388e-05,11.33837257,-10.8685771,24.93,678357.5869285
2023-05-31,4,BTC-230630-22000-P,BTCUSDT,P,230630-22000,295.0,295.0,295.0,295.0,0.0,0.0,140.0,165.0,15.0,15.42,,0.55884778,152.0,0.54751039,-0.0744517,3.282e-05,11.02716837,-10.02072512,25.35,691427.37343345
2023-05-31,18,BTC-230630-22000-P,BTCUSDT,P,230630-22000,295.0,295.0,165.0,165.0,0.42,0.42,160.0,185.0,16.0,2.5,,0.56526482,172.0,0.55462301,-0.08291232,3.58e-05,11.74818691,-11.02817299,24.93,674165.60268008
2023-05-31,19,BTC-230630-22000-P,BTCUSDT,P,230630-22000,295.0,295.0,165.0,165.0,0.42,0.42,160.0,180.0,20.03,2.5,,0.55932522,169.0,0.55077046,-0.08257634,3.601e-05,11.69078185,-10.91344452,24.93,674800.84124011
2023-05-31,1,BTC-230630-22000-P,BTCUSDT,P,230630-22000,295.0,295.0,295.0,295.0,0.0,0.0,135.0,165.0,17.43,0.42,,0.589571,149.0,0.5754298,-0.06903391,2.89e-05,10.60959761,-10.09103129,25.35,703203.86239992
2023-05-31,14,BTC-230630-22000-P,BTCUSDT,P,230630-22000,295.0,295.0,165.0,165.0,0.42,0.42,165.0,190.0,2.5,17.5,,0.56749284,177.0,0.55701941,-0.08438796,3.602e-05,11.93679191,-11.19050024,24.93,674579.83401989
2023-05-31,0,BTC-230630-22000-P,BTCUSDT,P,230630-22000,295.0,295.0,295.0,295.0,0.0,0.0,135.0,165.0,15.0,0.42,,0.58998287,149.0,0.57583988,-0.06892118,2.881e-05,10.60827114,-10.08307546,25.35,703451.96566655
2023-05-31,16,BTC-230630-22000-P,BTCUSDT,P,230630-22000,295.0,295.0,165.0,165.0,0.42,0.42,170.0,190.0,15.0,19.63,,0.5613029,179.0,0.55302411,-0.08631895,3.709e-05,12.08012864,-11.27527396,24.93,671538.67872008
2023-05-31,11,BTC-230630-22000-P,BTCUSDT,P,230630-22000,295.0,295.0,165.0,165.0,0.42,0.42,175.0,200.0,21.0,2.5,,0.57844698,187.0,0.56820661,-0.08647023,3.581e-05,12.20822396,-11.62590644,24.93,675366.86857994
2023-05-31,20,BTC-230630-22000-P,BTCUSDT,P,230630-22000,295.0,295.0,165.0,165.0,0.42,0.42,160.0,175.0,16.0,2.5,,0.56298792,167.0,0.55647671,-0.08062794,3.489e-05,11.51890962,-10.87977355,24.93,675921.37272008
2023-05-31,9,BTC-230630-22000-P,BTCUSDT,P,230630-22000,295.0,295.0,165.0,165.0,0.42,0.42,165.0,190.0,21.0,2.5,,0.5725944,177.0,0.56208432,-0.08319561,3.507e-05,11.894989,-11.17434683,24.93,676456.44808006
2023-05-31,8,BTC-230630-22000-P,BTCUSDT,P,230630-22000,295.0,295.0,165.0,165.0,0.42,0.42,160.0,190.0,29.44,2.5,,0.57242811,174.0,0.55973768,-0.08242804,3.494e-05,11.82197927,-11.04401344,24.93,676512.83420011
2023-05-31,10,BTC-230630-22000-P,BTCUSDT,P,230630-22000,295.0,295.0,165.0,165.0,0.42,0.42,175.0,205.0,23.5,20.46,,0.57949245,189.0,0.56731045,-0.08756044,3.623e-05,12.31572714,-11.69345277,24.93,674586.87536003
2023-05-31,17,BTC-230630-22000-P,BTCUSDT,P,230630-22000,295.0,295.0,165.0,165.0,0.42,0.42,160.0,190.0,18.5,17.5,,0.57018697,174.0,0.5574894,-0.08339941,3.573e-05,11.8158462,-11.13330655,24.93,674340.50601989
2023-05-31,7,BTC-230630-22000-P,BTCUSDT,P,230630-22000,295.0,295.0,165.0,165.0,0.42,0.42,160.0,190.0,17.5,2.5,,0.57412684,174.0,0.56141853,-0.08208248,3.466e-05,11.80574793,-11.04660522,24.93,677338.49918003
2023-05-31,22,BTC-230630-22000-P,BTCUSDT,P,230630-22000,165.0,165.0,165.0,165.0,0.42,0.42,160.0,170.0,1.0,2.5,,0.56452155,164.0,0.56012303,-0.07910139,3.412e-05,11.36749731,-10.83777785,24.93,677345.34582858
2023-05-31,5,BTC-230630-22000-P,BTCUSDT,P,230630-22000,295.0,295.0,165.0,165.0,0.42,0.42,165.0,195.0,2.5,2.5,,0.57151556,179.0,0.559057,-0.08446492,3.563e-05,12.04234543,-11.1895095,24.93,674403.44595997
2023-05-31,2,BTC-230630-22000-P,BTCUSDT,P,230630-22000,295.0,295.0,295.0,295.0,0.0,0.0,135.0,155.0,21.0,2.5,,0.57627857,144.0,0.56674093,-0.06827364,2.919e-05,10.48577585,-9.83621595,25.35,701291.18236655
2023-06-01,19,BTC-230630-22000-P,BTCUSDT,P,230630-22000,165.0,165.0,165.0,165.0,0.0,0.0,125.0,165.0,25.0,18.99,,0.54552138,144.0,0.52696496,-0.07646984,3.632e-05,10.78292375,-9.96880825,24.93,669537.01023997
2023-06-01,11,BTC-230630-22000-P,BTCUSDT,P,230630-22000,165.0,165.0,165.0,165.0,0.0,0.0,160.0,180.0,21.0,27.74,,0.55734336,169.0,0.54876328,-0.08399126,3.718e-05,11.65612037,-11.09210675,24.93,670270.53393989
2023-06-01,8,BTC-230630-22000-P,BTCUSDT,P,230630-22000,165.0,165.0,165.0,165.0,0.0,0.0,160.0,185.0,21.0,8.5,,0.56191385,172.0,0.5512619,-0.08442728,3.705e-05,11.73660736,-11.17112272,24.93,670919.36766008
2023-06-01,17,BTC-230630-22000-P,BTCUSDT,P,230630-22000,165.0,165.0,165.0,165.0,0.0,0.0,135.0,160.0,2.5,2.5,,0.54733098,147.0,0.53577393,-0.07628388,3.548e-05,10.81785191,-10.13863682,24.93,672055.86541994
2023-06-01,7,BTC-230630-22000-P,BTCUSDT,P,230630-22000,165.0,165.0,165.0,165.0,0.0,0.0,160.0,190.0,19.96,22.82,,0.55754721,174.0,0.54495454,-0.08652693,3.83e-05,11.91419101,-11.19429288,24.93,668294.23034992
2023-06-01,14,BTC-230630-22000-P,BTCUSDT,P,230630-22000,165.0,165.0,165.0,165.0,0.0,0.0,155.0,175.0,15.0,17.5,,0.55473685,164.0,0.54601818,-0.0824345,3.692e-05,11.47069766,-10.90834305,24.93,670385.87673997
2023-06-01,10,BTC-230630-22000-P,BTCUSDT,P,230630-22000,165.0,165.0,165.0,165.0,0.0,0.0,160.0,185.0,21.0,8.5,,0.55897474,172.0,0.54834753,-0.08506932,3.758e-05,11.76396537,-11.17011047,24.93,669716.99376008
2023-06-01,13,BTC-230630-22000-P,BTCUSDT,P,230630-22000,165.0,165.0,165.0,165.0,0.0,0.0,155.0,180.0,17.5,23.23,,0.55837452,167.0,0.54755688,-0.08318889,3.705e-05,11.55694044,-11.00535595,24.93,670982.73417989
2023-06-01,21,BTC-230630-22000-P,BTCUSDT,P,230630-22000,165.0,165.0,165.0,165.0,0.0,0.0,125.0,165.0,15.0,17.29,,0.54850399,144.0,0.52987695,-0.07612295,3.601e-05,10.74201431,-10.01514974,24.93,670373.48929994
2023-06-01,3,BTC-230630-22000-P,BTCUSDT,P,230630-22000,165.0,165.0,165.0,165.0,0.42,0.42,170.0,200.0,21.0,6.0,,0.5622679,184.0,0.55003583,-0.0897203,3.891e-05,12.2653141,-11.56518788,24.93,667650.64459292
2023-06-01,4,BTC-230630-22000-P,BTCUSDT,P,230630-22000,165.0,165.0,165.0,165.0,0.42,0.42,170.0,190.0,21.0,2.5,,0.5565536,179.0,0.54828286,-0.08799394,3.846e-05,12.09191278,-11.38160671,24.93,668320.44246417
2023-06-01,9,BTC-230630-22000-P,BTCUSDT,P,230630-22000,165.0,165.0,165.0,165.0,0.0,0.0,160.0,190.0,21.0,26.24,,0.56606233,174.0,0.55335373,-0.08519234,3.719e-05,11.80557787,-11.29565755,24.93,670803.14954003
2023-06-01,2,BTC-230630-22000-P,BTCUSDT,P,230630-22000,165.0,165.0,165.0,165.0,0.42,0.42,165.0,200.0,21.0,0.41,,0.55725813,182.0,0.54297358,-0.08980663,3.951e-05,12.25434789,-11.39021595,24.93,666042.48745725
2023-06-01,6,BTC-230630-22000-P,BTCUSDT,P,230630-22000,165.0,165.0,165.0,165.0,0.0,0.0,165.0,190.0,21.0,28.82,,0.5558151,177.0,0.54541171,-0.08752038,3.86e-05,12.01672152,-11.28388747,24.93,667744.47636425
2023-06-01,20,BTC-230630-22000-P,BTCUSDT,P,230630-22000,165.0,165.0,165.0,165.0,0.0,0.0,125.0,165.0,25.0,17.29,,0.54607391,144.0,0.52750081,-0.07644522,3.63e-05,10.77325065,-9.98459054,24.93,669679.69848008
2023-06-01,12,BTC-230630-22000-P,BTCUSDT,P,230630-22000,165.0,165.0,165.0,165.0,0.0,0.0,155.0,180.0,23.5,19.86,,0.56138873,167.0,0.55054158,-0.08261465,3.656e-05,11.52534564,-11.01912494,24.93,671789.01469994
2023-06-01,5,BTC-230630-22000-P,BTCUSDT,P,230630-22000,165.0,165.0,165.0,165.0,0.0,0.0,170.0,190.0,21.0,28.82,,0.56013584,179.0,0.55183291,-0.08743016,3.8e-05,12.04494089,-11.4271499,24.93,669249.19774275
2023-06-01,0,BTC-230630-22000-P,BTCUSDT,P,230630-22000,165.0,165.0,165.0,165.0,0.42,0.42,160.0,175.0,1.0,2.5,,0.56105196,167.0,0.55454552,-0.08120714,3.537e-05,11.52723897,-10.91159095,24.93,674435.48654992
2023-06-01,16,BTC-230630-22000-P,BTCUSDT,P,230630-22000,165.0,165.0,165.0,165.0,0.0,0.0,135.0,160.0,15.0,2.5,,0.55646181,147.0,0.54479688,-0.0747956,3.418e-05,10.71752701,-10.19890473,24.93,675864.69851992
2023-06-01,22,BTC-230630-22000-P,BTCUSDT,P,230630-22000,165.0,165.0,165.0,165.0,0.0,0.0,130.0,165.0,18.27,17.29,,0.54841101,147.0,0.53224891,-0.07705754,3.622e-05,10.83146766,-10.15865119,24.93,670457.91336008
2023-06-01,1,BTC-230630-22000-P,BTCUSDT,P,230630-22000,165.0,165.0,165.0,165.0,0.42,0.42,160.0,175.0,1.0,2.5,,0.56269228,167.0,0.55617273,-0.08100349,3.52e-05,11.50465946,-10.93773125,24.93,675241.89488583
2023-06-01,18,BTC-230630-22000-P,BTCUSDT,P,230630-22000,165.0,165.0,165.0,165.0,0.0,0.0,130.0,160.0,17.5,2.5,,0.54816067,144.0,0.53415775,-0.07538333,3.528e-05,10.71502923,-10.02659319,24.93,672051.69380003
2023-06-01,15,BTC-230630-22000-P,BTCUSDT,P,230630-22000,165.0,165.0,165.0,165.0,0.0,0.0,145.0,170.0,26.27,2.5,,0.55052817,157.0,0.53938866,-0.08018309,3.664e-05,11.22345514,-10.55895688,24.93,670123.76825992
2023-06-01,23,BTC-230630-22000-P,BTCUSDT,P,230630-22000,165.0,165.0,165.0,165.0,0.0,0.0,145.0,175.0,18.92,15.0,,0.55242598,159.0,0.53914964,-0.08185668,3.755e-05,11.30094207,-10.75217008,24.93,668354.86842008
2023-06-02,11,BTC-230630-22000-P,BTCUSDT,P,230630-22000,165.0,165.0,165.0,165.0,0.0,0.0,120.0,140.0,20.0,19.81,,0.54816902,129.0,0.53809345,-0.06880122,3.287e-05,9.92601569,-9.59482955,24.93,676142.97272011
2023-06-02,3,BTC-230630-22000-P,BTCUSDT,P,230630-22000,165.0,165.0,165.0,165.0,0.0,0.0,130.0,150.0,21.0,22.81,,0.54602206,139.0,0.5364418,-0.07332314,3.457e-05,10.4396248,-9.94127015,24.93,673014.24110003
2023-06-02,6,BTC-230630-22000-P,BTCUSDT,P,230630-22000,165.0,165.0,165.0,165.0,0.0,0.0,125.0,145.0,6.13,5.0,,0.54690897,134.0,0.53709388,-0.07103712,3.369e-05,10.18980433,-9.75847714,24.93,675238.62865994
2023-06-02,19,BTC-230630-22000-P,BTCUSDT,P,230630-22000,165.0,165.0,165.0,165.0,0.0,0.0,120.0,150.0,15.0,30.0,,0.56819856,134.0,0.55314153,-0.06936099,3.225e-05,9.96482654,-10.02174022,24.93,678909.90910006
2023-06-02,2,BTC-230630-22000-P,BTCUSDT,P,230630-22000,165.0,165.0,165.0,165.0,0.0,0.0,120.0,165.0,21.0,23.71,,0.555529,141.0,0.53419471,-0.07447415,3.517e-05,10.55245867,-9.99184389,24.93,672090.92253989
2023-06-02,17,BTC-230630-22000-P,BTCUSDT,P,230630-22000,165.0,165.0,165.0,165.0,0.0,0.0,120.0,150.0,15.0,15.0,,0.55516183,134.0,0.54031998,-0.07111286,3.381e-05,10.10915738,-9.90122794,24.93,674158.52256008
2023-06-02,8,BTC-230630-22000-P,BTCUSDT,P,230630-22000,165.0,165.0,165.0,165.0,0.0,0.0,115.0,140.0,26.0,28.22,,0.5494374,127.0,0.53671122,-0.06757707,3.238e-05,9.8243014,-9.42976554,24.93,677318.65490003
2023-06-02,4,BTC-230630-22000-P,BTCUSDT,P,230630-22000,165.0,165.0,165.0,165.0,0.0,0.0,130.0,150.0,21.0,24.13,,0.55072844,139.0,0.54109693,-0.07267078,3.398e-05,10.38407968,-9.98896228,24.93,674907.36435989
2023-06-02,13,BTC-230630-22000-P,BTCUSDT,P,230630-22000,165.0,165.0,165.0,165.0,0.0,0.0,115.0,150.0,30.0,15.0,,0.54295003,131.0,0.52571714,-0.07179828,3.51e-05,10.15900491,-9.62299238,24.93,670455.30955994
2023-06-02,21,BTC-230630-22000-P,BTCUSDT,P,230630-22000,165.0,165.0,165.0,165.0,0.0,0.0,120.0,140.0,15.0,15.0,,0.55785358,129.0,0.54764092,-0.06801916,3.216e-05,9.79322235,-9.78085173,24.93,678389.75849992
2023-06-02,14,BTC-230630-22000-P,BTCUSDT,P,230630-22000,165.0,165.0,165.0,165.0,0.0,0.0,120.0,150.0,15.0,15.0,,0.54729283,134.0,0.53258896,-0.07209598,3.471e-05,10.20433792,-9.8070053,24.93,672482.13518003
2023-06-02,7,BTC-230630-22000-P,BTCUSDT,P,230630-22000,165.0,165.0,165.0,165.0,0.0,0.0,120.0,140.0,11.0,4.73,,0.54094613,129.0,0.53096145,-0.06961375,3.361e-05,10.01661724,-9.49720224,24.93,674477.22213989
2023-06-02,20,BTC-230630-22000-P,BTCUSDT,P,230630-22000,165.0,165.0,165.0,165.0,0.0,0.0,120.0,150.0,15.0,15.0,,0.56479573,134.0,0.54978758,-0.06990396,3.273e-05,9.99733657,-10.00863582,24.93,677700.15592006
2023-06-02,9,BTC-230630-22000-P,BTCUSDT,P,230630-22000,165.0,165.0,165.0,165.0,0.0,0.0,115.0,135.0,26.0,5.0,,0.53903639,124.0,0.52882075,-0.06761144,3.301e-05,9.79018008,-9.27268345,24.93,675111.93993989
2023-06-02,0,BTC-230630-22000-P,BTCUSDT,P,230630-22000,165.0,165.0,165.0,165.0,0.0,0.0,145.0,175.0,15.0,15.0,,0.55020928,159.0,0.53695947,-0.08229777,3.794e-05,11.32337286,-10.74554458,24.93,667351.44146003
2023-06-02,16,BTC-230630-22000-P,BTCUSDT,P,230630-22000,165.0,165.0,165.0,165.0,0.0,0.0,120.0,150.0,15.0,15.0,,0.5545646,134.0,0.53973675,-0.07113927,3.384e-05,10.11873788,-9.8849817,24.93,674480.50182
2023-06-02,10,BTC-230630-22000-P,BTCUSDT,P,230630-22000,165.0,165.0,165.0,165.0,0.0,0.0,115.0,140.0,15.0,19.81,,0.54527938,127.0,0.53260326,-0.06828503,3.303e-05,9.86303019,-9.42256482,24.93,675367.94333992
2023-06-02,12,BTC-230630-22000-P,BTCUSDT,P,230630-22000,165.0,165.0,165.0,165.0,0.0,0.0,115.0,150.0,15.0,15.0,,0.55595696,131.0,0.53848565,-0.06981845,3.328e-05,10.0199454,-9.70721654,24.93,675719.96602006
2023-06-02,22,BTC-230630-22000-P,BTCUSDT,P,230630-22000,165.0,165.0,165.0,165.0,0.0,0.0,105.0,140.0,15.0,17.5,,0.56207716,121.0,0.54355383,-0.06486293,3.119e-05,9.45111576,-9.38299176,24.93,679625.85438
2023-06-02,1,BTC-230630-22000-P,BTCUSDT,P,230630-22000,165.0,165.0,165.0,165.0,0.0,0.0,120.0,165.0,15.0,17.71,,0.5439049,141.0,0.52284062,-0.07623127,3.676e-05,10.68798663,-9.8904624,24.93,668315.97207989
2023-06-02,18,BTC-230630-22000-P,BTCUSDT,P,230630-22000,165.0,165.0,165.0,165.0,0.0,0.0,120.0,140.0,15.0,5.71,,0.5553633,129.0,0.54518759,-0.06819119,3.231e-05,9.82837493,-9.72763537,24.93,677389.37300011
2023-06-02,5,BTC-230630-22000-P,BTCUSDT,P,230630-22000,165.0,165.0,165.0,165.0,0.0,0.0,125.0,145.0,6.0,5.0,,0.55210412,134.0,0.54223716,-0.07021381,3.295e-05,10.1362023,-9.78556079,24.93,676770.30015997
2023-06-02,15,BTC-230630-22000-P,BTCUSDT,P,230630-22000,165.0,165.0,165.0,165.0,0.0,0.0,120.0,150.0,15.0,15.0,,0.55708826,134.0,0.54222465,-0.07070884,3.345e-05,10.09464507,-9.89198143,24.93,675597.68714003
2023-06-02,23,BTC-230630-22000-P,BTCUSDT,P,230630-22000,165.0,165.0,165.0,165.0,0.0,0.0,105.0,140.0,15.0,17.5,,0.56102693,121.0,0.5425185,-0.06506106,3.137e-05,9.45897936,-9.38719955,24.93,679057.19554006
2023-06-03,3,BTC-230630-22000-P,BTCUSDT,P,230630-22000,165.0,165.0,165.0,165.0,0.0,0.0,105.0,125.0,15.0,2.5,,0.54061949,114.0,0.529778,-0.0635402,3.175e-05,9.22484749,-8.99469792,24.93,676715.28071548
2023-06-03,11,BTC-230630-22000-P,BTCUSDT,P,230630-22000,165.0,165.0,165.0,165.0,0.0,0.0,105.0,125.0,15.0,21.1,,0.54320753,114.0,0.53230762,-0.06364193,3.185e-05,9.1758371,-9.101303,24.93,676378.43379989
2023-06-03,19,BTC-230630-22000-P,BTCUSDT,P,230630-22000,165.0,165.0,165.0,165.0,0.0,0.0,95.0,120.0,2.5,2.5,,0.53879082,107.0,0.52464068,-0.06122505,3.159e-05,8.83585542,-8.74650409,24.93,675421.74782011
2023-06-03,6,BTC-230630-22000-P,BTCUSDT,P,230630-22000,165.0,165.0,165.0,165.0,0.0,0.0,100.0,125.0,2.5,21.4,,0.5444926,112.0,0.53071022,-0.06226195,3.123e-05,9.07158248,-8.90178024,24.93,677592.86827994
2023-06-03,7,BTC-230630-22000-P,BTCUSDT,P,230630-22000,165.0,165.0,165.0,165.0,0.0,0.0,95.0,140.0,15.0,18.51,,0.55970192,116.0,0.53533226,-0.06382383,3.16e-05,9.2389716,-9.15910639,24.93,677452.58439997
2023-06-03,2,BTC-230630-22000-P,BTCUSDT,P,230630-22000,165.0,165.0,165.0,165.0,0.0,0.0,105.0,125.0,15.0,19.77,,0.54070294,114.0,0.52986354,-0.06347317,3.169e-05,9.22676737,-8.9842429,24.93,676824.03816008
2023-06-03,17,BTC-230630-22000-P,BTCUSDT,P,230630-22000,165.0,165.0,165.0,165.0,0.0,0.0,95.0,120.0,17.5,2.5,,0.54255545,107.0,0.52835345,-0.06062804,3.101e-05,8.80350371,-8.74863866,24.93,677294.43401992
2023-06-03,4,BTC-230630-22000-P,BTCUSDT,P,230630-22000,165.0,165.0,165.0,165.0,0.0,0.0,105.0,130.0,15.0,2.5,,0.54741323,117.0,0.53396821,-0.06421085,3.177e-05,9.29933431,-9.15307771,24.93,677113.09874011
2023-06-03,14,BTC-230630-22000-P,BTCUSDT,P,230630-22000,165.0,165.0,165.0,165.0,0.0,0.0,100.0,125.0,17.5,21.1,,0.54735601,112.0,0.53349584,-0.0623305,3.13e-05,9.02075849,-9.00942604,24.93,677436.36327989
2023-06-03,22,BTC-230630-22000-P,BTCUSDT,P,230630-22000,165.0,165.0,165.0,165.0,0.0,0.0,95.0,120.0,2.5,2.5,,0.53831756,107.0,0.52416205,-0.06145262,3.182e-05,8.8325048,-8.7766101,24.93,674919.20333992
2023-06-03,8,BTC-230630-22000-P,BTCUSDT,P,230630-22000,165.0,165.0,165.0,165.0,0.0,0.0,95.0,120.0,17.5,2.5,,0.53770483,107.0,0.52361906,-0.06076582,3.114e-05,8.87613384,-8.62017093,24.93,676786.48803989
2023-06-03,13,BTC-230630-22000-P,BTCUSDT,P,230630-22000,165.0,165.0,165.0,165.0,0.0,0.0,100.0,125.0,17.5,21.1,,0.54657519,112.0,0.53273171,-0.06237676,3.134e-05,9.03134058,-8.99304569,24.93,677240.96748008
2023-06-03,21,BTC-230630-22000-P,BTCUSDT,P,230630-22000,165.0,165.0,165.0,165.0,0.0,0.0,90.0,115.0,22.92,2.5,,0.52773654,102.0,0.51332623,-0.06020015,3.203e-05,8.67658726,-8.43012843,24.93,673149.69963989
2023-06-03,12,BTC-230630-22000-P,BTCUSDT,P,230630-22000,165.0,165.0,165.0,165.0,0.0,0.0,100.0,125.0,17.5,21.1,,0.54606915,112.0,0.53223759,-0.0623875,3.135e-05,9.03919975,-8.97853774,24.93,677267.76446011
2023-06-03,0,BTC-230630-22000-P,BTCUSDT,P,230630-22000,165.0,165.0,165.0,165.0,0.0,0.0,105.0,140.0,15.0,17.5,,0.55603921,121.0,0.53762525,-0.06579412,3.205e-05,9.50733921,-9.36436669,24.93,677240.30821994
2023-06-03,16,BTC-230630-22000-P,BTCUSDT,P,230630-22000,165.0,165.0,165.0,165.0,0.0,0.0,95.0,120.0,17.5,2.5,,0.54815352,107.0,0.53386569,-0.05986136,3.026e-05,8.75081325,-8.77325244,24.93,679408.04927992
2023-06-03,20,BTC-230630-22000-P,BTCUSDT,P,230630-22000,165.0,165.0,165.0,165.0,0.0,0.0,90.0,120.0,17.5,2.5,,0.53697407,104.0,0.51980555,-0.06052707,3.167e-05,8.73985234,-8.58523799,24.93,674741.78484008
2023-06-03,1,BTC-230630-22000-P,BTCUSDT,P,230630-22000,165.0,165.0,165.0,165.0,0.0,0.0,105.0,140.0,15.0,17.5,,0.5540365,121.0,0.53565681,-0.06612655,3.236e-05,9.52520084,-9.36190188,24.93,676279.57250003
2023-06-03,9,BTC-230630-22000-P,BTCUSDT,P,230630-22000,165.0,165.0,165.0,165.0,0.0,0.0,100.0,130.0,17.5,2.5,,0.54893374,114.0,0.53256214,-0.06336005,3.165e-05,9.16508626,-9.06682815,24.93,676896.22989989
2023-06-03,18,BTC-230630-22000-P,BTCUSDT,P,230630-22000,165.0,165.0,165.0,165.0,0.0,0.0,95.0,125.0,15.0,18.6,,0.54723501,109.0,0.5303821,-0.06161591,3.133e-05,8.90346749,-8.89589131,24.93,676803.98335994
2023-06-03,15,BTC-230630-22000-P,BTCUSDT,P,230630-22000,165.0,165.0,165.0,165.0,0.0,0.0,100.0,120.0,15.0,2.5,,0.55164278,109.0,0.54031223,-0.06030649,2.999e-05,8.82688245,-8.94237827,24.93,680828.91524011
2023-06-03,5,BTC-230630-22000-P,BTCUSDT,P,230630-22000,165.0,165.0,165.0,165.0,0.0,0.0,105.0,130.0,15.0,2.5,,0.54760635,117.0,0.53415477,-0.06424133,3.18e-05,9.29450755,-9.16560636,24.93,676991.88908011
2023-06-03,10,BTC-230630-22000-P,BTCUSDT,P,230630-22000,165.0,165.0,165.0,165.0,0.0,0.0,105.0,125.0,15.0,21.1,,0.54345548,114.0,0.53255618,-0.06355225,3.177e-05,9.17611487,-9.09171078,24.93,676638.08252011
2023-06-03,23,BTC-230630-22000-P,BTCUSDT,P,230630-22000,165.0,165.0,165.0,165.0,0.0,0.0,95.0,120.0,2.5,2.5,,0.53860486,107.0,0.52444041,-0.06147072,3.184e-05,8.82691809,-8.7896022,24.93,674926.08401992
2023-06-04,2,BTC-230630-22000-P,BTCUSDT,P,230630-22000,165.0,165.0,165.0,165.0,0.0,0.0,90.0,115.0,22.35,2.5,,0.53593338,102.0,0.52136362,-0.05941621,3.123e-05,8.58139977,-8.53550583,24.93,675073.13778
2023-06-04,14,BTC-230630-22000-P,BTCUSDT,P,230630-22000,165.0,165.0,165.0,165.0,0.0,0.0,95.0,120.0,17.5,2.5,,0.55693984,107.0,0.54241419,-0.05997317,3.037e-05,8.60740783,-9.08028142,24.93,679038.68085997
2023-06-04,11,BTC-230630-22000-P,BTCUSDT,P,230630-22000,165.0,165.0,165.0,165.0,0.0,0.0,95.0,110.0,15.0,2.5,,0.54170787,102.0,0.5328393,-0.05856922,3.032e-05,8.4575309,-8.7222635,24.93,677979.96470011
2023-06-04,3,BTC-230630-22000-P,BTCUSDT,P,230630-22000,165.0,165.0,165.0,165.0,0.0,0.0,95.0,120.0,2.5,2.5,,0.53978145,107.0,0.52558064,-0.06154069,3.191e-05,8.80430497,-8.84210873,24.93,674665.3827
2023-06-04,6,BTC-230630-22000-P,BTCUSDT,P,230630-22000,165.0,165.0,165.0,165.0,0.0,0.0,90.0,115.0,17.5,2.5,,0.54020226,102.0,0.52554309,-0.0590938,3.091e-05,8.52904501,-8.60616712,24.93,676255.44026003
2023-06-04,7,BTC-230630-22000-P,BTCUSDT,P,230630-22000,165.0,165.0,165.0,165.0,0.0,0.0,95.0,115.0,15.0,2.5,,0.54224789,104.0,0.53064167,-0.05987128,3.093e-05,8.61725146,-8.79359753,24.93,677048.81258003
2023-06-04,17,BTC-230630-22000-P,BTCUSDT,P,230630-22000,165.0,165.0,165.0,165.0,0.0,0.0,95.0,120.0,17.5,2.5,,0.55413663,107.0,0.53964227,-0.06049238,3.088e-05,8.62601419,-9.09764132,24.93,677651.79172006
2023-06-04,8,BTC-230630-22000-P,BTCUSDT,P,230630-22000,165.0,165.0,165.0,165.0,0.0,0.0,95.0,115.0,18.53,2.5,,0.54271281,104.0,0.53109705,-0.0598676,3.092e-05,8.61006517,-8.80791558,24.93,676794.83127997
2023-06-04,19,BTC-230630-22000-P,BTCUSDT,P,230630-22000,165.0,165.0,165.0,165.0,0.0,0.0,95.0,120.0,17.5,2.5,,0.55755734,107.0,0.54299921,-0.06017821,3.057e-05,8.5880711,-9.14374818,24.93,678406.46753575
2023-06-04,4,BTC-230630-22000-P,BTCUSDT,P,230630-22000,165.0,165.0,165.0,165.0,0.0,0.0,90.0,115.0,17.5,2.5,,0.53427637,102.0,0.51972568,-0.05973614,3.156e-05,8.59258642,-8.54695477,24.93,674470.19187989
2023-06-04,0,BTC-230630-22000-P,BTCUSDT,P,230630-22000,165.0,165.0,165.0,165.0,0.0,0.0,95.0,120.0,2.5,2.5,,0.53452551,107.0,0.52042246,-0.06206342,3.243e-05,8.86541044,-8.77418067,24.93,673552.04768011
2023-06-04,16,BTC-230630-22000-P,BTCUSDT,P,230630-22000,165.0,165.0,165.0,165.0,0.0,0.0,95.0,120.0,17.5,2.5,,0.55313408,107.0,0.53866059,-0.06056165,3.094e-05,8.63830801,-9.07924673,24.93,677393.02939994
2023-06-04,15,BTC-230630-22000-P,BTCUSDT,P,230630-22000,165.0,165.0,165.0,165.0,0.0,0.0,95.0,120.0,17.5,2.5,,0.55363476,107.0,0.53915739,-0.0604423,3.083e-05,8.63623364,-9.07068915,24.93,677920.78642006
2023-06-04,9,BTC-230630-22000-P,BTCUSDT,P,230630-22000,165.0,165.0,165.0,165.0,0.0,0.0,95.0,115.0,21.0,2.5,,0.54775238,104.0,0.53606659,-0.05929029,3.036e-05,8.55864444,-8.85144946,24.93,678387.48156
2023-06-04,12,BTC-230630-22000-P,BTCUSDT,P,230630-22000,165.0,165.0,165.0,165.0,0.0,0.0,95.0,115.0,15.0,2.5,,0.54864049,104.0,0.53693205,-0.05934462,3.041e-05,8.54216052,-8.89154968,24.93,678322.1151
2023-06-04,13,BTC-230630-22000-P,BTCUSDT,P,230630-22000,165.0,165.0,165.0,165.0,0.0,0.0,95.0,110.0,17.5,17.65,,0.54614007,102.0,0.53722143,-0.05813158,2.989e-05,8.40998089,-8.77285032,24.93,679620.51382006
2023-06-04,21,BTC-230630-22000-P,BTCUSDT,P,230630-22000,165.0,165.0,165.0,165.0,0.0,0.0,100.0,120.0,15.0,2.5,,0.55718243,109.0,0.54567516,-0.06128751,3.093e-05,8.69161585,-9.33009186,24.93,677968.94009992
2023-06-04,22,BTC-230630-22000-P,BTCUSDT,P,230630-22000,165.0,165.0,165.0,165.0,0.0,0.0,105.0,125.0,15.0,20.58,,0.56600511,114.0,0.55470645,-0.06268719,3.095e-05,8.85206049,-9.67545388,24.93,679205.17448011
2023-06-04,20,BTC-230630-22000-P,BTCUSDT,P,230630-22000,165.0,165.0,165.0,165.0,0.0,0.0,95.0,120.0,20.73,2.5,,0.5602628,107.0,0.54565638,-0.0598997,3.03e-05,8.55986348,-9.17330675,24.93,679049.89896433
2023-06-04,1,BTC-230630-22000-P,BTCUSDT,P,230630-22000,165.0,165.0,165.0,165.0,0.0,0.0,95.0,120.0,2.5,2.5,,0.53752244,107.0,0.52336663,-0.0617244,3.209e-05,8.83240938,-8.80492628,24.93,674180.73796006
2023-06-04,10,BTC-230630-22000-P,BTCUSDT,P,230630-22000,165.0,165.0,165.0,165.0,0.0,0.0,95.0,115.0,15.0,2.5,,0.54857612,104.0,0.53687602,-0.05924269,3.031e-05,8.54809001,-8.86814012,24.93,678616.07303992
2023-06-04,23,BTC-230630-22000-P,BTCUSDT,P,230630-22000,165.0,165.0,165.0,165.0,0.0,0.0,105.0,125.0,15.0,2.5,,0.55817246,114.0,0.5469653,-0.0637575,3.196e-05,8.9242432,-9.63404435,24.93,676071.60644003
2023-06-04,18,BTC-230630-22000-P,BTCUSDT,P,230630-22000,165.0,165.0,165.0,165.0,0.0,0.0,95.0,120.0,17.5,2.5,,0.55577457,107.0,0.54124951,-0.06034372,3.073e-05,8.607677,-9.12019356,24.93,677930.89691992
2023-06-04,5,BTC-230630-22000-P,BTCUSDT,P,230630-22000,165.0,165.0,165.0,165.0,0.0,0.0,95.0,120.0,2.5,2.5,,0.53895235,107.0,0.52475601,-0.06176166,3.213e-05,8.80717275,-8.85932553,24.93,674055.58382011
2023-06-05,6,BTC-230630-22000-P,BTCUSDT,P,230630-22000,165.0,165.0,165.0,165.0,0.0,0.0,105.0,130.0,23.5,2.5,,0.54059446,117.0,0.52703768,-0.06816512,3.56e-05,9.22269328,-9.70523386,24.93,667373.82068575
2023-06-05,3,BTC-230630-22000-P,BTCUSDT,P,230630-22000,165.0,165.0,165.0,165.0,0.0,0.0,105.0,135.0,21.0,19.35,,0.55015445,119.0,0.53397924,-0.06820272,3.496e-05,9.27635429,-9.84114896,24.93,669214.56008003
2023-06-05,13,BTC-230630-22000-P,BTCUSDT,P,230630-22000,165.0,165.0,165.0,165.0,0.0,0.0,100.0,115.0,6.0,2.5,,0.52511811,107.0,0.51660568,-0.06486267,3.52e-05,8.81134198,-9.19593362,24.93,666371.03319989
2023-06-05,21,BTC-230630-22000-P,BTCUSDT,P,230630-22000,165.0,165.0,165.0,165.0,0.0,0.0,140.0,170.0,15.0,17.9,,0.49535215,154.0,0.48221767,-0.0973755,5.378e-05,11.42338142,-11.28031486,24.93,639940.95632003
2023-06-05,12,BTC-230630-22000-P,BTCUSDT,P,230630-22000,165.0,165.0,165.0,165.0,0.0,0.0,105.0,120.0,21.0,2.5,,0.5271548,112.0,0.51886559,-0.06718171,3.604e-05,9.04872783,-9.4690513,24.93,665290.16257994
2023-06-05,15,BTC-230630-22000-P,BTCUSDT,P,230630-22000,165.0,165.0,165.0,165.0,0.0,0.0,120.0,170.0,4.57,15.0,,0.52431703,144.0,0.50103158,-0.08731761,4.682e-05,10.74503103,-10.91269727,24.93,651280.86542003
2023-06-05,23,BTC-230630-22000-P,BTCUSDT,P,230630-22000,165.0,165.0,165.0,165.0,0.0,0.0,140.0,170.0,15.0,17.9,,0.50215185,154.0,0.4889065,-0.09614292,5.25e-05,11.32801805,-11.38014874,24.93,641973.94242008
2023-06-05,4,BTC-230630-22000-P,BTCUSDT,P,230630-22000,165.0,165.0,165.0,165.0,0.0,0.0,105.0,125.0,21.0,2.5,,0.53978086,114.0,0.52878052,-0.06654491,3.468e-05,9.09191962,-9.56741844,24.93,669175.89088006
2023-06-05,18,BTC-230630-22000-P,BTCUSDT,P,230630-22000,165.0,165.0,165.0,165.0,0.0,0.0,140.0,180.0,21.0,24.76,,0.4935056,159.0,0.47642827,-0.10101378,5.599e-05,11.71743231,-11.37354169,24.93,637123.21814003
2023-06-05,19,BTC-230630-22000-P,BTCUSDT,P,230630-22000,165.0,165.0,165.0,165.0,0.0,0.0,150.0,180.0,15.0,18.91,,0.49948275,164.0,0.48676074,-0.10169335,5.498e-05,11.79398261,-11.71601007,24.93,638452.43034008
2023-06-05,1,BTC-230630-22000-P,BTCUSDT,P,230630-22000,165.0,165.0,165.0,165.0,0.0,0.0,105.0,120.0,15.0,2.5,,0.54852545,112.0,0.54006577,-0.06357401,3.244e-05,8.86629696,-9.48194309,24.93,674301.83681992
2023-06-05,14,BTC-230630-22000-P,BTCUSDT,P,230630-22000,165.0,165.0,165.0,165.0,0.0,0.0,95.0,110.0,6.0,2.5,,0.52523315,102.0,0.51645577,-0.06221444,3.403e-05,8.54549204,-8.93092736,24.93,668170.15928011
2023-06-05,0,BTC-230630-22000-P,BTCUSDT,P,230630-22000,165.0,165.0,165.0,165.0,0.0,0.0,105.0,125.0,15.0,22.56,,0.55173635,114.0,0.54060429,-0.0646684,3.284e-05,8.98419634,-9.60176519,24.93,673903.57729994
2023-06-05,16,BTC-230630-22000-P,BTCUSDT,P,230630-22000,165.0,165.0,165.0,165.0,0.0,0.0,140.0,170.0,21.0,18.84,,0.50528347,154.0,0.49202681,-0.09489594,5.122e-05,11.3181678,-11.30728799,24.93,642725.37139994
2023-06-05,11,BTC-230630-22000-P,BTCUSDT,P,230630-22000,165.0,165.0,165.0,165.0,0.0,0.0,105.0,120.0,21.0,2.5,,0.53294122,112.0,0.52460015,-0.06630149,3.514e-05,8.99239645,-9.49814156,24.93,667687.93551989
2023-06-05,20,BTC-230630-22000-P,BTCUSDT,P,230630-22000,165.0,165.0,165.0,165.0,0.0,0.0,140.0,180.0,15.0,15.0,,0.50054073,159.0,0.48331559,-0.09968076,5.46e-05,11.61667212,-11.47771595,24.93,638865.76024275
2023-06-05,9,BTC-230630-22000-P,BTCUSDT,P,230630-22000,165.0,165.0,165.0,165.0,0.0,0.0,105.0,120.0,21.0,2.5,,0.5322808,112.0,0.52395165,-0.06626912,3.511e-05,9.00511361,-9.46804402,24.93,667523.82410011
2023-06-05,8,BTC-230630-22000-P,BTCUSDT,P,230630-22000,165.0,165.0,165.0,165.0,0.0,0.0,105.0,125.0,21.0,2.5,,0.53877592,114.0,0.5277732,-0.06693585,3.507e-05,9.0901036,-9.61104011,24.93,668117.00297992
2023-06-05,10,BTC-230630-22000-P,BTCUSDT,P,230630-22000,165.0,165.0,165.0,165.0,0.0,0.0,105.0,125.0,21.0,2.5,,0.5335772,114.0,0.52263111,-0.06779781,3.594e-05,9.13725527,-9.59881735,24.93,666411.87408008
2023-06-05,17,BTC-230630-22000-P,BTCUSDT,P,230630-22000,165.0,165.0,165.0,165.0,0.0,0.0,140.0,170.0,21.13,20.19,,0.50187528,154.0,0.48866391,-0.0956748,5.201e-05,11.35702344,-11.28765739,24.93,642100.77517994
2023-06-05,7,BTC-230630-22000-P,BTCUSDT,P,230630-22000,165.0,165.0,165.0,165.0,0.0,0.0,105.0,125.0,15.0,2.5,,0.54065526,114.0,0.52963316,-0.06661052,3.475e-05,9.07404159,-9.61182227,24.93,668855.48775008
2023-06-05,22,BTC-230630-22000-P,BTCUSDT,P,230630-22000,165.0,165.0,165.0,165.0,0.0,0.0,140.0,170.0,15.0,17.9,,0.50013542,154.0,0.48692495,-0.09646948,5.283e-05,11.35786184,-11.34445875,24.93,641035.19495992
2023-06-05,5,BTC-230630-22000-P,BTCUSDT,P,230630-22000,165.0,165.0,165.0,165.0,0.0,0.0,105.0,125.0,21.0,2.5,,0.53871095,114.0,0.52771986,-0.06675652,3.489e-05,9.09978539,-9.57236255,24.93,668340.22026433
2023-06-05,2,BTC-230630-22000-P,BTCUSDT,P,230630-22000,165.0,165.0,165.0,165.0,0.0,0.0,105.0,125.0,21.0,18.66,,0.54560602,114.0,0.53454161,-0.06561797,3.376e-05,9.03914243,-9.58372662,24.93,671229.79047989
2023-06-06,6,BTC-230630-22000-P,BTCUSDT,P,230630-22000,165.0,165.0,165.0,165.0,0.0,0.0,140.0,170.0,23.5,27.81,,0.50856769,154.0,0.49519241,-0.0954591,5.179e-05,11.21795791,-11.55295304,24.93,642438.10023997
2023-06-06,3,BTC-230630-22000-P,BTCUSDT,P,230630-22000,165.0,165.0,165.0,165.0,0.0,0.0,140.0,170.0,15.0,17.59,,0.50393999,154.0,0.49064815,-0.09613088,5.248e-05,11.28842229,-11.45925148,24.93,641568.82992008
2023-06-06,13,BTC-230630-22000-P,BTCUSDT,P,230630-22000,165.0,205.0,165.0,205.0,3.14,3.14,165.0,185.0,21.14,0.14,,0.52167714,174.0,0.51318496,-0.10304087,5.324e-05,11.77657035,-12.72327557,28.07,722379.19192457
2023-06-06,21,BTC-230630-22000-P,BTCUSDT,P,230630-22000,165.0,205.0,165.0,205.0,3.14,3.14,80.0,90.0,15.0,2.5,,0.53360283,84.0,0.52684546,-0.05297417,2.991e-05,7.39997781,-8.32450409,28.07,758875.96186886
2023-06-06,12,BTC-230630-22000-P,BTCUSDT,P,230630-22000,165.0,165.0,165.0,165.0,0.0,0.0,175.0,185.0,2.5,0.12,,0.50286293,179.0,0.49875051,-0.10877511,5.737e-05,12.15919192,-12.74479281,24.93,635983.23572011
2023-06-06,15,BTC-230630-22000-P,BTCUSDT,P,230630-22000,165.0,205.0,165.0,205.0,3.14,3.14,130.0,145.0,15.0,25.85,,0.51514924,137.0,0.50784856,-0.08440259,4.592e-05,10.27382106,-11.02297211,28.07,731419.93386
2023-06-06,23,BTC-230630-22000-P,BTCUSDT,P,230630-22000,165.0,205.0,165.0,205.0,3.14,3.14,80.0,100.0,17.5,2.5,,0.55995166,89.0,0.5466032,-0.05349954,2.892e-05,7.49243102,-8.77582448,28.07,764346.43684
2023-06-06,4,BTC-230630-22000-P,BTCUSDT,P,230630-22000,165.0,165.0,165.0,165.0,0.0,0.0,140.0,165.0,15.0,2.5,,0.50583005,152.0,0.49459815,-0.09409715,5.116e-05,11.13131393,-11.41041376,24.93,643189.39071997
2023-06-06,18,BTC-230630-22000-P,BTCUSDT,P,230630-22000,165.0,205.0,165.0,205.0,3.14,3.14,100.0,120.0,23.5,8.5,,0.54158151,109.0,0.53010046,-0.06611027,3.574e-05,8.71122408,-9.80776283,28.07,749567.71907114
2023-06-06,19,BTC-230630-22000-P,BTCUSDT,P,230630-22000,165.0,205.0,165.0,205.0,3.14,3.14,80.0,105.0,17.5,2.5,,0.55381358,92.0,0.53759694,-0.0555874,3.036e-05,7.70991774,-8.81877904,28.07,761714.91176657
2023-06-06,1,BTC-230630-22000-P,BTCUSDT,P,230630-22000,165.0,165.0,165.0,165.0,0.0,0.0,140.0,170.0,15.0,17.85,,0.49499452,154.0,0.48184514,-0.09780683,5.423e-05,11.41074919,-11.33651298,24.93,639177.68835989
2023-06-06,14,BTC-230630-22000-P,BTCUSDT,P,230630-22000,165.0,205.0,165.0,205.0,3.14,3.14,135.0,160.0,2.5,5.57,,0.52430689,147.0,0.51257461,-0.08876568,4.73e-05,10.65665204,-11.51984526,28.07,730031.56670886
2023-06-06,0,BTC-230630-22000-P,BTCUSDT,P,230630-22000,165.0,165.0,165.0,165.0,0.0,0.0,140.0,170.0,15.0,17.85,,0.49923539,154.0,0.48602819,-0.09683232,5.321e-05,11.36074658,-11.3652978,24.93,640505.68730011
2023-06-06,16,BTC-230630-22000-P,BTCUSDT,P,230630-22000,165.0,205.0,165.0,205.0,3.14,3.14,115.0,130.0,15.0,8.5,,0.52529275,122.0,0.5173701,-0.074704,4.066e-05,9.46729337,-10.36633262,28.07,739769.64853543
2023-06-06,11,BTC-230630-22000-P,BTCUSDT,P,230630-22000,165.0,165.0,165.0,165.0,0.0,0.0,150.0,170.0,15.0,25.69,,0.50358474,159.0,0.49482465,-0.09879128,5.356e-05,11.41731118,-11.85223267,24.93,640125.73748003
2023-06-06,20,BTC-230630-22000-P,BTCUSDT,P,230630-22000,165.0,205.0,165.0,205.0,3.14,3.14,80.0,95.0,15.0,19.85,,0.53126752,87.0,0.52138358,-0.05491982,3.12e-05,7.5889704,-8.43359708,28.07,756757.17589114
2023-06-06,9,BTC-230630-22000-P,BTCUSDT,P,230630-22000,165.0,165.0,165.0,165.0,0.0,0.0,140.0,170.0,23.5,26.32,,0.50839782,154.0,0.49500972,-0.09576027,5.21e-05,11.20720327,-11.59792028,24.93,642421.92897989
2023-06-06,8,BTC-230630-22000-P,BTCUSDT,P,230630-22000,165.0,165.0,165.0,165.0,0.0,0.0,150.0,170.0,21.0,26.32,,0.5041188,159.0,0.49536407,-0.09840566,5.316e-05,11.42393069,-11.81009127,24.93,640968.39364006
2023-06-06,10,BTC-230630-22000-P,BTCUSDT,P,230630-22000,165.0,165.0,165.0,165.0,0.0,0.0,140.0,170.0,21.0,23.82,,0.50810814,154.0,0.49471915,-0.09590826,5.225e-05,11.20648742,-11.61059941,24.93,641801.24399992
2023-06-06,17,BTC-230630-22000-P,BTCUSDT,P,230630-22000,165.0,205.0,165.0,205.0,3.14,3.14,100.0,120.0,2.5,8.5,,0.53853333,109.0,0.5270952,-0.0664644,3.611e-05,8.74411725,-9.77168895,28.07,748322.24069543
2023-06-06,7,BTC-230630-22000-P,BTCUSDT,P,230630-22000,165.0,165.0,165.0,165.0,0.0,0.0,145.0,175.0,17.5,2.5,,0.50929606,159.0,0.49614787,-0.09806181,5.286e-05,11.41159471,-11.79549102,24.93,641268.34586011
2023-06-06,22,BTC-230630-22000-P,BTCUSDT,P,230630-22000,165.0,205.0,165.0,205.0,3.14,3.14,80.0,95.0,15.0,2.5,,0.54784954,87.0,0.53776622,-0.05313691,2.929e-05,7.43897807,-8.55706764,28.07,762647.16013114
2023-06-06,5,BTC-230630-22000-P,BTCUSDT,P,230630-22000,165.0,165.0,165.0,165.0,0.0,0.0,135.0,165.0,17.5,2.5,,0.50388873,149.0,0.49033254,-0.09362051,5.151e-05,11.06818071,-11.26730239,24.93,642442.28847997
2023-06-06,2,BTC-230630-22000-P,BTCUSDT,P,230630-22000,165.0,165.0,165.0,165.0,0.0,0.0,140.0,170.0,15.0,17.59,,0.50640404,154.0,0.49308121,-0.09554163,5.188e-05,11.26185877,-11.46920823,24.93,642026.79956003
2023-06-07,6,BTC-230630-22000-P,BTCUSDT,P,230630-22000,165.0,205.0,165.0,205.0,3.14,3.14,90.0,105.0,15.0,2.5,,0.54015934,97.0,0.53081512,-0.05996742,3.328e-05,8.02697486,-9.24594037,28.07,753449.07025114
2023-06-07,3,BTC-230630-22000-P,BTCUSDT,P,230630-22000,165.0,205.0,165.0,205.0,3.14,3.14,90.0,110.0,15.0,21.8,,0.55059493,99.0,0.53823709,-0.06016416,3.272e-05,8.09319181,-9.40155512,28.07,755326.42927772
2023-06-07,13,BTC-230630-22000-P,BTCUSDT,P,230630-22000,205.0,205.0,205.0,205.0,0.0,0.0,85.0,105.0,2.5,2.5,,0.54247081,94.0,0.52977324,-0.05905885,3.317e-05,7.87673097,-9.17116291,28.07,753535.71298457
2023-06-07,21,BTC-230630-22000-P,BTCUSDT,P,230630-22000,205.0,205.0,205.0,205.0,0.0,0.0,95.0,130.0,4.5,2.5,,0.52100718,111.0,0.50159514,-0.07337179,4.283e-05,9.01970218,-10.09123368,28.07,734617.00259988
2023-06-07,12,BTC-230630-22000-P,BTCUSDT,P,230630-22000,195.0,205.0,195.0,205.0,3.14,3.14,85.0,105.0,5.72,2.5,,0.54101229,94.0,0.52834004,-0.0591776,3.33e-05,7.89264559,-9.14807268,28.07,751876.03992657
2023-06-07,15,BTC-230630-22000-P,BTCUSDT,P,230630-22000,205.0,205.0,205.0,205.0,0.0,0.0,115.0,135.0,6.74,19.41,,0.53966582,124.0,0.52900016,-0.07589295,4.113e-05,9.37769704,-10.94294279,28.07,738898.95456228
2023-06-07,23,BTC-230630-22000-P,BTCUSDT,P,230630-22000,205.0,205.0,205.0,205.0,0.0,0.0,125.0,145.0,2.5,2.5,,0.55350482,134.0,0.54314345,-0.07962661,4.186e-05,9.65249254,-11.73735536,28.07,739505.65375004
2023-06-07,4,BTC-230630-22000-P,BTCUSDT,P,230630-22000,165.0,205.0,165.0,205.0,3.14,3.14,90.0,110.0,15.0,27.8,,0.55290401,99.0,0.54050982,-0.05994034,3.248e-05,8.06955324,-9.43063911,28.07,756217.09037772
2023-06-07,18,BTC-230630-22000-P,BTCUSDT,P,230630-22000,205.0,205.0,205.0,205.0,0.0,0.0,105.0,120.0,3.13,20.43,,0.53535819,112.0,0.52683145,-0.06962867,3.858e-05,8.79653683,-10.279386,28.07,742945.21120004
2023-06-07,19,BTC-230630-22000-P,BTCUSDT,P,230630-22000,205.0,205.0,205.0,205.0,0.0,0.0,90.0,110.0,2.5,2.5,,0.52579343,99.0,0.51371217,-0.06440803,3.727e-05,8.27899019,-9.45114625,28.07,743572.08113331
2023-06-07,1,BTC-230630-22000-P,BTCUSDT,P,230630-22000,165.0,205.0,165.0,205.0,3.14,3.14,80.0,100.0,17.5,2.5,,0.55050433,89.0,0.53728849,-0.05466708,3.014e-05,7.56791501,-8.744412,28.07,760630.18092457
2023-06-07,14,BTC-230630-22000-P,BTCUSDT,P,230630-22000,205.0,205.0,205.0,205.0,0.0,0.0,100.0,135.0,6.0,17.62,,0.54736555,116.0,0.52794904,-0.07165363,3.925e-05,9.01714364,-10.48203272,28.07,741350.62578886
2023-06-07,0,BTC-230630-22000-P,BTCUSDT,P,230630-22000,165.0,205.0,165.0,205.0,3.14,3.14,80.0,100.0,15.0,2.5,,0.5578047,89.0,0.54448366,-0.05379191,2.923e-05,7.50805783,-8.7756983,28.07,763333.65252657
2023-06-07,16,BTC-230630-22000-P,BTCUSDT,P,230630-22000,205.0,205.0,205.0,205.0,0.0,0.0,115.0,135.0,2.5,2.5,,0.53887308,124.0,0.52821308,-0.0760929,4.133e-05,9.38226205,-10.95211278,28.07,739179.71070228
2023-06-07,11,BTC-230630-22000-P,BTCUSDT,P,230630-22000,195.0,205.0,195.0,205.0,3.14,3.14,75.0,110.0,4.82,19.43,,0.55274069,91.0,0.53003788,-0.0571711,3.218e-05,7.71225131,-8.95135021,28.07,753586.09551543
2023-06-07,20,BTC-230630-22000-P,BTCUSDT,P,230630-22000,205.0,205.0,205.0,205.0,0.0,0.0,95.0,120.0,2.5,20.32,,0.52733302,107.0,0.5129078,-0.06885222,3.953e-05,8.66785181,-9.89789953,28.07,740086.97676657
2023-06-07,9,BTC-230630-22000-P,BTCUSDT,P,230630-22000,195.0,205.0,195.0,205.0,3.14,3.14,95.0,115.0,2.5,8.5,,0.5273658,104.0,0.51567137,-0.06634578,3.763e-05,8.55263432,-9.62257407,28.07,743409.87217772
2023-06-07,8,BTC-230630-22000-P,BTCUSDT,P,230630-22000,195.0,205.0,195.0,205.0,3.14,3.14,85.0,105.0,2.5,8.5,,0.54013669,94.0,0.52749485,-0.05904245,3.316e-05,7.91150794,-9.08880778,28.07,752655.88690457
2023-06-07,10,BTC-230630-22000-P,BTCUSDT,P,230630-22000,195.0,205.0,195.0,205.0,3.14,3.14,90.0,110.0,2.5,17.9,,0.53003013,99.0,0.5179283,-0.0632488,3.6e-05,8.26475632,-9.35639135,28.07,746503.97837543
2023-06-07,17,BTC-230630-22000-P,BTCUSDT,P,230630-22000,205.0,205.0,205.0,205.0,0.0,0.0,100.0,125.0,2.5,2.5,,0.5432862,112.0,0.5290252,-0.06912099,3.812e-05,8.76743325,-10.26905696,28.07,744513.34175004
2023-06-07,7,BTC-230630-22000-P,BTCUSDT,P,230630-22000,165.0,205.0,165.0,205.0,3.14,3.14,85.0,110.0,17.5,21.8,,0.5439043,97.0,0.52834004,-0.06019771,3.361e-05,8.03327836,-9.22674018,28.07,752521.41289114
2023-06-07,22,BTC-230630-22000-P,BTCUSDT,P,230630-22000,205.0,205.0,205.0,205.0,0.0,0.0,115.0,140.0,2.5,2.5,,0.542171,127.0,0.52895874,-0.07774624,4.228e-05,9.46307151,-11.18563525,28.07,737631.25944992
2023-06-07,5,BTC-230630-22000-P,BTCUSDT,P,230630-22000,165.0,205.0,165.0,205.0,3.14,3.14,90.0,105.0,15.0,2.5,,0.54578424,97.0,0.53638309,-0.05920917,3.248e-05,7.97859841,-9.26985518,28.07,755567.98722228
2023-06-07,2,BTC-230630-22000-P,BTCUSDT,P,230630-22000,165.0,205.0,165.0,205.0,3.14,3.14,90.0,110.0,15.0,20.66,,0.55286705,99.0,0.54048181,-0.05982257,3.236e-05,8.07545039,-9.40315655,28.07,756786.23769772
2023-06-08,6,BTC-230630-22000-P,BTCUSDT,P,230630-22000,205.0,205.0,205.0,205.0,0.0,0.0,105.0,125.0,8.5,2.5,,0.543378,114.0,0.53204119,-0.07107024,3.931e-05,8.82209142,-10.64736538,28.07,741980.97818457
2023-06-08,3,BTC-230630-22000-P,BTCUSDT,P,230630-22000,205.0,205.0,205.0,205.0,0.0,0.0,115.0,135.0,2.5,20.57,,0.54549754,124.0,0.53471535,-0.07592658,4.116e-05,9.27588375,-11.18786815,28.07,739387.44741543
2023-06-08,13,BTC-230630-22000-P,BTCUSDT,P,230630-22000,205.0,205.0,205.0,205.0,0.0,0.0,85.0,120.0,5.57,20.19,,0.53935349,101.0,0.51821887,-0.06616269,3.849e-05,8.28482444,-9.86977038,28.07,741158.35519996
2023-06-08,21,BTC-230630-22000-P,BTCUSDT,P,230630-22000,205.0,205.0,205.0,205.0,0.0,0.0,85.0,105.0,2.5,2.5,,0.53993225,94.0,0.5271247,-0.06141995,3.576e-05,7.80934717,-9.61050019,28.07,745940.66886147
2023-06-08,12,BTC-230630-22000-P,BTCUSDT,P,230630-22000,205.0,205.0,205.0,205.0,0.0,0.0,100.0,120.0,8.5,22.69,,0.54464877,109.0,0.53295076,-0.06858966,3.834e-05,8.54995442,-10.45514863,28.07,744130.7738691
2023-06-08,15,BTC-230630-22000-P,BTCUSDT,P,230630-22000,205.0,205.0,205.0,205.0,0.0,0.0,95.0,110.0,6.0,2.5,,0.55471957,102.0,0.54540932,-0.06299264,3.484e-05,8.05653502,-10.14024681,28.07,750171.50573086
2023-06-08,23,BTC-230630-22000-P,BTCUSDT,P,230630-22000,205.0,205.0,205.0,205.0,0.0,0.0,80.0,105.0,2.5,2.5,,0.53512275,92.0,0.51895797,-0.06104088,3.631e-05,7.73518031,-9.40835464,28.07,743859.75339233
2023-06-08,4,BTC-230630-22000-P,BTCUSDT,P,230630-22000,205.0,205.0,205.0,205.0,0.0,0.0,110.0,135.0,2.5,23.18,,0.55075407,122.0,0.53705722,-0.07422769,4.023e-05,9.12843884,-11.07907088,28.07,741125.36715772
2023-06-08,18,BTC-230630-22000-P,BTCUSDT,P,230630-22000,205.0,205.0,205.0,205.0,0.0,0.0,85.0,110.0,2.5,2.5,,0.54257333,97.0,0.52683711,-0.06262954,3.625e-05,7.94553452,-9.71605463,28.07,745291.15373837
2023-06-08,19,BTC-230630-22000-P,BTCUSDT,P,230630-22000,205.0,205.0,205.0,205.0,0.0,0.0,85.0,105.0,2.5,2.5,,0.53637445,94.0,0.52362859,-0.06174099,3.611e-05,7.84713736,-9.55577507,28.07,745076.17455372
2023-06-08,1,BTC-230630-22000-P,BTCUSDT,P,230630-22000,205.0,205.0,205.0,205.0,0.0,0.0,115.0,140.0,2.5,2.5,,0.55802166,127.0,0.5445677,-0.07554219,4.003e-05,9.29311731,-11.37242455,28.07,742156.49098347
2023-06-08,14,BTC-230630-22000-P,BTCUSDT,P,230630-22000,205.0,205.0,205.0,205.0,0.0,0.0,95.0,115.0,2.5,2.5,,0.55385053,104.0,0.5416736,-0.06474266,3.591e-05,8.2137808,-10.24764495,28.07,747582.92117698
2023-06-08,0,BTC-230630-22000-P,BTCUSDT,P,230630-22000,205.0,205.0,205.0,205.0,0.0,0.0,125.0,150.0,2.5,21.03,,0.56308925,137.0,0.55017471,-0.0798436,4.137e-05,9.68127465,-11.94704241,28.07,740782.58478335
2023-06-08,16,BTC-230630-22000-P,BTCUSDT,P,230630-22000,205.0,205.0,205.0,205.0,0.0,0.0,100.0,115.0,6.0,2.5,,0.54312527,107.0,0.53420246,-0.06735286,3.783e-05,8.406445,-10.38321657,28.07,743651.31050759
2023-06-08,11,BTC-230630-22000-P,BTCUSDT,P,230630-22000,205.0,205.0,205.0,205.0,0.0,0.0,105.0,125.0,6.0,2.5,,0.54638624,114.0,0.53499013,-0.07100954,3.925e-05,8.77624861,-10.75237537,28.07,742065.87434
2023-06-08,20,BTC-230630-22000-P,BTCUSDT,P,230630-22000,205.0,205.0,205.0,205.0,0.0,0.0,80.0,100.0,2.5,2.5,,0.53858161,89.0,0.52534789,-0.0586437,3.448e-05,7.55799445,-9.25182357,28.07,748013.22193853
2023-06-08,9,BTC-230630-22000-P,BTCUSDT,P,230630-22000,205.0,205.0,205.0,205.0,0.0,0.0,100.0,120.0,8.5,19.76,,0.53608358,109.0,0.52451015,-0.06958404,3.941e-05,8.64184183,-10.3408319,28.07,740857.19885343
2023-06-08,8,BTC-230630-22000-P,BTCUSDT,P,230630-22000,205.0,205.0,205.0,205.0,0.0,0.0,105.0,120.0,6.0,22.12,,0.54013669,112.0,0.53151906,-0.06995478,3.893e-05,8.70396987,-10.53432275,28.07,742315.48525543
2023-06-08,10,BTC-230630-22000-P,BTCUSDT,P,230630-22000,205.0,205.0,205.0,205.0,0.0,0.0,100.0,115.0,6.0,2.5,,0.53886712,107.0,0.53000689,-0.06751169,3.8e-05,8.46575408,-10.25578418,28.07,743452.96274657
2023-06-08,17,BTC-230630-22000-P,BTCUSDT,P,230630-22000,205.0,205.0,205.0,205.0,0.0,0.0,100.0,115.0,6.0,2.5,,0.54251194,107.0,0.53359181,-0.06750938,3.8e-05,8.40896771,-10.39448772,28.07,743292.82576147
2023-06-08,7,BTC-230630-22000-P,BTCUSDT,P,230630-22000,205.0,205.0,205.0,205.0,0.0,0.0,100.0,120.0,2.5,2.5,,0.5398196,109.0,0.52820623,-0.06890621,3.868e-05,8.61225506,-10.33873722,28.07,742268.52726457
2023-06-08,22,BTC-230630-22000-P,BTCUSDT,P,230630-22000,205.0,205.0,205.0,205.0,0.0,0.0,85.0,105.0,2.5,2.5,,0.53816974,94.0,0.52538335,-0.06171164,3.608e-05,7.82223279,-9.61326004,28.07,745158.37646914
2023-06-08,5,BTC-230630-22000-P,BTCUSDT,P,230630-22000,205.0,205.0,205.0,205.0,0.0,0.0,110.0,130.0,6.0,2.5,,0.54418266,119.0,0.53313404,-0.07359199,4.033e-05,9.05252986,-10.92726064,28.07,740402.21534228
2023-06-08,2,BTC-230630-22000-P,BTCUSDT,P,230630-22000,205.0,205.0,205.0,205.0,0.0,0.0,110.0,135.0,2.5,2.5,,0.54846227,122.0,0.53480983,-0.07441615,4.043e-05,9.15804397,-11.02695718,28.07,740541.71076657
2023-06-09,6,BTC-230630-22000-P,BTCUSDT,P,230630-22000,205.0,205.0,205.0,205.0,0.0,0.0,85.0,100.0,6.13,2.5,,0.5321461,92.0,0.52240252,-0.06122204,3.642e-05,7.6981192,-9.55607452,28.07,743695.17990779
2023-06-09,3,BTC-230630-22000-P,BTCUSDT,P,230630-22000,205.0,205.0,205.0,205.0,0.0,0.0,85.0,105.0,8.5,2.5,,0.53595722,94.0,0.52317947,-0.06233451,3.678e-05,7.82746316,-9.67362,28.07,743629.57013849
2023-06-09,13,BTC-230630-22000-P,BTCUSDT,P,230630-22000,205.0,205.0,205.0,205.0,0.0,0.0,75.0,95.0,15.0,21.27,,0.54087341,84.0,0.5270195,-0.05653005,3.396e-05,7.21942915,-9.16813934,28.07,748167.63161543
2023-06-09,21,BTC-230630-22000-P,BTCUSDT,P,230630-22000,205.0,205.0,205.0,205.0,0.0,0.0,80.0,100.0,2.5,2.5,,0.53904474,89.0,0.52567899,-0.0602386,3.63e-05,7.48339652,-9.63394803,28.07,743293.70304188
2023-06-09,12,BTC-230630-22000-P,BTCUSDT,P,230630-22000,205.0,205.0,205.0,205.0,0.0,0.0,75.0,90.0,15.0,2.5,,0.53635776,82.0,0.52579224,-0.05518281,3.333e-05,7.0993735,-8.97665753,28.07,748676.69186143
2023-06-09,15,BTC-230630-22000-P,BTCUSDT,P,230630-22000,205.0,205.0,205.0,205.0,0.0,0.0,80.0,100.0,2.5,2.5,,0.53585231,89.0,0.52256674,-0.06022887,3.629e-05,7.52839436,-9.51795064,28.07,743039.5171462
2023-06-09,23,BTC-230630-22000-P,BTCUSDT,P,230630-22000,205.0,205.0,205.0,205.0,0.0,0.0,75.0,95.0,17.5,2.5,,0.53373158,84.0,0.51994026,-0.05803004,3.571e-05,7.25250942,-9.27262984,28.07,743268.65163074
2023-06-09,4,BTC-230630-22000-P,BTCUSDT,P,230630-22000,205.0,205.0,205.0,205.0,0.0,0.0,85.0,105.0,6.0,2.5,,0.53698361,94.0,0.5241859,-0.06227029,3.671e-05,7.81528768,-9.69623983,28.07,743784.27593845
2023-06-09,18,BTC-230630-22000-P,BTCUSDT,P,230630-22000,205.0,205.0,205.0,205.0,0.0,0.0,80.0,100.0,2.5,2.5,,0.53500712,89.0,0.52171946,-0.06053851,3.664e-05,7.52714607,-9.55875782,28.07,742589.4501691
2023-06-09,19,BTC-230630-22000-P,BTCUSDT,P,230630-22000,205.0,205.0,205.0,205.0,0.0,0.0,80.0,100.0,17.5,2.5,,0.53195894,89.0,0.518713,-0.0609923,3.717e-05,7.5510104,-9.553183,28.07,740978.36480771
2023-06-09,1,BTC-230630-22000-P,BTCUSDT,P,230630-22000,205.0,205.0,205.0,205.0,0.0,0.0,85.0,105.0,8.5,2.5,,0.5367142,94.0,0.52393466,-0.06210084,3.652e-05,7.82654096,-9.64845615,28.07,744323.12431547
2023-06-09,14,BTC-230630-22000-P,BTCUSDT,P,230630-22000,205.0,205.0,205.0,205.0,0.0,0.0,75.0,95.0,17.5,21.56,,0.53791821,84.0,0.52410662,-0.05694221,3.444e-05,7.24162097,-9.16389388,28.07,746223.72242318
2023-06-09,0,BTC-230630-22000-P,BTCUSDT,P,230630-22000,205.0,205.0,205.0,205.0,0.0,0.0,85.0,110.0,2.5,20.69,,0.53816974,97.0,0.52247673,-0.06361509,3.735e-05,7.96774517,-9.77602943,28.07,742629.6180309
2023-06-09,16,BTC-230630-22000-P,BTCUSDT,P,230630-22000,205.0,205.0,205.0,205.0,0.0,0.0,85.0,105.0,17.5,2.5,,0.54279506,94.0,0.52985251,-0.06235452,3.68e-05,7.72804,-9.92659173,28.07,743472.59406163
2023-06-09,11,BTC-230630-22000-P,BTCUSDT,P,230630-22000,205.0,205.0,205.0,205.0,0.0,0.0,75.0,95.0,15.0,21.27,,0.53773761,84.0,0.5239442,-0.0567721,3.424e-05,7.25126281,-9.11821194,28.07,746994.82691547
2023-06-09,20,BTC-230630-22000-P,BTCUSDT,P,230630-22000,205.0,205.0,205.0,205.0,0.0,0.0,75.0,100.0,17.5,2.5,,0.53620219,87.0,0.51929742,-0.05935163,3.632e-05,7.39663865,-9.38749742,28.07,742454.97636143
2023-06-09,9,BTC-230630-22000-P,BTCUSDT,P,230630-22000,205.0,205.0,205.0,205.0,0.0,0.0,75.0,95.0,2.5,21.27,,0.53894222,84.0,0.52513957,-0.05650323,3.393e-05,7.24643803,-9.09654297,28.07,747759.26555384
2023-06-09,8,BTC-230630-22000-P,BTCUSDT,P,230630-22000,205.0,205.0,205.0,205.0,0.0,0.0,75.0,95.0,2.5,6.27,,0.53868949,84.0,0.52489579,-0.05646997,3.389e-05,7.25125768,-9.08028431,28.07,747709.94563837
2023-06-09,10,BTC-230630-22000-P,BTCUSDT,P,230630-22000,205.0,205.0,205.0,205.0,0.0,0.0,70.0,90.0,2.5,2.5,,0.53256869,79.0,0.51831335,-0.05431906,3.336e-05,7.01631527,-8.71053376,28.07,747686.56425384
2023-06-09,17,BTC-230630-22000-P,BTCUSDT,P,230630-22000,205.0,205.0,205.0,205.0,0.0,0.0,80.0,100.0,2.5,2.5,,0.53823769,89.0,0.52490532,-0.06006681,3.61e-05,7.50189931,-9.56546884,28.07,743654.70975372
2023-06-09,7,BTC-230630-22000-P,BTCUSDT,P,230630-22000,205.0,205.0,205.0,205.0,0.0,0.0,85.0,100.0,6.13,2.5,,0.53270996,92.0,0.52295595,-0.06121748,3.641e-05,7.69017478,-9.57528684,28.07,743657.98253074
2023-06-09,22,BTC-230630-22000-P,BTCUSDT,P,230630-22000,205.0,205.0,205.0,205.0,0.0,0.0,75.0,95.0,17.5,2.5,,0.53435147,84.0,0.52055538,-0.05788914,3.554e-05,7.25000675,-9.26141804,28.07,743676.64136934
2023-06-09,5,BTC-230630-22000-P,BTCUSDT,P,230630-22000,205.0,205.0,205.0,205.0,0.0,0.0,85.0,100.0,6.13,2.5,,0.53246081,92.0,0.52271694,-0.06111472,3.629e-05,7.69822069,-9.54304966,28.07,743970.3677
2023-06-09,2,BTC-230630-22000-P,BTCUSDT,P,230630-22000,205.0,205.0,205.0,205.0,0.0,0.0,95.0,110.0,6.0,2.5,,0.53941309,102.0,0.53022206,-0.06576753,3.784e-05,8.16102826,-10.20154383,28.07,742882.70146918
2023-06-10,6,BTC-230630-22000-P,BTCUSDT,P,230630-22000,205.0,205.0,170.0,170.0,0.02,0.02,125.0,170.0,17.5,19.86,,0.53497851,146.0,0.5129981,-0.09665027,5.576e-05,10.24365121,-13.1101138,28.09,717424.5484707
2023-06-10,3,BTC-230630-22000-P,BTCUSDT,P,230630-22000,205.0,205.0,205.0,205.0,0.0,0.0,80.0,105.0,2.5,2.5,,0.53590119,92.0,0.51954806,-0.06287775,3.843e-05,7.64620248,-9.8493406,28.07,739033.55799245
2023-06-10,13,BTC-230630-22000-P,BTCUSDT,P,230630-22000,170.0,170.0,170.0,170.0,0.02,0.02,135.0,145.0,0.15,19.77,,0.52636921,139.0,0.52128851,-0.09186802,5.299e-05,9.84130468,-12.98773693,28.09,720769.45279521
2023-06-10,21,BTC-230630-22000-P,BTCUSDT,P,230630-22000,170.0,170.0,170.0,170.0,0.02,0.02,135.0,155.0,0.15,15.0,,0.55073619,144.0,0.54053485,-0.09194989,5.137e-05,9.80400278,-13.64652889,28.09,723706.80426704
2023-06-10,12,BTC-230630-22000-P,BTCUSDT,P,230630-22000,170.0,170.0,170.0,170.0,0.02,0.02,135.0,145.0,0.15,19.07,,0.52194893,139.0,0.51689446,-0.09258699,5.378e-05,9.89280111,-12.91838678,28.09,719729.1644307
2023-06-10,15,BTC-230630-22000-P,BTCUSDT,P,230630-22000,170.0,170.0,170.0,170.0,0.02,0.02,135.0,155.0,0.15,20.03,,0.53460896,144.0,0.52460492,-0.09426063,5.384e-05,9.99763113,-13.33423798,28.09,719764.41242366
2023-06-10,23,BTC-230630-22000-P,BTCUSDT,P,230630-22000,170.0,170.0,135.0,135.0,0.04,0.04,135.0,145.0,0.13,20.19,,0.54915488,139.0,0.54392636,-0.08882251,4.971e-05,9.56360434,-13.4531725,28.09,725904.19243521
2023-06-10,4,BTC-230630-22000-P,BTCUSDT,P,230630-22000,205.0,205.0,205.0,205.0,0.0,0.0,95.0,130.0,20.6,15.0,,0.51633716,111.0,0.49660712,-0.07858049,4.881e-05,8.87485761,-10.9498509,28.07,723840.25120244
2023-06-10,18,BTC-230630-22000-P,BTCUSDT,P,230630-22000,170.0,170.0,170.0,170.0,0.02,0.02,135.0,170.0,15.15,17.19,,0.54430604,152.0,0.52721411,-0.09818563,5.553e-05,10.24305314,-13.81734485,28.09,717523.41205183
2023-06-10,19,BTC-230630-22000-P,BTCUSDT,P,230630-22000,170.0,170.0,170.0,170.0,0.02,0.02,135.0,155.0,0.15,20.44,,0.54654002,144.0,0.53639203,-0.09249192,5.194e-05,9.85564838,-13.55509778,28.09,722671.25154592
2023-06-10,1,BTC-230630-22000-P,BTCUSDT,P,230630-22000,205.0,205.0,205.0,205.0,0.0,0.0,75.0,95.0,17.5,2.5,,0.52783787,84.0,0.51413178,-0.05888494,3.673e-05,7.29758354,-9.26399383,28.07,741216.22258453
2023-06-10,14,BTC-230630-22000-P,BTCUSDT,P,230630-22000,170.0,170.0,170.0,170.0,0.02,0.02,135.0,155.0,15.15,20.13,,0.53761661,144.0,0.52758574,-0.09359589,5.313e-05,9.97068447,-13.34559299,28.09,720866.98127521
2023-06-10,0,BTC-230630-22000-P,BTCUSDT,P,230630-22000,205.0,205.0,205.0,205.0,0.0,0.0,75.0,95.0,17.5,2.5,,0.53266585,84.0,0.51888645,-0.05822581,3.594e-05,7.25883792,-9.28092929,28.07,742722.03927698
2023-06-10,16,BTC-230630-22000-P,BTCUSDT,P,230630-22000,170.0,170.0,170.0,170.0,0.02,0.02,135.0,155.0,0.15,20.3,,0.53130388,144.0,0.52133024,-0.09498848,5.463e-05,10.02793647,-13.31939724,28.09,718964.73308479
2023-06-10,11,BTC-230630-22000-P,BTCUSDT,P,230630-22000,170.0,170.0,170.0,170.0,0.02,0.02,135.0,145.0,0.15,18.04,,0.53208053,139.0,0.52697301,-0.09062096,5.164e-05,9.79039333,-13.00656309,28.09,722831.19270113
2023-06-10,20,BTC-230630-22000-P,BTCUSDT,P,230630-22000,170.0,170.0,170.0,170.0,0.02,0.02,135.0,160.0,0.15,20.92,,0.55393875,147.0,0.54130614,-0.09305387,5.172e-05,9.89703585,-13.76614064,28.09,723550.52255063
2023-06-10,9,BTC-230630-22000-P,BTCUSDT,P,230630-22000,205.0,205.0,170.0,170.0,0.02,0.02,135.0,155.0,0.15,20.2,,0.53344429,144.0,0.52348018,-0.0938482,5.34e-05,10.03757786,-13.19113802,28.09,720579.90808479
2023-06-10,8,BTC-230630-22000-P,BTCUSDT,P,230630-22000,205.0,205.0,170.0,170.0,0.02,0.02,125.0,155.0,15.0,20.2,,0.53444922,139.0,0.51925063,-0.09155826,5.277e-05,9.87252821,-12.84253912,28.09,720839.77032704
2023-06-10,10,BTC-230630-22000-P,BTCUSDT,P,230630-22000,170.0,170.0,170.0,170.0,0.02,0.02,135.0,145.0,0.15,18.04,,0.5284816,139.0,0.52339643,-0.09117407,5.224e-05,9.8325267,-12.94667522,28.09,721911.69133634
2023-06-10,17,BTC-230630-22000-P,BTCUSDT,P,230630-22000,170.0,170.0,170.0,170.0,0.02,0.02,135.0,145.0,0.15,22.1,,0.56145251,139.0,0.55617243,-0.08614027,4.69e-05,9.46996978,-13.4474885,28.09,730058.8686707
2023-06-10,7,BTC-230630-22000-P,BTCUSDT,P,230630-22000,205.0,205.0,170.0,170.0,0.02,0.02,135.0,155.0,17.64,20.2,,0.53207219,144.0,0.52213132,-0.09389674,5.345e-05,10.06131398,-13.13331037,28.09,720463.09664592
2023-06-10,22,BTC-230630-22000-P,BTCUSDT,P,230630-22000,170.0,170.0,135.0,135.0,0.04,0.04,135.0,145.0,0.13,19.07,,0.55174351,139.0,0.54650366,-0.08827536,4.913e-05,9.5425247,-13.45812022,28.09,726786.65135183
2023-06-10,5,BTC-230630-22000-P,BTCUSDT,P,230630-22000,205.0,205.0,205.0,205.0,0.0,0.0,140.0,170.0,15.0,19.85,,0.53168356,154.0,0.5174166,-0.10019751,5.676e-05,10.51685299,-13.54752982,28.07,715949.08401054
2023-06-10,2,BTC-230630-22000-P,BTCUSDT,P,230630-22000,205.0,205.0,205.0,205.0,0.0,0.0,75.0,110.0,15.0,20.69,,0.54161608,91.0,0.518682,-0.06266931,3.835e-05,7.63505643,-9.79834415,28.07,738821.16680004
2023-06-11,6,BTC-230630-22000-P,BTCUSDT,P,230630-22000,135.0,150.0,135.0,150.0,0.32,0.32,135.0,145.0,0.13,17.85,,0.54830968,139.0,0.54306865,-0.08969291,5.064e-05,9.54055169,-13.60482631,28.39,732104.13569993
2023-06-11,3,BTC-230630-22000-P,BTCUSDT,P,230630-22000,170.0,170.0,135.0,135.0,0.04,0.04,135.0,145.0,0.13,17.34,,0.54084957,139.0,0.53565651,-0.09069295,5.172e-05,9.62851627,-13.45454172,28.09,722666.58860592
2023-06-11,13,BTC-230630-22000-P,BTCUSDT,P,230630-22000,135.0,150.0,135.0,150.0,0.32,0.32,135.0,145.0,0.13,20.35,,0.54470241,139.0,0.53946346,-0.09106814,5.212e-05,9.54427135,-13.73008659,28.39,729874.17801987
2023-06-11,21,BTC-230630-22000-P,BTCUSDT,P,230630-22000,135.0,150.0,135.0,135.0,0.45,0.45,90.0,120.0,17.5,17.17,,0.5541122,104.0,0.53533316,-0.07157552,4.361e-05,7.99106931,-11.61415838,28.52,742790.4116566
2023-06-11,12,BTC-230630-22000-P,BTCUSDT,P,230630-22000,135.0,150.0,135.0,150.0,0.32,0.32,135.0,140.0,0.13,15.0,,0.54335177,137.0,0.54070234,-0.08932943,5.111e-05,9.43615239,-13.57555626,28.39,731334.12208
2023-06-11,15,BTC-230630-22000-P,BTCUSDT,P,230630-22000,135.0,150.0,135.0,150.0,0.32,0.32,135.0,140.0,0.13,17.5,,0.54523289,137.0,0.54257452,-0.08931842,5.11e-05,9.40410019,-13.66720187,28.39,731336.16950008
2023-06-11,23,BTC-230630-22000-P,BTCUSDT,P,230630-22000,150.0,150.0,135.0,135.0,0.43,0.43,100.0,120.0,19.09,17.17,,0.54430783,109.0,0.53220272,-0.07544831,4.598e-05,8.26252034,-11.99272644,28.52,739422.51169877
2023-06-11,4,BTC-230630-22000-P,BTCUSDT,P,230630-22000,170.0,170.0,135.0,150.0,0.34,0.34,135.0,150.0,0.13,18.52,,0.54661036,142.0,0.53887039,-0.09161485,5.185e-05,9.69081248,-13.65251968,28.39,730799.78888002
2023-06-11,18,BTC-230630-22000-P,BTCUSDT,P,230630-22000,135.0,150.0,135.0,135.0,0.45,0.45,100.0,120.0,19.85,17.17,,0.5456233,109.0,0.53352833,-0.07479325,4.523e-05,8.26945736,-11.89749304,28.52,740573.10244708
2023-06-11,19,BTC-230630-22000-P,BTCUSDT,P,230630-22000,135.0,150.0,135.0,135.0,0.45,0.45,95.0,120.0,15.0,17.17,,0.55140078,107.0,0.53600132,-0.07292351,4.411e-05,8.11947711,-11.76229126,28.52,742539.70743538
2023-06-11,1,BTC-230630-22000-P,BTCUSDT,P,230630-22000,170.0,170.0,135.0,135.0,0.04,0.04,135.0,145.0,0.13,19.25,,0.54897487,139.0,0.54374278,-0.08905873,4.996e-05,9.55645519,-13.49675416,28.09,725620.35785634
2023-06-11,14,BTC-230630-22000-P,BTCUSDT,P,230630-22000,135.0,150.0,135.0,150.0,0.32,0.32,135.0,140.0,0.13,17.5,,0.54481208,137.0,0.5421561,-0.08928573,5.107e-05,9.41274549,-13.638773,28.39,730989.9517799
2023-06-11,0,BTC-230630-22000-P,BTCUSDT,P,230630-22000,170.0,170.0,135.0,135.0,0.04,0.04,135.0,150.0,0.13,20.24,,0.54639161,142.0,0.53866804,-0.09123149,5.144e-05,9.71129023,-13.55807005,28.09,723232.35425296
2023-06-11,16,BTC-230630-22000-P,BTCUSDT,P,230630-22000,135.0,150.0,135.0,150.0,0.32,0.32,135.0,140.0,0.13,17.5,,0.55664003,137.0,0.55394888,-0.08747549,4.912e-05,9.28966145,-13.81474994,28.39,734516.53086008
2023-06-11,11,BTC-230630-22000-P,BTCUSDT,P,230630-22000,135.0,150.0,135.0,150.0,0.32,0.32,135.0,140.0,0.13,15.0,,0.54710627,137.0,0.5444476,-0.08857427,5.03e-05,9.40387088,-13.59268617,28.39,732460.26320002
2023-06-11,20,BTC-230630-22000-P,BTCUSDT,P,230630-22000,135.0,150.0,135.0,135.0,0.45,0.45,90.0,120.0,19.16,17.17,,0.56061685,104.0,0.54171294,-0.07057885,4.246e-05,7.93822332,-11.6484864,28.52,745073.47792
2023-06-11,9,BTC-230630-22000-P,BTCUSDT,P,230630-22000,135.0,150.0,135.0,150.0,0.32,0.32,135.0,145.0,0.13,17.85,,0.54238141,139.0,0.5371654,-0.09105326,5.211e-05,9.5857626,-13.61005344,28.39,729742.84254007
2023-06-11,8,BTC-230630-22000-P,BTCUSDT,P,230630-22000,135.0,150.0,135.0,150.0,0.32,0.32,135.0,145.0,0.13,17.85,,0.54511905,139.0,0.53989023,-0.09046223,5.147e-05,9.56305188,-13.61669043,28.39,730744.07433997
2023-06-11,10,BTC-230630-22000-P,BTCUSDT,P,230630-22000,135.0,150.0,135.0,150.0,0.32,0.32,135.0,140.0,0.13,17.5,,0.5445236,137.0,0.54187357,-0.08891662,5.067e-05,9.43368314,-13.54135224,28.39,731860.96366007
2023-06-11,17,BTC-230630-22000-P,BTCUSDT,P,230630-22000,135.0,150.0,135.0,135.0,0.45,0.45,95.0,120.0,17.5,17.17,,0.54187775,107.0,0.52665204,-0.07413579,4.552e-05,8.21230731,-11.63684042,28.52,739802.4853366
2023-06-11,7,BTC-230630-22000-P,BTCUSDT,P,230630-22000,135.0,150.0,135.0,150.0,0.32,0.32,135.0,145.0,0.13,17.85,,0.54465473,139.0,0.53943098,-0.09043852,5.144e-05,9.57221613,-13.5882809,28.39,730838.15212008
2023-06-11,22,BTC-230630-22000-P,BTCUSDT,P,230630-22000,150.0,150.0,135.0,135.0,0.43,0.43,100.0,120.0,15.0,17.17,,0.54074943,109.0,0.52869737,-0.07589143,4.65e-05,8.29870401,-11.93877614,28.52,738280.53063538
2023-06-11,5,BTC-230630-22000-P,BTCUSDT,P,230630-22000,170.0,170.0,135.0,150.0,0.34,0.34,135.0,145.0,0.13,17.85,,0.55067122,139.0,0.54541975,-0.08917897,5.009e-05,9.52182639,-13.60713287,28.39,733031.29631993
2023-06-11,2,BTC-230630-22000-P,BTCUSDT,P,230630-22000,170.0,170.0,135.0,135.0,0.04,0.04,135.0,145.0,0.13,17.34,,0.54397404,139.0,0.53876638,-0.09003569,5.101e-05,9.60169654,-13.46568731,28.09,723886.91404225
2023-06-12,6,BTC-230630-22000-P,BTCUSDT,P,230630-22000,135.0,135.0,135.0,135.0,0.13,0.13,115.0,130.0,8.5,26.48,,0.55251062,122.0,0.54388165,-0.08186812,4.841e-05,8.69264637,-13.10235897,28.52,737094.11909876
2023-06-12,3,BTC-230630-22000-P,BTCUSDT,P,230630-22000,150.0,150.0,135.0,135.0,0.43,0.43,115.0,135.0,17.5,2.5,,0.55099905,124.0,0.53969622,-0.08367766,4.952e-05,8.84892678,-13.14420898,28.52,735471.74011292
2023-06-12,13,BTC-230630-22000-P,BTCUSDT,P,230630-22000,135.0,135.0,135.0,135.0,0.13,0.13,125.0,150.0,23.5,8.5,,0.57450771,137.0,0.56079835,-0.08843935,5.024e-05,9.1199432,-14.4068894,28.52,736022.61329657
2023-06-12,21,BTC-230630-22000-P,BTCUSDT,P,230630-22000,135.0,135.0,135.0,135.0,0.0,0.0,135.0,155.0,17.5,2.5,,0.59814155,144.0,0.58719665,-0.08920756,4.85e-05,9.13802205,-15.40424599,28.52,739413.91709439
2023-06-12,12,BTC-230630-22000-P,BTCUSDT,P,230630-22000,135.0,135.0,135.0,135.0,0.13,0.13,120.0,140.0,8.5,8.5,,0.57581425,129.0,0.564439,-0.08351978,4.752e-05,8.7923124,-13.94675629,28.52,739497.32085718
2023-06-12,15,BTC-230630-22000-P,BTCUSDT,P,230630-22000,135.0,135.0,135.0,135.0,0.13,0.13,135.0,155.0,6.0,8.5,,0.58353066,144.0,0.57277143,-0.09091149,5.028e-05,9.29574721,-15.06887245,28.52,736546.71687469
2023-06-12,23,BTC-230630-22000-P,BTCUSDT,P,230630-22000,135.0,135.0,135.0,135.0,0.0,0.0,135.0,160.0,17.5,22.78,,0.60234368,147.0,0.58876097,-0.09049606,4.906e-05,9.20481204,-15.63297249,28.52,738694.97803968
2023-06-12,4,BTC-230630-22000-P,BTCUSDT,P,230630-22000,135.0,135.0,135.0,135.0,0.13,0.13,115.0,130.0,17.5,19.33,,0.54841459,122.0,0.53983152,-0.08231986,4.892e-05,8.73882196,-13.01376143,28.52,736274.89686585
2023-06-12,18,BTC-230630-22000-P,BTCUSDT,P,230630-22000,135.0,135.0,135.0,135.0,0.0,0.0,140.0,160.0,15.0,21.99,,0.59266031,149.0,0.58200359,-0.09244334,5.024e-05,9.38493496,-15.56882357,28.52,736840.00903283
2023-06-12,19,BTC-230630-22000-P,BTCUSDT,P,230630-22000,135.0,135.0,135.0,135.0,0.0,0.0,140.0,160.0,15.0,21.99,,0.59149921,149.0,0.58084846,-0.09275614,5.056e-05,9.39042996,-15.58402721,28.52,736516.28822845
2023-06-12,1,BTC-230630-22000-P,BTCUSDT,P,230630-22000,150.0,150.0,135.0,135.0,0.43,0.43,70.0,105.0,17.5,20.39,,0.52837312,86.0,0.50452173,-0.06487606,4.327e-05,7.34227383,-10.14886118,28.52,739550.87854123
2023-06-12,14,BTC-230630-22000-P,BTCUSDT,P,230630-22000,135.0,135.0,135.0,135.0,0.13,0.13,135.0,150.0,21.0,2.5,,0.57949245,142.0,0.57135761,-0.08968622,4.98e-05,9.22029847,-14.87459078,28.52,736080.58724843
2023-06-12,0,BTC-230630-22000-P,BTCUSDT,P,230630-22000,150.0,150.0,135.0,135.0,0.43,0.43,80.0,105.0,2.5,18.09,,0.53040564,92.0,0.51384985,-0.06709067,4.351e-05,7.55279799,-10.60866067,28.52,740476.14115755
2023-06-12,16,BTC-230630-22000-P,BTCUSDT,P,230630-22000,135.0,135.0,135.0,135.0,0.13,0.13,130.0,150.0,8.5,8.5,,0.57897747,139.0,0.56803703,-0.08902859,4.997e-05,9.14157882,-14.73121107,28.52,736416.51523968
2023-06-12,11,BTC-230630-22000-P,BTCUSDT,P,230630-22000,135.0,135.0,135.0,135.0,0.13,0.13,115.0,140.0,23.5,8.5,,0.58061182,127.0,0.56619704,-0.08165874,4.642e-05,8.67362362,-13.76909387,28.52,741124.33671218
2023-06-12,20,BTC-230630-22000-P,BTCUSDT,P,230630-22000,135.0,135.0,135.0,135.0,0.0,0.0,130.0,155.0,2.5,2.5,,0.59365451,142.0,0.57992876,-0.08885962,4.898e-05,9.10892627,-15.12893921,28.52,738191.77554719
2023-06-12,9,BTC-230630-22000-P,BTCUSDT,P,230630-22000,135.0,135.0,135.0,135.0,0.13,0.13,115.0,140.0,23.5,8.5,,0.57707369,127.0,0.56272388,-0.0819941,4.678e-05,8.71307017,-13.68292868,28.52,740583.0333803
2023-06-12,8,BTC-230630-22000-P,BTCUSDT,P,230630-22000,135.0,135.0,135.0,135.0,0.13,0.13,115.0,135.0,21.0,27.26,,0.56860745,124.0,0.55706799,-0.08139723,4.699e-05,8.66731892,-13.44301482,28.52,739534.20881313
2023-06-12,10,BTC-230630-22000-P,BTCUSDT,P,230630-22000,135.0,135.0,135.0,135.0,0.13,0.13,120.0,140.0,8.5,8.5,,0.57766616,129.0,0.56628078,-0.08302091,4.698e-05,8.78456916,-13.91476777,28.52,740527.37863749
2023-06-12,17,BTC-230630-22000-P,BTCUSDT,P,230630-22000,135.0,135.0,135.0,135.0,0.0,0.0,130.0,155.0,23.5,17.5,,0.58290124,142.0,0.5693385,-0.09027701,5.047e-05,9.2184657,-14.92442839,28.52,736490.57635157
2023-06-12,7,BTC-230630-22000-P,BTCUSDT,P,230630-22000,135.0,135.0,135.0,135.0,0.13,0.13,115.0,135.0,15.0,2.5,,0.5546838,124.0,0.54331541,-0.08349333,4.932e-05,8.79770363,-13.27756913,28.52,735799.21394282
2023-06-12,22,BTC-230630-22000-P,BTCUSDT,P,230630-22000,135.0,135.0,135.0,135.0,0.0,0.0,130.0,150.0,2.5,2.5,,0.59351742,139.0,0.58238655,-0.08735435,4.82e-05,8.98544586,-15.05899095,28.52,739515.25084843
2023-06-12,5,BTC-230630-22000-P,BTCUSDT,P,230630-22000,135.0,135.0,135.0,135.0,0.13,0.13,120.0,140.0,8.5,8.5,,0.55593967,129.0,0.54483116,-0.08597731,5.021e-05,9.00357532,-13.5633877,28.52,735133.94252245
2023-06-12,2,BTC-230630-22000-P,BTCUSDT,P,230630-22000,150.0,150.0,135.0,135.0,0.43,0.43,110.0,130.0,17.5,17.23,,0.5436933,119.0,0.53220481,-0.08181176,4.934e-05,8.70580743,-12.72293716,28.52,735219.03278123
2023-06-13,6,BTC-230630-22000-P,BTCUSDT,P,230630-22000,135.0,135.0,135.0,135.0,0.0,0.0,110.0,130.0,8.5,8.5,,0.59136093,119.0,0.57912469,-0.0774353,4.444e-05,8.17390575,-13.8886281,28.52,743937.11701094
2023-06-13,3,BTC-230630-22000-P,BTCUSDT,P,230630-22000,135.0,135.0,135.0,135.0,0.0,0.0,115.0,135.0,17.5,21.46,,0.59315145,124.0,0.58121204,-0.07967723,4.512e-05,8.37699377,-14.18098948,28.52,743235.46546375
2023-06-13,13,BTC-230630-22000-P,BTCUSDT,P,230630-22000,135.0,135.0,135.0,135.0,0.0,0.0,95.0,135.0,6.0,9.86,,0.59810579,114.0,0.57295144,-0.07575725,4.463e-05,7.95634609,-13.60775154,28.52,743546.40241313
2023-06-13,21,BTC-230630-22000-P,BTCUSDT,P,230630-22000,135.0,135.0,135.0,135.0,0.0,0.0,110.0,130.0,2.5,4.0,,0.57949781,119.0,0.56731313,-0.0807664,4.815e-05,8.20853833,-14.18317257,28.52,737193.51264462
2023-06-13,12,BTC-230630-22000-P,BTCUSDT,P,230630-22000,135.0,135.0,135.0,135.0,0.0,0.0,85.0,135.0,8.39,6.0,,0.60146093,108.0,0.56915909,-0.07289874,4.351e-05,7.74817231,-13.131334,28.52,743128.05475595
2023-06-13,15,BTC-230630-22000-P,BTCUSDT,P,230630-22000,135.0,135.0,135.0,135.0,0.0,0.0,120.0,155.0,6.0,9.84,,0.59371412,137.0,0.57397425,-0.08907835,5.101e-05,8.8693415,-15.27231035,28.52,733923.55069876
2023-06-13,23,BTC-230630-22000-P,BTCUSDT,P,230630-22000,135.0,135.0,135.0,135.0,0.0,0.0,105.0,130.0,2.5,5.21,,0.58939517,117.0,0.57383567,-0.07845448,4.653e-05,8.03594785,-14.11625589,28.52,739258.72441751
2023-06-13,4,BTC-230630-22000-P,BTCUSDT,P,230630-22000,135.0,135.0,135.0,135.0,0.0,0.0,115.0,135.0,15.0,21.46,,0.59330106,124.0,0.5813536,-0.07976071,4.521e-05,8.37154528,-14.20970726,28.52,743118.2858725
2023-06-13,18,BTC-230630-22000-P,BTCUSDT,P,230630-22000,135.0,135.0,135.0,135.0,0.0,0.0,115.0,140.0,5.31,2.5,,0.59304535,127.0,0.57822049,-0.08312104,4.801e-05,8.43390617,-14.74051563,28.52,738248.04770124
2023-06-13,19,BTC-230630-22000-P,BTCUSDT,P,230630-22000,135.0,135.0,135.0,135.0,0.0,0.0,115.0,145.0,2.5,5.48,,0.60027301,129.0,0.58259428,-0.08393381,4.805e-05,8.48782497,-14.98471142,28.52,737860.5216283
2023-06-13,1,BTC-230630-22000-P,BTCUSDT,P,230630-22000,135.0,135.0,135.0,135.0,0.0,0.0,130.0,145.0,2.5,19.36,,0.59435308,137.0,0.58587551,-0.08579263,4.737e-05,8.84755975,-15.02482641,28.52,740482.50194719
2023-06-13,14,BTC-230630-22000-P,BTCUSDT,P,230630-22000,135.0,135.0,135.0,135.0,0.0,0.0,105.0,135.0,6.0,9.86,,0.59369266,119.0,0.57530701,-0.07867922,4.59e-05,8.16170831,-14.05132598,28.52,741291.85880438
2023-06-13,0,BTC-230630-22000-P,BTCUSDT,P,230630-22000,135.0,135.0,135.0,135.0,0.0,0.0,135.0,160.0,17.5,22.78,,0.59970438,147.0,0.5861485,-0.09104303,4.962e-05,9.22293343,-15.63182163,28.52,737630.87176717
2023-06-13,16,BTC-230630-22000-P,BTCUSDT,P,230630-22000,135.0,135.0,135.0,135.0,0.0,0.0,115.0,140.0,6.0,8.5,,0.58898985,127.0,0.57423949,-0.08351194,4.844e-05,8.47657054,-14.63933287,28.52,737574.26740219
2023-06-13,11,BTC-230630-22000-P,BTCUSDT,P,230630-22000,135.0,135.0,135.0,135.0,0.0,0.0,100.0,125.0,8.5,8.5,,0.59951842,112.0,0.58347434,-0.07292477,4.222e-05,7.7930996,-13.50615002,28.52,746835.46044405
2023-06-13,20,BTC-230630-22000-P,BTCUSDT,P,230630-22000,135.0,135.0,135.0,135.0,0.0,0.0,110.0,135.0,2.5,2.5,,0.58469296,122.0,0.56961626,-0.08173048,4.832e-05,8.2932363,-14.35126757,28.52,737085.49230585
2023-06-13,9,BTC-230630-22000-P,BTCUSDT,P,230630-22000,135.0,135.0,135.0,135.0,0.0,0.0,110.0,130.0,8.5,2.5,,0.60002744,119.0,0.58766723,-0.07652348,4.345e-05,8.09179112,-14.05500649,28.52,745854.74853187
2023-06-13,8,BTC-230630-22000-P,BTCUSDT,P,230630-22000,135.0,135.0,135.0,135.0,0.0,0.0,105.0,125.0,8.5,8.5,,0.59609473,114.0,0.58346331,-0.07414613,4.262e-05,7.91809572,-13.62137158,28.52,746461.35639562
2023-06-13,10,BTC-230630-22000-P,BTCUSDT,P,230630-22000,135.0,135.0,135.0,135.0,0.0,0.0,105.0,125.0,8.5,8.5,,0.5956167,114.0,0.58297873,-0.07441122,4.291e-05,7.91397861,-13.67015704,28.52,745971.46114719
2023-06-13,17,BTC-230630-22000-P,BTCUSDT,P,230630-22000,135.0,135.0,135.0,135.0,0.0,0.0,120.0,145.0,8.5,8.98,,0.59100688,132.0,0.57655513,-0.08615755,4.954e-05,8.65182908,-15.03995874,28.52,736496.93850561
2023-06-13,7,BTC-230630-22000-P,BTCUSDT,P,230630-22000,135.0,135.0,135.0,135.0,0.0,0.0,110.0,130.0,2.5,2.5,,0.59136331,119.0,0.57912111,-0.07753828,4.455e-05,8.16979501,-13.91558105,28.52,743536.53323968
2023-06-13,22,BTC-230630-22000-P,BTCUSDT,P,230630-22000,135.0,135.0,135.0,135.0,0.0,0.0,110.0,130.0,2.5,5.21,,0.57952642,119.0,0.56733519,-0.08087256,4.827e-05,8.20399564,-14.2119454,28.52,736983.94097415
2023-06-13,5,BTC-230630-22000-P,BTCUSDT,P,230630-22000,135.0,135.0,135.0,135.0,0.0,0.0,115.0,135.0,21.0,27.46,,0.59655547,124.0,0.58456391,-0.0793929,4.481e-05,8.34055953,-14.27001014,28.52,743975.64094938
2023-06-13,2,BTC-230630-22000-P,BTCUSDT,P,230630-22000,135.0,135.0,135.0,135.0,0.0,0.0,115.0,135.0,22.28,21.46,,0.5985111,124.0,0.58651447,-0.07879702,4.417e-05,8.3371419,-14.2077998,28.52,745178.92168782
2023-06-14,6,BTC-230630-22000-P,BTCUSDT,P,230630-22000,135.0,135.0,135.0,135.0,0.0,0.0,105.0,125.0,8.5,8.5,,0.5847919,114.0,0.57216108,-0.07802233,4.697e-05,7.91861953,-14.12173285,28.52,738487.62823749
2023-06-14,3,BTC-230630-22000-P,BTCUSDT,P,230630-22000,135.0,135.0,135.0,135.0,0.0,0.0,100.0,125.0,2.5,2.5,,0.59157431,112.0,0.57552755,-0.07564482,4.527e-05,7.79196477,-13.86953804,28.52,741178.095345
2023-06-14,13,BTC-230630-22000-P,BTCUSDT,P,230630-22000,135.0,135.0,135.0,135.0,0.0,0.0,100.0,120.0,8.5,13.43,,0.59344113,109.0,0.5802989,-0.07459753,4.5e-05,7.61054412,-14.02027663,28.52,740766.99364843
2023-06-14,21,BTC-230630-22000-P,BTCUSDT,P,230630-22000,135.0,205.0,135.0,205.0,3.0,3.0,125.0,180.0,5.35,3.58,,0.57302952,151.0,0.54411232,-0.10705113,6.564e-05,9.52009854,-16.79999694,31.52,792021.6575824
2023-06-14,12,BTC-230630-22000-P,BTCUSDT,P,230630-22000,135.0,135.0,135.0,135.0,0.0,0.0,100.0,120.0,8.5,13.43,,0.59596777,109.0,0.58279902,-0.07414811,4.449e-05,7.59527896,-14.01536,28.52,742023.04578906
2023-06-14,15,BTC-230630-22000-P,BTCUSDT,P,230630-22000,135.0,135.0,135.0,135.0,0.0,0.0,105.0,120.0,1.0,7.43,,0.59472978,112.0,0.58495909,-0.07572661,4.528e-05,7.67697226,-14.33205761,28.52,740828.52163064
2023-06-14,23,BTC-230630-22000-P,BTCUSDT,P,230630-22000,135.0,205.0,135.0,165.0,3.3,3.3,135.0,160.0,2.5,2.5,,0.55535316,147.0,0.54201931,-0.10517676,6.521e-05,9.37683873,-16.57312109,31.82,799618.60596469
2023-06-14,4,BTC-230630-22000-P,BTCUSDT,P,230630-22000,135.0,135.0,135.0,135.0,0.0,0.0,100.0,120.0,2.5,2.5,,0.58584273,109.0,0.57286292,-0.07468827,4.511e-05,7.70577427,-13.68790452,28.52,741032.543055
2023-06-14,18,BTC-230630-22000-P,BTCUSDT,P,230630-22000,135.0,135.0,135.0,135.0,0.0,0.0,105.0,110.0,1.0,2.5,,0.57710886,107.0,0.57379335,-0.0746303,4.596e-05,7.54096653,-13.92049298,28.52,739215.85666375
2023-06-14,19,BTC-230630-22000-P,BTCUSDT,P,230630-22000,135.0,135.0,135.0,135.0,0.0,0.0,105.0,115.0,1.0,4.21,,0.58036506,109.0,0.57382256,-0.07624795,4.685e-05,7.64310055,-14.14767818,28.52,737935.1456922
2023-06-14,1,BTC-230630-22000-P,BTCUSDT,P,230630-22000,135.0,135.0,135.0,135.0,0.0,0.0,100.0,125.0,2.5,2.5,,0.59592545,112.0,0.57982504,-0.0748348,4.435e-05,7.76599158,-13.85511753,28.52,742493.35625937
2023-06-14,14,BTC-230630-22000-P,BTCUSDT,P,230630-22000,135.0,135.0,135.0,135.0,0.0,0.0,105.0,115.0,1.0,2.5,,0.58913529,109.0,0.58255225,-0.07449099,4.481e-05,7.59596775,-14.08502347,28.52,741591.01166594
2023-06-14,0,BTC-230630-22000-P,BTCUSDT,P,230630-22000,135.0,135.0,135.0,135.0,0.0,0.0,105.0,130.0,2.5,2.5,,0.59574366,117.0,0.58007717,-0.0776558,4.564e-05,7.98098264,-14.20842739,28.52,741166.27678249
2023-06-14,16,BTC-230630-22000-P,BTCUSDT,P,230630-22000,135.0,135.0,135.0,135.0,0.0,0.0,105.0,120.0,1.0,7.43,,0.59359014,112.0,0.58382511,-0.07599286,4.559e-05,7.68155038,-14.35097178,28.52,740468.44879562
2023-06-14,11,BTC-230630-22000-P,BTCUSDT,P,230630-22000,135.0,135.0,135.0,135.0,0.0,0.0,100.0,120.0,8.5,13.43,,0.59071183,109.0,0.57761967,-0.07475697,4.518e-05,7.63963561,-13.93515975,28.52,740856.60599562
2023-06-14,20,BTC-230630-22000-P,BTCUSDT,P,230630-22000,135.0,190.0,135.0,190.0,1.5,1.5,210.0,225.0,1.5,2.91,,0.59219301,217.0,0.58548152,-0.13558621,7.248e-05,11.17562206,-21.16371539,30.02,748884.74915812
2023-06-14,9,BTC-230630-22000-P,BTCUSDT,P,230630-22000,135.0,135.0,135.0,135.0,0.0,0.0,95.0,115.0,8.5,2.5,,0.58330476,104.0,0.56994677,-0.07254981,4.463e-05,7.48757558,-13.40581062,28.52,740913.83403968
2023-06-14,8,BTC-230630-22000-P,BTCUSDT,P,230630-22000,135.0,135.0,135.0,135.0,0.0,0.0,95.0,120.0,8.5,13.43,,0.58362365,107.0,0.5672124,-0.07429083,4.57e-05,7.61903467,-13.54028561,28.52,739470.42116936
2023-06-14,10,BTC-230630-22000-P,BTCUSDT,P,230630-22000,135.0,135.0,135.0,135.0,0.0,0.0,95.0,115.0,8.5,8.5,,0.58160961,104.0,0.5682677,-0.07288226,4.502e-05,7.49677636,-13.41786702,28.52,740273.66973187
2023-06-14,17,BTC-230630-22000-P,BTCUSDT,P,230630-22000,135.0,135.0,135.0,135.0,0.0,0.0,105.0,120.0,1.0,4.93,,0.59910595,112.0,0.58928251,-0.07534544,4.485e-05,7.63535213,-14.43649029,28.52,742116.88599125
2023-06-14,7,BTC-230630-22000-P,BTCUSDT,P,230630-22000,135.0,135.0,135.0,135.0,0.0,0.0,105.0,125.0,8.5,8.5,,0.58603466,114.0,0.57338119,-0.07795338,4.689e-05,7.90449647,-14.16339462,28.52,738626.77136251
2023-06-14,22,BTC-230630-22000-P,BTCUSDT,P,230630-22000,135.0,205.0,135.0,165.0,3.3,3.3,145.0,165.0,2.5,7.8,,0.54885387,154.0,0.53853065,-0.11043035,6.815e-05,9.68842038,-16.96750367,31.82,796490.9027736
2023-06-14,5,BTC-230630-22000-P,BTCUSDT,P,230630-22000,135.0,135.0,135.0,135.0,0.0,0.0,110.0,130.0,8.5,8.5,,0.58519006,119.0,0.57288319,-0.08080823,4.82e-05,8.12707129,-14.47417357,28.52,737374.26698468
2023-06-14,2,BTC-230630-22000-P,BTCUSDT,P,230630-22000,135.0,135.0,135.0,135.0,0.0,0.0,95.0,120.0,2.5,2.5,,0.58870375,107.0,0.57225823,-0.07297601,4.417e-05,7.60298372,-13.42169747,28.52,742197.18702845
2023-06-15,6,BTC-230630-22000-P,BTCUSDT,P,230630-22000,135.0,205.0,135.0,160.0,4.3,4.3,145.0,170.0,2.5,2.5,,0.5472976,157.0,0.53449184,-0.11403834,7.134e-05,9.76339413,-17.34664969,32.82,818293.48051047
2023-06-15,3,BTC-230630-22000-P,BTCUSDT,P,230630-22000,135.0,205.0,135.0,160.0,4.3,4.3,135.0,155.0,2.5,2.5,,0.54592073,144.0,0.53520024,-0.10560506,6.677e-05,9.32950716,-16.46092363,32.82,822630.71767908
2023-06-15,13,BTC-230630-22000-P,BTCUSDT,P,230630-22000,190.0,210.0,160.0,200.0,7.56,7.56,195.0,205.0,1.5,3.6,,0.60236335,199.0,0.59758216,-0.12654929,6.898e-05,10.45810293,-21.18498592,36.08,904320.33255382
2023-06-15,21,BTC-230630-22000-P,BTCUSDT,P,230630-22000,165.0,210.0,160.0,195.0,6.06,6.06,115.0,155.0,11.6,5.84,,0.61846316,134.0,0.59443295,-0.09108314,5.422e-05,8.32807988,-17.16929866,37.58,961316.86251631
2023-06-15,12,BTC-230630-22000-P,BTCUSDT,P,230630-22000,190.0,210.0,160.0,200.0,7.56,7.56,205.0,210.0,1.5,8.5,,0.59360325,207.0,0.59127361,-0.13185007,7.192e-05,10.73073136,-21.44718849,36.08,900016.82672
2023-06-15,15,BTC-230630-22000-P,BTCUSDT,P,230630-22000,190.0,210.0,160.0,195.0,9.06,9.06,205.0,215.0,1.5,6.07,,0.60168624,209.0,0.59702367,-0.1324767,7.175e-05,10.72346635,-21.82553912,37.58,938026.52123733
2023-06-15,23,BTC-230630-22000-P,BTCUSDT,P,230630-22000,160.0,210.0,160.0,195.0,5.76,5.76,110.0,145.0,8.0,2.5,,0.61109185,126.0,0.58942378,-0.08770843,5.328e-05,8.08059809,-16.61474229,37.58,961944.85322435
2023-06-15,4,BTC-230630-22000-P,BTCUSDT,P,230630-22000,135.0,205.0,135.0,160.0,4.3,4.3,135.0,160.0,2.5,2.5,,0.54752409,147.0,0.53425312,-0.10747847,6.794e-05,9.42155833,-16.63964656,32.82,821439.06315157
2023-06-15,18,BTC-230630-22000-P,BTCUSDT,P,230630-22000,190.0,210.0,160.0,195.0,9.06,9.06,125.0,170.0,2.55,2.99,,0.61077118,146.0,0.58537036,-0.09955822,5.897e-05,8.86430907,-17.84148887,37.58,952292.76472732
2023-06-15,19,BTC-230630-22000-P,BTCUSDT,P,230630-22000,190.0,210.0,160.0,195.0,9.06,9.06,125.0,170.0,8.0,4.76,,0.61971486,146.0,0.59408903,-0.09818501,5.744e-05,8.78637129,-17.99959531,37.58,956096.12915599
2023-06-15,1,BTC-230630-22000-P,BTCUSDT,P,230630-22000,135.0,205.0,135.0,165.0,3.3,3.3,150.0,165.0,4.66,4.61,,0.55487216,157.0,0.54712147,-0.11068059,6.737e-05,9.67724597,-17.35942615,31.82,797718.72118251
2023-06-15,14,BTC-230630-22000-P,BTCUSDT,P,230630-22000,190.0,210.0,160.0,195.0,9.06,9.06,195.0,205.0,1.5,4.88,,0.59774578,199.0,0.59298009,-0.12772664,7.019e-05,10.49201426,-21.14974718,37.58,939697.23305501
2023-06-15,0,BTC-230630-22000-P,BTCUSDT,P,230630-22000,135.0,205.0,135.0,165.0,3.3,3.3,125.0,150.0,2.5,2.5,,0.55425584,137.0,0.54038227,-0.09936891,6.266e-05,9.01249226,-15.92431816,31.82,801951.8441802
2023-06-15,16,BTC-230630-22000-P,BTCUSDT,P,230630-22000,190.0,210.0,160.0,195.0,9.06,9.06,205.0,215.0,1.5,6.07,,0.60744107,209.0,0.60275257,-0.13139474,7.065e-05,10.6646843,-21.97661793,37.58,939116.81614932
2023-06-15,11,BTC-230630-22000-P,BTCUSDT,P,230630-22000,190.0,210.0,160.0,200.0,7.56,7.56,190.0,200.0,1.5,8.57,,0.59094012,194.0,0.58614761,-0.12590593,7e-05,10.43322622,-20.61372744,36.08,902505.20064926
2023-06-15,20,BTC-230630-22000-P,BTCUSDT,P,230630-22000,205.0,210.0,160.0,195.0,7.56,7.56,115.0,155.0,8.0,5.16,,0.61644197,134.0,0.59247166,-0.09126123,5.442e-05,8.34889452,-17.10598074,37.58,958195.58334734
2023-06-15,9,BTC-230630-22000-P,BTCUSDT,P,230630-22000,190.0,205.0,160.0,175.0,4.56,4.56,165.0,185.0,2.5,0.12,,0.56709766,174.0,0.55720419,-0.12032542,7.131e-05,10.10891794,-18.88064926,33.08,825345.59525661
2023-06-15,8,BTC-230630-22000-P,BTCUSDT,P,230630-22000,190.0,205.0,160.0,175.0,4.56,4.56,160.0,180.0,0.12,2.5,,0.5641675,169.0,0.55415004,-0.11783781,7.049e-05,9.98393129,-18.4933427,33.08,825924.63146814
2023-06-15,10,BTC-230630-22000-P,BTCUSDT,P,230630-22000,190.0,205.0,160.0,175.0,4.56,4.56,195.0,200.0,1.5,8.5,,0.5790323,197.0,0.57667375,-0.12922899,7.261e-05,10.60007654,-20.54716333,33.08,824290.21093661
2023-06-15,17,BTC-230630-22000-P,BTCUSDT,P,230630-22000,190.0,210.0,160.0,195.0,9.06,9.06,145.0,190.0,21.02,5.89,,0.60148299,166.0,0.57805449,-0.11261508,6.583e-05,9.6096151,-19.04529162,37.58,944869.98377565
2023-06-15,7,BTC-230630-22000-P,BTCUSDT,P,230630-22000,135.0,205.0,135.0,175.0,4.56,4.56,160.0,175.0,0.12,3.58,,0.55964947,167.0,0.55209607,-0.1166432,7.012e-05,9.92989691,-18.27417606,33.08,826131.41649423
2023-06-15,22,BTC-230630-22000-P,BTCUSDT,P,230630-22000,160.0,210.0,160.0,195.0,5.76,5.76,110.0,145.0,8.0,2.5,,0.6135565,126.0,0.59185117,-0.08719663,5.269e-05,8.06661379,-16.60602088,37.58,963308.09869666
2023-06-15,5,BTC-230630-22000-P,BTCUSDT,P,230630-22000,135.0,205.0,135.0,160.0,4.3,4.3,140.0,165.0,2.5,5.33,,0.5536592,152.0,0.54054707,-0.10948366,6.814e-05,9.53542314,-17.08621363,32.82,821745.69275302
2023-06-15,2,BTC-230630-22000-P,BTCUSDT,P,230630-22000,135.0,205.0,135.0,165.0,3.3,3.3,135.0,160.0,2.5,2.5,,0.55253804,147.0,0.539217,-0.10617629,6.639e-05,9.38595794,-16.63911513,31.82,798166.05793201
2023-06-16,6,BTC-230630-22000-P,BTCUSDT,P,230630-22000,175.0,210.0,175.0,195.0,4.76,4.76,100.0,120.0,10.54,13.35,,0.58479249,109.0,0.57145715,-0.08059072,5.214e-05,7.50044959,-15.26236913,37.58,961369.26390334
2023-06-16,3,BTC-230630-22000-P,BTCUSDT,P,230630-22000,175.0,210.0,175.0,195.0,4.76,4.76,95.0,130.0,15.0,4.76,,0.59284508,111.0,0.56984574,-0.08179668,5.268e-05,7.61357829,-15.31257028,37.58,961077.07733832
2023-06-16,13,BTC-230630-22000-P,BTCUSDT,P,230630-22000,195.0,195.0,195.0,195.0,1.5,1.5,90.0,110.0,2.63,2.5,,0.56821346,99.0,0.55425972,-0.07732256,5.283e-05,7.1683629,-14.44775073,37.58,958240.54306798
2023-06-16,21,BTC-230630-22000-P,BTCUSDT,P,230630-22000,195.0,195.0,195.0,195.0,0.0,0.0,70.0,90.0,2.63,2.5,,0.6307739,79.0,0.61356485,-0.05754326,3.726e-05,5.81220117,-13.2900345,37.58,988252.00127268
2023-06-16,12,BTC-230630-22000-P,BTCUSDT,P,230630-22000,195.0,195.0,195.0,195.0,1.5,1.5,85.0,105.0,2.63,4.96,,0.56911767,94.0,0.55471063,-0.07370064,5.066e-05,6.94280777,-13.9622212,37.58,961013.47215599
2023-06-16,15,BTC-230630-22000-P,BTCUSDT,P,230630-22000,195.0,195.0,195.0,195.0,0.0,0.0,80.0,105.0,6.13,9.92,,0.59909403,92.0,0.58022022,-0.06885612,4.572e-05,6.62535313,-14.06400224,37.58,968965.82551199
2023-06-16,23,BTC-230630-22000-P,BTCUSDT,P,230630-22000,195.0,195.0,195.0,195.0,0.0,0.0,70.0,90.0,2.63,2.5,,0.63760102,79.0,0.62025487,-0.0570586,3.666e-05,5.76623228,-13.41198965,37.58,990141.67647033
2023-06-16,4,BTC-230630-22000-P,BTCUSDT,P,230630-22000,175.0,210.0,175.0,195.0,4.76,4.76,115.0,130.0,2.61,4.76,,0.59012651,122.0,0.58068901,-0.08693491,5.426e-05,7.94785993,-16.33710143,37.58,959664.37080433
2023-06-16,18,BTC-230630-22000-P,BTCUSDT,P,230630-22000,195.0,195.0,195.0,195.0,0.0,0.0,70.0,90.0,2.63,2.5,,0.63445628,79.0,0.61721355,-0.05688149,3.645e-05,5.80082011,-13.21972319,37.58,991108.31666366
2023-06-16,19,BTC-230630-22000-P,BTCUSDT,P,230630-22000,195.0,195.0,195.0,195.0,0.0,0.0,70.0,90.0,2.63,2.5,,0.63728034,79.0,0.6199795,-0.0566987,3.622e-05,5.78128032,-13.27507088,37.58,991636.86903968
2023-06-16,1,BTC-230630-22000-P,BTCUSDT,P,230630-22000,160.0,210.0,160.0,195.0,5.76,5.76,105.0,145.0,15.0,3.09,,0.60409963,124.0,0.57923049,-0.08793467,5.465e-05,8.0477453,-16.35612508,37.58,959009.32662633
2023-06-16,14,BTC-230630-22000-P,BTCUSDT,P,230630-22000,195.0,195.0,195.0,195.0,0.0,0.0,85.0,110.0,2.62,2.5,,0.58183014,97.0,0.56389809,-0.074273,5.021e-05,6.97330441,-14.34247912,37.58,963774.99096502
2023-06-16,0,BTC-230630-22000-P,BTCUSDT,P,230630-22000,160.0,210.0,160.0,195.0,5.76,5.76,120.0,145.0,8.0,4.39,,0.60077369,132.0,0.58571637,-0.09164569,5.57e-05,8.30387438,-17.01589921,37.58,958346.17590531
2023-06-16,16,BTC-230630-22000-P,BTCUSDT,P,230630-22000,195.0,195.0,195.0,195.0,0.0,0.0,80.0,100.0,8.63,2.5,,0.60696423,89.0,0.59142768,-0.06602939,4.327e-05,6.43781228,-13.97246667,37.58,975477.53924401
2023-06-16,11,BTC-230630-22000-P,BTCUSDT,P,230630-22000,195.0,195.0,195.0,195.0,1.5,1.5,85.0,105.0,8.63,11.99,,0.55795908,94.0,0.54373205,-0.07514274,5.257e-05,7.03061945,-13.81724063,37.58,957444.74320668
2023-06-16,20,BTC-230630-22000-P,BTCUSDT,P,230630-22000,195.0,195.0,195.0,195.0,0.0,0.0,70.0,90.0,2.63,2.5,,0.64127743,79.0,0.62389851,-0.05640341,3.586e-05,5.75522149,-13.3399542,37.58,992525.96641335
2023-06-16,9,BTC-230630-22000-P,BTCUSDT,P,230630-22000,210.0,210.0,195.0,195.0,4.5,4.5,80.0,100.0,8.63,2.5,,0.56235731,89.0,0.54759145,-0.07086205,4.952e-05,6.77414638,-13.32740672,37.58,961929.84600235
2023-06-16,8,BTC-230630-22000-P,BTCUSDT,P,230630-22000,210.0,210.0,195.0,195.0,4.5,4.5,85.0,105.0,8.63,13.97,,0.56305587,94.0,0.54877579,-0.07406956,5.114e-05,7.00454927,-13.76927959,37.58,960035.88833634
2023-06-16,10,BTC-230630-22000-P,BTCUSDT,P,230630-22000,210.0,210.0,195.0,195.0,4.5,4.5,85.0,105.0,8.63,13.97,,0.56728423,94.0,0.55292249,-0.0737174,5.068e-05,6.96465405,-13.87715543,37.58,960985.41104598
2023-06-16,17,BTC-230630-22000-P,BTCUSDT,P,230630-22000,195.0,195.0,195.0,195.0,0.0,0.0,70.0,95.0,2.63,6.97,,0.63655436,82.0,0.61545104,-0.05845984,3.736e-05,5.92515328,-13.42319824,37.58,988396.89075599
2023-06-16,7,BTC-230630-22000-P,BTCUSDT,P,230630-22000,210.0,210.0,195.0,195.0,4.5,4.5,95.0,120.0,2.5,7.35,,0.58092058,107.0,0.56411743,-0.08008975,5.274e-05,7.4414632,-14.99234157,37.58,959684.03216502
2023-06-16,22,BTC-230630-22000-P,BTCUSDT,P,230630-22000,195.0,195.0,195.0,195.0,0.0,0.0,70.0,90.0,2.63,2.5,,0.6390208,79.0,0.62166035,-0.05681983,3.637e-05,5.76144911,-13.38938834,37.58,991053.032767
2023-06-16,5,BTC-230630-22000-P,BTCUSDT,P,230630-22000,175.0,210.0,175.0,195.0,4.76,4.76,105.0,125.0,8.63,8.5,,0.58737516,114.0,0.57436794,-0.08324752,5.314e-05,7.68951145,-15.68025523,37.58,959847.48038665
2023-06-16,2,BTC-230630-22000-P,BTCUSDT,P,230630-22000,160.0,210.0,160.0,195.0,5.76,5.76,95.0,130.0,20.69,4.76,,0.5910188,111.0,0.56807518,-0.08193791,5.285e-05,7.63208483,-15.2572238,37.58,960327.87254734
2023-06-17,6,BTC-230630-22000-P,BTCUSDT,P,230630-22000,195.0,195.0,195.0,195.0,0.0,0.0,45.0,65.0,2.63,8.5,,0.63064754,54.0,0.60846359,-0.04188209,2.917e-05,4.5083775,-10.51698826,37.58,1002272.90104833
2023-06-17,3,BTC-230630-22000-P,BTCUSDT,P,230630-22000,195.0,195.0,195.0,195.0,0.0,0.0,65.0,85.0,2.63,2.5,,0.62476456,74.0,0.60686529,-0.05549853,3.701e-05,5.58818413,-12.87823672,37.58,986848.57410766
2023-06-17,13,BTC-230630-22000-P,BTCUSDT,P,230630-22000,195.0,195.0,195.0,195.0,0.0,0.0,35.0,55.0,4.75,2.5,,0.60589731,44.0,0.58100551,-0.03704778,2.808e-05,4.01732692,-9.15328224,37.58,997831.02764166
2023-06-17,21,BTC-230630-22000-P,BTCUSDT,P,230630-22000,195.0,195.0,195.0,195.0,0.0,0.0,40.0,55.0,4.2,2.5,,0.61128438,47.0,0.59306622,-0.03885062,2.901e-05,4.11683468,-9.83175821,37.58,996529.1532
2023-06-17,12,BTC-230630-22000-P,BTCUSDT,P,230630-22000,195.0,195.0,195.0,195.0,0.0,0.0,35.0,55.0,10.75,8.5,,0.60205281,44.0,0.57728112,-0.03724595,2.837e-05,4.03687694,-9.10909729,37.58,996634.790167
2023-06-17,15,BTC-230630-22000-P,BTCUSDT,P,230630-22000,195.0,195.0,195.0,195.0,0.0,0.0,40.0,60.0,12.83,8.5,,0.60522258,49.0,0.58207333,-0.04093488,3.066e-05,4.32029356,-9.92654749,37.58,992812.60270099
2023-06-17,23,BTC-230630-22000-P,BTCUSDT,P,230630-22000,195.0,195.0,195.0,195.0,0.0,0.0,40.0,55.0,4.2,2.5,,0.61268747,47.0,0.59442073,-0.03889742,2.907e-05,4.10596582,-9.8946037,37.58,996543.470767
2023-06-17,4,BTC-230630-22000-P,BTCUSDT,P,230630-22000,195.0,195.0,195.0,195.0,0.0,0.0,65.0,85.0,2.63,2.5,,0.63544095,74.0,0.61733782,-0.0545636,3.583e-05,5.52505422,-12.99360737,37.58,990426.06208801
2023-06-17,18,BTC-230630-22000-P,BTCUSDT,P,230630-22000,195.0,195.0,195.0,195.0,0.0,0.0,40.0,55.0,4.2,2.5,,0.60802579,47.0,0.5899027,-0.03886536,2.903e-05,4.13845003,-9.73268009,37.58,996542.32271866
2023-06-17,19,BTC-230630-22000-P,BTCUSDT,P,230630-22000,195.0,195.0,195.0,195.0,0.0,0.0,40.0,60.0,12.7,8.5,,0.61548054,49.0,0.59201777,-0.04047061,2.999e-05,4.2625183,-10.09393697,37.58,995057.82599567
2023-06-17,1,BTC-230630-22000-P,BTCUSDT,P,230630-22000,195.0,195.0,195.0,195.0,0.0,0.0,65.0,85.0,2.63,2.5,,0.61650217,74.0,0.59877455,-0.05612318,3.782e-05,5.64214775,-12.74857185,37.58,984751.03608369
2023-06-17,14,BTC-230630-22000-P,BTCUSDT,P,230630-22000,195.0,195.0,195.0,195.0,0.0,0.0,35.0,55.0,4.75,2.5,,0.60167372,44.0,0.57688653,-0.0374095,2.861e-05,4.03437792,-9.15688988,37.58,995840.94776935
2023-06-17,0,BTC-230630-22000-P,BTCUSDT,P,230630-22000,195.0,195.0,195.0,195.0,0.0,0.0,65.0,90.0,2.63,2.5,,0.63579619,76.0,0.61374843,-0.05605693,3.664e-05,5.67144299,-13.09405469,37.58,989112.07945266
2023-06-17,16,BTC-230630-22000-P,BTCUSDT,P,230630-22000,195.0,195.0,195.0,195.0,0.0,0.0,40.0,60.0,12.83,8.5,,0.61245739,49.0,0.58911026,-0.04046819,2.999e-05,4.28362549,-9.99415081,37.58,995323.28533399
2023-06-17,11,BTC-230630-22000-P,BTCUSDT,P,230630-22000,195.0,195.0,195.0,195.0,0.0,0.0,35.0,55.0,7.23,2.5,,0.60000241,44.0,0.57530105,-0.03732075,2.848e-05,4.04835116,-9.07409835,37.58,996599.06025933
2023-06-17,20,BTC-230630-22000-P,BTCUSDT,P,230630-22000,195.0,195.0,195.0,195.0,0.0,0.0,40.0,60.0,6.7,2.5,,0.62289059,49.0,0.59922576,-0.04000521,2.933e-05,4.22606027,-10.1633156,37.58,997435.85122868
2023-06-17,9,BTC-230630-22000-P,BTCUSDT,P,230630-22000,195.0,195.0,195.0,195.0,0.0,0.0,35.0,50.0,12.32,2.5,,0.59482276,42.0,0.57562768,-0.03545388,2.712e-05,3.90699942,-8.70570194,37.58,999543.28807268
2023-06-17,8,BTC-230630-22000-P,BTCUSDT,P,230630-22000,195.0,195.0,195.0,195.0,0.0,0.0,35.0,55.0,12.34,2.5,,0.60563862,44.0,0.58081806,-0.0367283,2.761e-05,4.02890736,-9.02917063,37.58,999870.09366366
2023-06-17,10,BTC-230630-22000-P,BTCUSDT,P,230630-22000,195.0,195.0,195.0,195.0,0.0,0.0,50.0,55.0,6.08,2.5,,0.60627997,52.0,0.60062468,-0.04135236,2.952e-05,4.42069627,-10.3113666,37.58,999584.71279567
2023-06-17,17,BTC-230630-22000-P,BTCUSDT,P,230630-22000,195.0,195.0,195.0,195.0,0.0,0.0,40.0,60.0,6.83,2.5,,0.60837924,49.0,0.5851239,-0.04084775,3.053e-05,4.30055224,-9.9987559,37.58,993017.88861335
2023-06-17,7,BTC-230630-22000-P,BTCUSDT,P,230630-22000,195.0,195.0,195.0,195.0,0.0,0.0,40.0,60.0,2.63,2.5,,0.61472356,49.0,0.59143066,-0.03964297,2.882e-05,4.29356715,-9.76671158,37.58,999250.57291001
2023-06-17,22,BTC-230630-22000-P,BTCUSDT,P,230630-22000,195.0,195.0,195.0,195.0,0.0,0.0,40.0,55.0,4.2,2.5,,0.61682642,47.0,0.59848726,-0.03853199,2.855e-05,4.08965589,-9.88931171,37.58,998499.28263498
2023-06-17,5,BTC-230630-22000-P,BTCUSDT,P,230630-22000,195.0,195.0,195.0,195.0,0.0,0.0,45.0,70.0,3.84,2.9,,0.64204991,56.0,0.61490238,-0.04286263,2.933e-05,4.60549973,-10.82266329,37.58,1002550.10516935
2023-06-17,2,BTC-230630-22000-P,BTCUSDT,P,230630-22000,195.0,195.0,195.0,195.0,0.0,0.0,65.0,85.0,2.63,2.5,,0.62532127,74.0,0.60742259,-0.0553475,3.682e-05,5.58823817,-12.84953614,37.58,987468.61932967
2023-06-18,6,BTC-230630-22000-P,BTCUSDT,P,230630-22000,195.0,195.0,195.0,195.0,0.0,0.0,50.0,55.0,3.85,2.5,,0.62266886,52.0,0.61684757,-0.0416655,2.995e-05,4.2944173,-10.9993011,37.58,997543.93708999
2023-06-18,3,BTC-230630-22000-P,BTCUSDT,P,230630-22000,195.0,195.0,195.0,195.0,0.0,0.0,40.0,60.0,6.7,2.5,,0.63084066,49.0,0.60688049,-0.03996759,2.928e-05,4.17394939,-10.40994258,37.58,997611.01945501
2023-06-18,13,BTC-230630-22000-P,BTCUSDT,P,230630-22000,195.0,195.0,50.0,50.0,1.0,1.0,30.0,50.0,13.26,2.5,,0.61318219,39.0,0.58556676,-0.0344004,2.737e-05,3.62058342,-9.02165584,38.58,1022131.62223512
2023-06-18,21,BTC-230630-22000-P,BTCUSDT,P,230630-22000,50.0,50.0,50.0,50.0,1.0,1.0,35.0,55.0,7.85,8.39,,0.62620699,44.0,0.60029566,-0.03798613,2.947e-05,3.85946268,-10.146641,38.58,1019042.82264399
2023-06-18,12,BTC-230630-22000-P,BTCUSDT,P,230630-22000,195.0,195.0,50.0,50.0,1.0,1.0,30.0,50.0,13.26,2.5,,0.61665893,39.0,0.58895081,-0.03411361,2.694e-05,3.60847329,-9.01149622,38.58,1023729.10132754
2023-06-18,15,BTC-230630-22000-P,BTCUSDT,P,230630-22000,50.0,50.0,50.0,50.0,1.0,1.0,30.0,50.0,7.26,2.5,,0.6224817,39.0,0.59454739,-0.03395718,2.67e-05,3.57923506,-9.12009753,38.58,1024709.77525065
2023-06-18,23,BTC-230630-22000-P,BTCUSDT,P,230630-22000,50.0,50.0,50.0,50.0,1.0,1.0,35.0,55.0,7.85,5.19,,0.62133491,44.0,0.59553027,-0.03847657,3.02e-05,3.87543151,-10.18206362,38.58,1016239.37514713
2023-06-18,4,BTC-230630-22000-P,BTCUSDT,P,230630-22000,195.0,195.0,195.0,195.0,0.0,0.0,40.0,55.0,4.2,2.5,,0.61967075,47.0,0.60121298,-0.03877498,2.89e-05,4.06344008,-10.07417835,37.58,997173.58825501
2023-06-18,18,BTC-230630-22000-P,BTCUSDT,P,230630-22000,50.0,50.0,50.0,50.0,1.0,1.0,35.0,55.0,3.88,3.16,,0.64369857,44.0,0.61734438,-0.03660153,2.743e-05,3.79439205,-10.14777295,38.58,1027006.85812754
2023-06-18,19,BTC-230630-22000-P,BTCUSDT,P,230630-22000,50.0,50.0,50.0,50.0,1.0,1.0,30.0,55.0,6.31,3.16,,0.64771295,41.0,0.61328739,-0.03471148,2.645e-05,3.63037656,-9.68026923,38.58,1027994.31534713
2023-06-18,1,BTC-230630-22000-P,BTCUSDT,P,230630-22000,195.0,195.0,195.0,195.0,0.0,0.0,40.0,60.0,6.7,2.5,,0.62319219,49.0,0.59945405,-0.0403641,2.984e-05,4.21302521,-10.30821477,37.58,995399.88245933
2023-06-18,14,BTC-230630-22000-P,BTCUSDT,P,230630-22000,50.0,50.0,50.0,50.0,1.0,1.0,30.0,50.0,7.26,2.5,,0.62021732,39.0,0.59236854,-0.03402869,2.681e-05,3.59022982,-9.08215134,38.58,1024133.95391201
2023-06-18,0,BTC-230630-22000-P,BTCUSDT,P,230630-22000,195.0,195.0,195.0,195.0,0.0,0.0,40.0,55.0,4.2,2.5,,0.60753644,47.0,0.58936298,-0.03934071,2.972e-05,4.12705978,-9.89423981,37.58,994150.76455599
2023-06-18,16,BTC-230630-22000-P,BTCUSDT,P,230630-22000,50.0,50.0,50.0,50.0,1.0,1.0,35.0,50.0,3.88,2.8,,0.62927485,42.0,0.60899109,-0.03530949,2.69e-05,3.69735834,-9.68453243,38.58,1026620.1847782
2023-06-18,11,BTC-230630-22000-P,BTCUSDT,P,230630-22000,195.0,195.0,50.0,50.0,1.0,1.0,30.0,50.0,10.83,8.5,,0.61221361,39.0,0.58465838,-0.03432485,2.726e-05,3.62851309,-8.96382476,38.58,1022398.46440888
2023-06-18,20,BTC-230630-22000-P,BTCUSDT,P,230630-22000,50.0,50.0,50.0,50.0,1.0,1.0,35.0,55.0,7.85,8.39,,0.63130438,44.0,0.6052655,-0.03756545,2.884e-05,3.84049098,-10.1433353,38.58,1021362.15897376
2023-06-18,9,BTC-230630-22000-P,BTCUSDT,P,230630-22000,195.0,195.0,50.0,50.0,1.0,1.0,35.0,50.0,5.9,1.5,,0.61267197,42.0,0.59283257,-0.03588374,2.775e-05,3.78023836,-9.40299117,38.58,1023424.62457598
2023-06-18,8,BTC-230630-22000-P,BTCUSDT,P,230630-22000,195.0,195.0,195.0,195.0,0.0,0.0,35.0,50.0,8.33,2.5,,0.60898721,42.0,0.58924019,-0.03605661,2.801e-05,3.797911,-9.35698807,37.58,995914.53436502
2023-06-18,10,BTC-230630-22000-P,BTCUSDT,P,230630-22000,195.0,195.0,50.0,50.0,1.0,1.0,35.0,55.0,8.4,5.66,,0.62352657,44.0,0.59785366,-0.03733544,2.85e-05,3.89519163,-9.80527287,38.58,1022445.37090535
2023-06-18,17,BTC-230630-22000-P,BTCUSDT,P,230630-22000,50.0,50.0,50.0,50.0,1.0,1.0,35.0,50.0,3.88,2.8,,0.63150167,42.0,0.61115742,-0.03524047,2.68e-05,3.68635706,-9.7249304,38.58,1027460.00354491
2023-06-18,7,BTC-230630-22000-P,BTCUSDT,P,230630-22000,195.0,195.0,195.0,195.0,0.0,0.0,40.0,55.0,2.26,2.5,,0.62776625,47.0,0.60911477,-0.03843729,2.841e-05,4.02127875,-10.20590794,37.58,999085.65452534
2023-06-18,22,BTC-230630-22000-P,BTCUSDT,P,230630-22000,50.0,50.0,50.0,50.0,1.0,1.0,35.0,50.0,5.35,2.5,,0.61483204,42.0,0.59479654,-0.03668498,2.896e-05,3.74327709,-9.78675159,38.58,1018852.25864178
2023-06-18,5,BTC-230630-22000-P,BTCUSDT,P,230630-22000,195.0,195.0,195.0,195.0,0.0,0.0,40.0,55.0,4.2,2.5,,0.62140405,47.0,0.60290128,-0.03872831,2.883e-05,4.05351776,-10.11255047,37.58,997725.312211
2023-06-18,2,BTC-230630-22000-P,BTCUSDT,P,230630-22000,195.0,195.0,195.0,195.0,0.0,0.0,40.0,60.0,6.7,2.5,,0.62282681,49.0,0.5990842,-0.04046785,2.999e-05,4.2123229,-10.33529158,37.58,994982.31910334
2023-06-19,6,BTC-230630-22000-P,BTCUSDT,P,230630-22000,50.0,50.0,50.0,50.0,1.0,1.0,30.0,50.0,10.16,10.6,,0.62642157,39.0,0.59812367,-0.03477902,2.796e-05,3.53337018,-9.57006848,38.58,1019549.35260666
2023-06-19,3,BTC-230630-22000-P,BTCUSDT,P,230630-22000,50.0,50.0,50.0,50.0,1.0,1.0,35.0,50.0,2.5,2.5,,0.62032998,42.0,0.60011297,-0.03669902,2.899e-05,3.70970706,-9.96824343,38.58,1018016.5268111
2023-06-19,13,BTC-230630-22000-P,BTCUSDT,P,230630-22000,50.0,50.0,40.0,40.0,5.09,5.09,25.0,40.0,12.03,4.22,,0.61891079,31.0,0.59436858,-0.02949091,2.478e-05,3.05480551,-8.44501605,43.67,1158719.96533753
2023-06-19,21,BTC-230630-22000-P,BTCUSDT,P,230630-22000,50.0,50.0,40.0,40.0,5.09,5.09,25.0,45.0,8.08,2.5,,0.66649973,34.0,0.63370347,-0.02965454,2.352e-05,3.04746105,-9.26968558,43.67,1168507.64085585
2023-06-19,12,BTC-230630-22000-P,BTCUSDT,P,230630-22000,50.0,50.0,40.0,40.0,5.09,5.09,25.0,40.0,12.03,4.22,,0.61723292,31.0,0.5927515,-0.02951674,2.483e-05,3.06238448,-8.41033694,43.67,1158581.58902428
2023-06-19,15,BTC-230630-22000-P,BTCUSDT,P,230630-22000,50.0,50.0,40.0,40.0,5.09,5.09,35.0,45.0,10.26,2.5,,0.62608659,39.0,0.61177909,-0.03501757,2.795e-05,3.4945645,-10.02140243,43.67,1154824.97085254
2023-06-19,23,BTC-230630-22000-P,BTCUSDT,P,230630-22000,50.0,50.0,40.0,40.0,5.09,5.09,25.0,45.0,9.45,2.5,,0.67681253,34.0,0.64362228,-0.02927185,2.293e-05,3.01118086,-9.37771412,43.67,1172600.12451766
2023-06-19,4,BTC-230630-22000-P,BTCUSDT,P,230630-22000,50.0,50.0,50.0,50.0,1.0,1.0,30.0,55.0,4.16,4.73,,0.6361419,41.0,0.6019628,-0.03609962,2.853e-05,3.65687773,-9.89349251,38.58,1019603.76312533
2023-06-19,18,BTC-230630-22000-P,BTCUSDT,P,230630-22000,50.0,50.0,40.0,40.0,5.09,5.09,35.0,55.0,2.95,4.75,,0.6604445,44.0,0.63323408,-0.0374207,2.863e-05,3.67507275,-11.03800207,43.67,1158731.28594525
2023-06-19,19,BTC-230630-22000-P,BTCUSDT,P,230630-22000,50.0,50.0,40.0,40.0,5.09,5.09,30.0,50.0,9.38,2.5,,0.66829503,39.0,0.63847601,-0.03325896,2.565e-05,3.35285019,-10.19386697,43.67,1165017.95196027
2023-06-19,1,BTC-230630-22000-P,BTCUSDT,P,230630-22000,50.0,50.0,50.0,50.0,1.0,1.0,35.0,55.0,7.85,5.19,,0.63355744,44.0,0.60737848,-0.03780271,2.919e-05,3.81995825,-10.31181361,38.58,1020117.32227911
2023-06-19,14,BTC-230630-22000-P,BTCUSDT,P,230630-22000,50.0,50.0,40.0,40.0,5.09,5.09,25.0,45.0,14.44,2.5,,0.62281847,34.0,0.59166819,-0.03152773,2.648e-05,3.20889027,-8.86504081,43.67,1153941.10444967
2023-06-19,0,BTC-230630-22000-P,BTCUSDT,P,230630-22000,50.0,50.0,50.0,50.0,1.0,1.0,35.0,55.0,7.85,5.19,,0.62517107,44.0,0.59924304,-0.03829162,2.993e-05,3.85698978,-10.23440397,38.58,1016786.02830979
2023-06-19,16,BTC-230630-22000-P,BTCUSDT,P,230630-22000,50.0,50.0,40.0,40.0,5.09,5.09,30.0,45.0,3.73,2.5,,0.6330651,37.0,0.61051011,-0.03295151,2.664e-05,3.32467842,-9.5517533,43.67,1157393.92818676
2023-06-19,11,BTC-230630-22000-P,BTCUSDT,P,230630-22000,50.0,50.0,50.0,50.0,5.0,5.0,35.0,45.0,0.11,2.5,,0.62153637,39.0,0.60733497,-0.0349996,2.792e-05,3.52065268,-9.86867635,43.58,1152544.15934503
2023-06-19,20,BTC-230630-22000-P,BTCUSDT,P,230630-22000,50.0,50.0,40.0,40.0,5.09,5.09,35.0,45.0,5.6,2.5,,0.66069543,39.0,0.64580679,-0.03333485,2.541e-05,3.35804384,-10.36802444,43.67,1167289.4973989
2023-06-19,9,BTC-230630-22000-P,BTCUSDT,P,230630-22000,50.0,50.0,50.0,50.0,5.0,5.0,35.0,45.0,0.63,2.5,,0.61435878,39.0,0.60028672,-0.03530401,2.839e-05,3.55295562,-9.768503,43.58,1150423.64753615
2023-06-19,8,BTC-230630-22000-P,BTCUSDT,P,230630-22000,50.0,50.0,50.0,50.0,6.0,6.0,35.0,50.0,0.63,8.5,,0.62774599,42.0,0.60730368,-0.036598,2.883e-05,3.66876785,-10.1660252,43.58,1151243.48311627
2023-06-19,10,BTC-230630-22000-P,BTCUSDT,P,230630-22000,50.0,50.0,50.0,50.0,5.0,5.0,35.0,45.0,0.74,2.5,,0.6134361,39.0,0.59936941,-0.03543825,2.86e-05,3.55442786,-9.79500253,43.58,1149465.37601522
2023-06-19,17,BTC-230630-22000-P,BTCUSDT,P,230630-22000,50.0,50.0,40.0,40.0,5.09,5.09,30.0,45.0,3.73,2.5,,0.65092623,37.0,0.62792003,-0.03200526,2.518e-05,3.25941899,-9.66922317,43.67,1163863.36994856
2023-06-19,7,BTC-230630-22000-P,BTCUSDT,P,230630-22000,50.0,50.0,50.0,50.0,6.0,6.0,35.0,50.0,0.73,2.5,,0.62761784,42.0,0.60719073,-0.03652893,2.873e-05,3.67150924,-10.1332001,43.58,1151762.20484186
2023-06-19,22,BTC-230630-22000-P,BTCUSDT,P,230630-22000,50.0,50.0,40.0,40.0,5.09,5.09,25.0,45.0,9.45,2.5,,0.66640317,34.0,0.63359082,-0.02972743,2.363e-05,3.0459459,-9.30063229,43.67,1168431.57347461
2023-06-19,5,BTC-230630-22000-P,BTCUSDT,P,230630-22000,50.0,50.0,50.0,50.0,1.0,1.0,30.0,55.0,4.16,4.73,,0.64111888,41.0,0.60673594,-0.03585931,2.817e-05,3.63517887,-9.9500363,38.58,1021094.4773671
2023-06-19,2,BTC-230630-22000-P,BTCUSDT,P,230630-22000,50.0,50.0,50.0,50.0,1.0,1.0,35.0,50.0,2.5,2.5,,0.62362611,42.0,0.60334802,-0.03640668,2.854e-05,3.698556,-9.95470985,38.58,1020312.26998669
2023-06-20,6,BTC-230630-22000-P,BTCUSDT,P,230630-22000,50.0,50.0,40.0,40.0,5.09,5.09,25.0,45.0,12.91,4.05,,0.68094909,34.0,0.64747334,-0.02954898,2.336e-05,2.98556543,-9.62525368,43.67,1169710.77814967
2023-06-20,3,BTC-230630-22000-P,BTCUSDT,P,230630-22000,50.0,50.0,40.0,40.0,5.09,5.09,25.0,45.0,4.54,4.05,,0.68758547,34.0,0.65394461,-0.02901552,2.255e-05,2.97077937,-9.55437518,43.67,1174471.95988565
2023-06-20,13,BTC-230630-22000-P,BTCUSDT,P,230630-22000,40.0,40.0,40.0,40.0,0.0,0.0,25.0,45.0,9.23,8.57,,0.6934917,34.0,0.65943509,-0.02943028,2.317e-05,2.93463675,-9.9241034,43.67,1171978.09575585
2023-06-20,21,BTC-230630-22000-P,BTCUSDT,P,230630-22000,40.0,40.0,40.0,40.0,0.0,0.0,25.0,30.0,4.05,2.5,,0.78347743,27.0,0.77227086,-0.02046006,1.414e-05,2.23047935,-9.14618805,43.67,1228197.67802539
2023-06-20,12,BTC-230630-22000-P,BTCUSDT,P,230630-22000,40.0,40.0,40.0,40.0,0.0,0.0,25.0,40.0,9.23,2.5,,0.68121135,31.0,0.6545943,-0.02788864,2.224e-05,2.81648788,-9.41440717,43.67,1172608.78173532
2023-06-20,15,BTC-230630-22000-P,BTCUSDT,P,230630-22000,40.0,40.0,40.0,40.0,0.0,0.0,25.0,40.0,9.23,8.5,,0.70802629,31.0,0.68062603,-0.02687707,2.071e-05,2.73583202,-9.63142897,43.67,1182224.13351435
2023-06-20,23,BTC-230630-22000-P,BTCUSDT,P,230630-22000,40.0,40.0,40.0,40.0,0.0,0.0,15.0,30.0,0.12,2.5,,0.8027482,21.0,0.76307267,-0.01676663,1.206e-05,1.88569699,-7.70851099,43.67,1236256.26628786
2023-06-20,4,BTC-230630-22000-P,BTCUSDT,P,230630-22000,50.0,50.0,40.0,40.0,5.09,5.09,25.0,40.0,4.54,2.5,,0.68102539,31.0,0.65454602,-0.02736755,2.144e-05,2.83106498,-9.15091458,43.67,1177485.41063532
2023-06-20,18,BTC-230630-22000-P,BTCUSDT,P,230630-22000,40.0,40.0,40.0,40.0,0.0,0.0,20.0,35.0,2.49,2.5,,0.79347432,26.0,0.75981081,-0.02028886,1.421e-05,2.22514596,-8.85949989,43.67,1226588.55849779
2023-06-20,19,BTC-230630-22000-P,BTCUSDT,P,230630-22000,40.0,40.0,40.0,40.0,0.0,0.0,25.0,40.0,5.68,2.5,,0.80341876,31.0,0.77339053,-0.02340822,1.584e-05,2.49592306,-10.15958373,43.67,1221348.0145309
2023-06-20,1,BTC-230630-22000-P,BTCUSDT,P,230630-22000,50.0,50.0,40.0,40.0,5.09,5.09,25.0,45.0,7.04,6.55,,0.68463147,34.0,0.65113246,-0.0290229,2.256e-05,2.98339109,-9.47600292,43.67,1174638.20341766
2023-06-20,14,BTC-230630-22000-P,BTCUSDT,P,230630-22000,40.0,40.0,40.0,40.0,0.0,0.0,25.0,40.0,9.23,2.5,,0.67682087,31.0,0.65029025,-0.02823246,2.278e-05,2.82571084,-9.46367392,43.67,1168933.81206689
2023-06-20,0,BTC-230630-22000-P,BTCUSDT,P,230630-22000,50.0,50.0,40.0,40.0,5.09,5.09,25.0,55.0,6.97,4.75,,0.71996331,38.0,0.6726563,-0.03099666,2.293e-05,3.16836874,-10.3541091,43.67,1177866.2322309
2023-06-20,16,BTC-230630-22000-P,BTCUSDT,P,230630-22000,40.0,40.0,40.0,40.0,0.0,0.0,25.0,30.0,10.8,5.0,,0.70418,27.0,0.6938228,-0.02289723,1.76e-05,2.413408,-8.69857396,43.67,1195335.96943311
2023-06-20,11,BTC-230630-22000-P,BTCUSDT,P,230630-22000,40.0,40.0,40.0,40.0,0.09,0.09,25.0,40.0,9.23,2.5,,0.68521559,31.0,0.65850616,-0.0276351,2.185e-05,2.806684,-9.3977111,43.67,1175056.61000662
2023-06-20,20,BTC-230630-22000-P,BTCUSDT,P,230630-22000,40.0,40.0,40.0,40.0,0.0,0.0,20.0,35.0,2.5,2.5,,0.80414712,26.0,0.77011704,-0.02007059,1.391e-05,2.2011445,-8.96107573,43.67,1229687.45848013
2023-06-20,9,BTC-230630-22000-P,BTCUSDT,P,230630-22000,40.0,40.0,40.0,40.0,0.09,0.09,25.0,40.0,9.23,2.5,,0.66964805,31.0,0.64339846,-0.0282337,2.278e-05,2.85594649,-9.26475347,43.67,1169356.13455916
2023-06-20,8,BTC-230630-22000-P,BTCUSDT,P,230630-22000,40.0,40.0,40.0,40.0,0.09,0.09,25.0,40.0,9.23,2.5,,0.66555917,31.0,0.63943833,-0.02836351,2.298e-05,2.87004711,-9.21447364,43.67,1168352.07487903
2023-06-20,10,BTC-230630-22000-P,BTCUSDT,P,230630-22000,40.0,40.0,40.0,40.0,0.09,0.09,25.0,40.0,9.23,2.5,,0.67047298,31.0,0.64418435,-0.02826174,2.282e-05,2.85168364,-9.30130543,43.67,1169217.41752428
2023-06-20,17,BTC-230630-22000-P,BTCUSDT,P,230630-22000,40.0,40.0,40.0,40.0,0.0,0.0,25.0,35.0,4.9,2.5,,0.76415241,29.0,0.74364483,-0.02281821,1.616e-05,2.4372183,-9.45611796,43.67,1212289.03294856
2023-06-20,7,BTC-230630-22000-P,BTCUSDT,P,230630-22000,40.0,40.0,40.0,40.0,0.09,0.09,25.0,40.0,4.41,2.5,,0.67204177,31.0,0.6457597,-0.02798511,2.239e-05,2.85234322,-9.20963088,43.67,1171772.76037572
2023-06-20,22,BTC-230630-22000-P,BTCUSDT,P,230630-22000,40.0,40.0,40.0,40.0,0.0,0.0,15.0,30.0,2.5,2.5,,0.79275548,21.0,0.7534647,-0.01697772,1.236e-05,1.90422534,-7.6520695,43.67,1231741.50812318
2023-06-20,5,BTC-230630-22000-P,BTCUSDT,P,230630-22000,50.0,50.0,40.0,40.0,5.09,5.09,25.0,45.0,13.04,6.55,,0.6823796,34.0,0.64887583,-0.02940825,2.314e-05,2.98301278,-9.59802981,43.67,1171310.11271766
2023-06-20,2,BTC-230630-22000-P,BTCUSDT,P,230630-22000,50.0,50.0,40.0,40.0,5.09,5.09,25.0,45.0,4.54,4.05,,0.68813264,34.0,0.65449357,-0.02892091,2.24e-05,2.97092952,-9.52384683,43.67,1175374.47001987
2023-06-21,6,BTC-230630-22000-P,BTCUSDT,P,230630-22000,40.0,40.0,40.0,40.0,0.0,0.0,10.0,20.0,11.26,2.5,,0.81507623,14.0,0.7783848,-0.01141022,8.46e-06,1.35796275,-5.84525098,43.67,1260461.97621876
2023-06-21,3,BTC-230630-22000-P,BTCUSDT,P,230630-22000,40.0,40.0,40.0,40.0,0.0,0.0,10.0,15.0,5.26,5.0,,0.76480687,12.0,0.74475586,-0.01030746,8.08e-06,1.24515475,-5.05819164,43.67,1253828.12890441
2023-06-21,13,BTC-230630-22000-P,BTCUSDT,P,230630-22000,40.0,40.0,40.0,40.0,0.0,0.0,10.0,20.0,10.12,2.5,,0.86766064,14.0,0.82904994,-0.01077131,7.56e-06,1.29030171,-6.11270368,43.67,1278108.62490993
2023-06-21,21,BTC-230630-22000-P,BTCUSDT,P,230630-22000,40.0,40.0,15.0,15.0,1.0,1.0,10.0,20.0,3.38,2.5,,0.93445599,14.0,0.89343667,-0.01004752,6.6e-06,1.21435582,-6.44523881,42.67,1275050.72291882
2023-06-21,12,BTC-230630-22000-P,BTCUSDT,P,230630-22000,40.0,40.0,40.0,40.0,0.0,0.0,15.0,20.0,3.48,2.5,,0.83018124,17.0,0.81364274,-0.013093,9.23e-06,1.51073179,-6.99067869,43.67,1261783.55519007
2023-06-21,15,BTC-230630-22000-P,BTCUSDT,P,230630-22000,40.0,40.0,40.0,40.0,0.0,0.0,15.0,20.0,2.61,2.5,,0.91798782,17.0,0.90014368,-0.01165084,7.35e-06,1.40014335,-7.27112602,43.67,1304822.26934856
2023-06-21,23,BTC-230630-22000-P,BTCUSDT,P,230630-22000,40.0,40.0,15.0,15.0,1.0,1.0,15.0,20.0,3.93,2.5,,0.94894469,17.0,0.9305644,-0.01145151,7.11e-06,1.35928258,-7.58938935,42.67,1280816.46681205
2023-06-21,4,BTC-230630-22000-P,BTCUSDT,P,230630-22000,40.0,40.0,40.0,40.0,0.0,0.0,10.0,15.0,5.26,5.0,,0.77325761,12.0,0.75302869,-0.0101979,7.91e-06,1.23420147,-5.09253666,43.67,1256838.84907903
2023-06-21,18,BTC-230630-22000-P,BTCUSDT,P,230630-22000,40.0,40.0,15.0,15.0,1.0,1.0,15.0,20.0,3.41,2.5,,0.94877303,17.0,0.93045473,-0.01127473,6.9e-06,1.36386161,-7.42834988,42.67,1286396.68998584
2023-06-21,19,BTC-230630-22000-P,BTCUSDT,P,230630-22000,40.0,40.0,15.0,15.0,1.0,1.0,15.0,20.0,3.41,2.5,,0.94964266,17.0,0.93129992,-0.01129685,6.93e-06,1.36206935,-7.46172565,42.67,1285748.5795759
2023-06-21,1,BTC-230630-22000-P,BTCUSDT,P,230630-22000,40.0,40.0,40.0,40.0,0.0,0.0,10.0,25.0,7.75,2.5,,0.82695305,16.0,0.77732921,-0.0126951,9.21e-06,1.50303193,-6.31540083,43.67,1258545.95736799
2023-06-21,14,BTC-230630-22000-P,BTCUSDT,P,230630-22000,40.0,40.0,40.0,40.0,0.0,0.0,10.0,30.0,12.71,13.42,,0.94646513,18.0,0.87932229,-0.01250492,8.06e-06,1.47767304,-7.46037767,43.67,1288160.69588455
2023-06-21,0,BTC-230630-22000-P,BTCUSDT,P,230630-22000,40.0,40.0,40.0,40.0,0.0,0.0,10.0,30.0,8.74,7.53,,0.81481874,18.0,0.75526476,-0.01449812,1.074e-05,1.66737067,-6.77652776,43.67,1240461.90323863
2023-06-21,16,BTC-230630-22000-P,BTCUSDT,P,230630-22000,40.0,40.0,15.0,15.0,1.0,1.0,10.0,20.0,2.81,2.5,,0.94626129,14.0,0.90497911,-0.00973183,6.2e-06,1.20654204,-6.32981955,42.67,1287813.37149789
2023-06-21,11,BTC-230630-22000-P,BTCUSDT,P,230630-22000,40.0,40.0,40.0,40.0,0.0,0.0,10.0,20.0,8.66,2.5,,0.83167851,14.0,0.79431951,-0.01129033,8.28e-06,1.33366381,-5.99634225,43.67,1264715.74614746
2023-06-21,20,BTC-230630-22000-P,BTCUSDT,P,230630-22000,40.0,40.0,15.0,15.0,1.0,1.0,15.0,20.0,4.8,2.5,,0.94124377,17.0,0.92300892,-0.01146182,7.12e-06,1.37015281,-7.47583174,42.67,1277891.16166025
2023-06-21,9,BTC-230630-22000-P,BTCUSDT,P,230630-22000,40.0,40.0,40.0,40.0,0.0,0.0,10.0,20.0,11.26,2.5,,0.82641363,14.0,0.78927547,-0.01131358,8.32e-06,1.34160948,-5.93774623,43.67,1263087.48380331
2023-06-21,8,BTC-230630-22000-P,BTCUSDT,P,230630-22000,40.0,40.0,40.0,40.0,0.0,0.0,10.0,30.0,11.26,11.03,,0.86720288,18.0,0.8045274,-0.01372446,9.66e-06,1.58383009,-7.11198931,43.67,1258509.33695364
2023-06-21,10,BTC-230630-22000-P,BTCUSDT,P,230630-22000,40.0,40.0,40.0,40.0,0.0,0.0,10.0,20.0,2.66,2.5,,0.82071006,14.0,0.78374267,-0.01144441,8.51e-06,1.34783509,-5.95128515,43.67,1259184.97903863
2023-06-21,17,BTC-230630-22000-P,BTCUSDT,P,230630-22000,40.0,40.0,15.0,15.0,1.0,1.0,15.0,25.0,3.41,8.5,,0.97300947,19.0,0.93939394,-0.01242395,7.43e-06,1.48479558,-8.12508398,42.67,1283890.39954503
2023-06-21,7,BTC-230630-22000-P,BTCUSDT,P,230630-22000,40.0,40.0,40.0,40.0,0.0,0.0,10.0,20.0,11.26,2.5,,0.81821382,14.0,0.78139514,-0.01138861,8.42e-06,1.35327476,-5.874672,43.67,1260755.23226579
2023-06-21,22,BTC-230630-22000-P,BTCUSDT,P,230630-22000,40.0,40.0,15.0,15.0,1.0,1.0,15.0,20.0,3.93,2.5,,0.95728874,17.0,0.93880147,-0.011288,6.91e-06,1.35140639,-7.57433161,42.67,1285123.72666025
2023-06-21,5,BTC-230630-22000-P,BTCUSDT,P,230630-22000,40.0,40.0,40.0,40.0,0.0,0.0,10.0,15.0,11.26,5.0,,0.79075158,12.0,0.77016771,-0.00994857,7.54e-06,1.21289699,-5.14201597,43.67,1264256.52490441
2023-06-21,2,BTC-230630-22000-P,BTCUSDT,P,230630-22000,40.0,40.0,40.0,40.0,0.0,0.0,10.0,25.0,7.75,2.5,,0.82874,16.0,0.77900767,-0.01269667,9.21e-06,1.49975468,-6.34381321,43.67,1257332.13292207
2023-06-22,6,BTC-230630-22000-P,BTCUSDT,P,230630-22000,15.0,15.0,15.0,15.0,1.0,1.0,15.0,20.0,3.93,8.5,,0.97773492,17.0,0.95885694,-0.01127606,6.9e-06,1.32343262,-7.89003563,42.67,1285637.19211987
2023-06-22,3,BTC-230630-22000-P,BTCUSDT,P,230630-22000,15.0,15.0,15.0,15.0,1.0,1.0,15.0,20.0,3.93,2.5,,0.98444402,17.0,0.96550882,-0.01106718,6.65e-06,1.3194217,-7.79945807,42.67,1292497.2667759
2023-06-22,13,BTC-230630-22000-P,BTCUSDT,P,230630-22000,15.0,15.0,15.0,15.0,1.0,1.0,10.0,15.0,4.47,2.5,,0.9664923,12.0,0.94207525,-0.00853641,5.59e-06,1.02239544,-6.2140129,42.67,1290253.45779218
2023-06-22,21,BTC-230630-22000-P,BTCUSDT,P,230630-22000,15.0,15.0,15.0,15.0,0.02,0.02,5.0,10.0,5.94,2.39,,0.92265368,7.0,0.88689357,-0.00569593,4.27e-06,0.69555177,-4.15873772,42.69,1283009.20061529
2023-06-22,12,BTC-230630-22000-P,BTCUSDT,P,230630-22000,15.0,15.0,15.0,15.0,1.0,1.0,15.0,20.0,6.04,8.5,,0.99198401,17.0,0.9728241,-0.0112952,6.92e-06,1.30397312,-8.1403289,42.67,1285290.62731776
2023-06-22,15,BTC-230630-22000-P,BTCUSDT,P,230630-22000,15.0,15.0,15.0,15.0,1.0,1.0,15.0,20.0,5.07,9.13,,0.97658694,17.0,0.95760703,-0.01164229,7.34e-06,1.31632901,-8.22080878,42.67,1273615.66048372
2023-06-22,23,BTC-230630-22000-P,BTCUSDT,P,230630-22000,15.0,15.0,15.0,15.0,0.02,0.02,5.0,35.0,5.94,4.11,,0.91375768,7.0,0.8782208,-0.00580921,4.44e-06,0.69994458,-4.19116988,42.69,1276583.10775371
2023-06-22,4,BTC-230630-22000-P,BTCUSDT,P,230630-22000,15.0,15.0,15.0,15.0,1.0,1.0,15.0,20.0,3.93,2.5,,0.99088192,17.0,0.97184241,-0.0110108,6.59e-06,1.31220573,-7.84772528,42.67,1294305.43381522
2023-06-22,18,BTC-230630-22000-P,BTCUSDT,P,230630-22000,15.0,15.0,15.0,15.0,0.02,0.02,5.0,15.0,5.94,2.5,,0.97110569,9.0,0.91084719,-0.00677538,4.8e-06,0.8201834,-4.95288794,42.69,1284725.67638241
2023-06-22,19,BTC-230630-22000-P,BTCUSDT,P,230630-22000,15.0,15.0,15.0,15.0,0.02,0.02,5.0,15.0,5.94,4.89,,0.98074734,9.0,0.91998816,-0.00671285,4.71e-06,0.81339616,-4.98875786,42.69,1290086.33474167
2023-06-22,1,BTC-230630-22000-P,BTCUSDT,P,230630-22000,40.0,40.0,15.0,15.0,1.0,1.0,15.0,20.0,3.93,2.5,,0.96755862,17.0,0.94888836,-0.01124247,6.86e-06,1.33816418,-7.69555534,42.67,1287060.84150211
2023-06-22,14,BTC-230630-22000-P,BTCUSDT,P,230630-22000,15.0,15.0,15.0,15.0,1.0,1.0,15.0,20.0,5.56,6.38,,0.96457362,17.0,0.94577938,-0.0117859,7.52e-06,1.32935498,-8.15528273,42.67,1268771.35413975
2023-06-22,0,BTC-230630-22000-P,BTCUSDT,P,230630-22000,40.0,40.0,15.0,15.0,1.0,1.0,15.0,20.0,3.93,2.5,,0.96339524,17.0,0.9447965,-0.01126836,6.89e-06,1.34331732,-7.65322453,42.67,1284654.21599006
2023-06-22,16,BTC-230630-22000-P,BTCUSDT,P,230630-22000,15.0,15.0,15.0,15.0,0.0,0.0,15.0,25.0,5.07,2.39,,1.02242053,19.0,0.98700792,-0.01257902,7.61e-06,1.40945421,-9.12223178,42.67,1278926.8563408
2023-06-22,11,BTC-230630-22000-P,BTCUSDT,P,230630-22000,15.0,15.0,15.0,15.0,1.0,1.0,15.0,20.0,6.04,8.5,,0.97322583,17.0,0.95434695,-0.01153462,7.21e-06,1.32340454,-8.06160784,42.67,1277515.49216702
2023-06-22,20,BTC-230630-22000-P,BTCUSDT,P,230630-22000,15.0,15.0,15.0,15.0,0.02,0.02,5.0,15.0,5.94,4.89,,0.97791612,9.0,0.91725469,-0.00676276,4.78e-06,0.81473226,-5.00993073,42.69,1287193.22405927
2023-06-22,9,BTC-230630-22000-P,BTCUSDT,P,230630-22000,15.0,15.0,15.0,15.0,1.0,1.0,15.0,20.0,5.63,8.5,,0.98580301,17.0,0.96677065,-0.0112705,6.89e-06,1.31273338,-8.01543315,42.67,1286009.36361099
2023-06-22,8,BTC-230630-22000-P,BTCUSDT,P,230630-22000,15.0,15.0,15.0,15.0,1.0,1.0,15.0,20.0,5.63,8.5,,0.9797281,17.0,0.96079558,-0.01132197,6.96e-06,1.31964522,-7.96591068,42.67,1283418.88197801
2023-06-22,10,BTC-230630-22000-P,BTCUSDT,P,230630-22000,15.0,15.0,15.0,15.0,1.0,1.0,15.0,20.0,5.63,8.5,,0.99219739,17.0,0.97306132,-0.01121531,6.83e-06,1.30557845,-8.06607003,42.67,1288026.13537125
2023-06-22,17,BTC-230630-22000-P,BTCUSDT,P,230630-22000,15.0,15.0,15.0,15.0,0.0,0.0,5.0,15.0,3.55,2.5,,0.96854627,9.0,0.9084481,-0.00677437,4.8e-06,0.82237343,-4.92581825,42.67,1286144.13516491
2023-06-22,7,BTC-230630-22000-P,BTCUSDT,P,230630-22000,15.0,15.0,15.0,15.0,1.0,1.0,15.0,20.0,3.93,8.5,,0.97757876,17.0,0.95869005,-0.01131595,6.95e-06,1.32269052,-7.92529108,42.67,1283712.24057273
2023-06-22,22,BTC-230630-22000-P,BTCUSDT,P,230630-22000,15.0,15.0,15.0,15.0,0.02,0.02,5.0,10.0,5.94,2.39,,0.91445982,7.0,0.87892413,-0.00578248,4.4e-06,0.69996587,-4.17095546,42.69,1276900.22877686
2023-06-22,5,BTC-230630-22000-P,BTCUSDT,P,230630-22000,15.0,15.0,15.0,15.0,1.0,1.0,15.0,20.0,3.93,8.5,,0.98787308,17.0,0.96886367,-0.01109074,6.68e-06,1.31427453,-7.87639803,42.67,1291959.60133087
2023-06-22,2,BTC-230630-22000-P,BTCUSDT,P,230630-22000,15.0,15.0,15.0,15.0,1.0,1.0,15.0,20.0,3.93,2.5,,0.99704504,17.0,0.97794384,-0.01085107,6.4e-06,1.30795051,-7.79147412,42.67,1300875.63850106
2023-06-23,6,BTC-230630-22000-P,BTCUSDT,P,230630-22000,15.0,15.0,15.0,15.0,0.02,0.02,5.0,10.0,5.94,8.46,,0.94345629,7.0,0.90685993,-0.00572271,4.31e-06,0.67966787,-4.37653161,42.69,1281829.08482314
2023-06-23,3,BTC-230630-22000-P,BTCUSDT,P,230630-22000,15.0,15.0,15.0,15.0,0.02,0.02,5.0,10.0,5.94,2.46,,0.934816,7.0,0.89855194,-0.00572566,4.32e-06,0.68588691,-4.29979549,42.69,1281073.05899676
2023-06-23,13,BTC-230630-22000-P,BTCUSDT,P,230630-22000,15.0,15.0,10.0,10.0,4.35,4.35,5.0,10.0,2.65,8.48,,0.96955836,7.0,0.93200147,-0.00567768,4.25e-06,0.66226758,-4.57209849,42.69,1284124.94833194
2023-06-23,21,BTC-230630-22000-P,BTCUSDT,P,230630-22000,10.0,10.0,10.0,10.0,4.33,4.33,0.0,15.0,0.0,2.5,,1.10144675,2.0,0.90072337,-0.00226243,1.94e-06,0.28822861,-2.02296452,42.69,1309619.20991853
2023-06-23,12,BTC-230630-22000-P,BTCUSDT,P,230630-22000,15.0,15.0,15.0,15.0,0.02,0.02,5.0,10.0,5.94,8.41,,0.96896768,7.0,0.931454,-0.00565965,4.22e-06,0.66303259,-4.54662558,42.69,1285400.55837037
2023-06-23,15,BTC-230630-22000-P,BTCUSDT,P,230630-22000,15.0,15.0,10.0,10.0,4.35,4.35,0.0,35.0,0.0,2.58,,1.27483666,3.0,0.95,-0.00261873,2.02e-06,0.3415469,-2.43351744,42.69,1332223.24122545
2023-06-23,23,BTC-230630-22000-P,BTCUSDT,P,230630-22000,10.0,10.0,10.0,10.0,4.33,4.33,0.0,15.0,0.0,2.5,,1.11059666,2.0,0.90529833,-0.00219452,1.89e-06,0.27874081,-1.99218258,42.69,1309605.12221853
2023-06-23,4,BTC-230630-22000-P,BTCUSDT,P,230630-22000,15.0,15.0,15.0,15.0,0.02,0.02,5.0,10.0,5.94,2.46,,0.93688071,7.0,0.90053082,-0.00573088,4.32e-06,0.68426845,-4.32423033,42.69,1280618.27445184
2023-06-23,18,BTC-230630-22000-P,BTCUSDT,P,230630-22000,10.0,10.0,10.0,10.0,4.33,4.33,0.0,15.0,0.0,2.5,,1.11632049,2.0,0.90816025,-0.00207705,1.74e-06,0.2717953,-1.88662354,42.69,1321432.60720555
2023-06-23,19,BTC-230630-22000-P,BTCUSDT,P,230630-22000,10.0,10.0,10.0,10.0,4.33,4.33,0.0,15.0,0.0,2.5,,1.11426055,2.0,0.90713028,-0.00210878,1.78e-06,0.27412535,-1.91282279,42.69,1317705.06310248
2023-06-23,1,BTC-230630-22000-P,BTCUSDT,P,230630-22000,15.0,15.0,15.0,15.0,0.02,0.02,5.0,10.0,5.94,2.46,,0.92322469,7.0,0.8873564,-0.00577511,4.39e-06,0.69347085,-4.24382633,42.69,1278597.8318111
2023-06-23,14,BTC-230630-22000-P,BTCUSDT,P,230630-22000,15.0,15.0,10.0,10.0,4.35,4.35,5.0,10.0,2.65,8.48,,0.98989248,7.0,0.95169872,-0.00554958,4.06e-06,0.6512001,-4.61921911,42.69,1291144.62453288
2023-06-23,0,BTC-230630-22000-P,BTCUSDT,P,230630-22000,15.0,15.0,15.0,15.0,0.02,0.02,5.0,10.0,5.94,2.46,,0.92702866,7.0,0.89106888,-0.00572361,4.31e-06,0.69169271,-4.22636477,42.69,1281134.2745801
2023-06-23,16,BTC-230630-22000-P,BTCUSDT,P,230630-22000,15.0,15.0,10.0,10.0,4.35,4.35,0.0,15.0,0.0,2.5,,1.12252653,2.0,0.91126326,-0.00199591,1.66e-06,0.26507747,-1.82305611,42.69,1326159.21585833
2023-06-23,11,BTC-230630-22000-P,BTCUSDT,P,230630-22000,15.0,15.0,15.0,15.0,0.02,0.02,5.0,10.0,5.94,2.41,,0.96914589,7.0,0.93165249,-0.00563603,4.19e-06,0.66338636,-4.52227688,42.69,1287117.80818702
2023-06-23,20,BTC-230630-22000-P,BTCUSDT,P,230630-22000,10.0,10.0,10.0,10.0,4.33,4.33,0.0,15.0,0.0,2.5,,1.12062633,2.0,0.91031317,-0.00205993,1.74e-06,0.26776211,-1.88707307,42.69,1319872.20326388
2023-06-23,9,BTC-230630-22000-P,BTCUSDT,P,230630-22000,15.0,15.0,15.0,15.0,0.02,0.02,5.0,10.0,5.94,2.48,,0.96318662,7.0,0.92592269,-0.00563682,4.19e-06,0.66747564,-4.46768538,42.69,1285946.22570325
2023-06-23,8,BTC-230630-22000-P,BTCUSDT,P,230630-22000,15.0,15.0,15.0,15.0,0.02,0.02,5.0,10.0,5.94,8.48,,0.9488219,7.0,0.91201514,-0.00572478,4.32e-06,0.67578154,-4.42866088,42.69,1281592.32889769
2023-06-23,10,BTC-230630-22000-P,BTCUSDT,P,230630-22000,15.0,15.0,15.0,15.0,0.02,0.02,5.0,15.0,5.94,2.5,,1.01138055,9.0,0.94854265,-0.00682532,4.87e-06,0.78654506,-5.42596567,42.69,1285217.69974304
2023-06-23,17,BTC-230630-22000-P,BTCUSDT,P,230630-22000,15.0,15.0,10.0,10.0,4.35,4.35,0.0,10.0,0.0,0.3,,1.08305752,1.0,0.89152876,-0.00139797,1.22e-06,0.19198927,-1.29997714,42.69,1333936.63486806
2023-06-23,7,BTC-230630-22000-P,BTCUSDT,P,230630-22000,15.0,15.0,15.0,15.0,0.02,0.02,5.0,10.0,5.94,2.48,,0.93939245,7.0,0.90289414,-0.00577649,4.39e-06,0.68150846,-4.39520699,42.69,1278108.58095508
2023-06-23,22,BTC-230630-22000-P,BTCUSDT,P,230630-22000,10.0,10.0,10.0,10.0,4.33,4.33,0.0,15.0,0.0,2.5,,1.10361516,2.0,0.90180758,-0.00225286,1.93e-06,0.28604613,-2.02320078,42.69,1308253.84298241
2023-06-23,5,BTC-230630-22000-P,BTCUSDT,P,230630-22000,15.0,15.0,15.0,15.0,0.02,0.02,5.0,10.0,5.94,2.46,,0.94328821,7.0,0.90672135,-0.00570235,4.28e-06,0.68020502,-4.35356761,42.69,1282503.2209088
2023-06-23,2,BTC-230630-22000-P,BTCUSDT,P,230630-22000,15.0,15.0,15.0,15.0,0.02,0.02,5.0,10.0,5.94,2.46,,0.92992425,7.0,0.89383096,-0.00574297,4.34e-06,0.68913809,-4.27263109,42.69,1279813.91040974
2023-06-24,6,BTC-230630-22000-P,BTCUSDT,P,230630-22000,10.0,10.0,10.0,10.0,4.33,4.33,0.0,15.0,0.0,2.5,,1.13878131,2.0,0.91939065,-0.00201391,1.76e-06,0.25198825,-1.91731202,42.69,1310916.56840094
2023-06-24,3,BTC-230630-22000-P,BTCUSDT,P,230630-22000,10.0,10.0,10.0,10.0,4.33,4.33,0.0,15.0,0.0,2.5,,1.13006771,2.0,0.91503385,-0.00205657,1.78e-06,0.25973408,-1.92701378,42.69,1312412.66994398
2023-06-24,13,BTC-230630-22000-P,BTCUSDT,P,230630-22000,10.0,10.0,10.0,10.0,0.0,0.0,0.0,15.0,0.0,2.5,,1.16187632,2.0,0.93093816,-0.00189974,1.69e-06,0.23271307,-1.88383514,42.69,1308230.75285278
2023-06-24,21,BTC-230630-22000-P,BTCUSDT,P,230630-22000,10.0,10.0,10.0,10.0,0.0,0.0,0.0,15.0,0.0,2.5,,1.18397534,1.0,0.94198767,-0.00182068,1.66e-06,0.2163767,-1.88145001,42.69,1302400.53264073
2023-06-24,12,BTC-230630-22000-P,BTCUSDT,P,230630-22000,10.0,10.0,10.0,10.0,4.33,4.33,0.0,15.0,0.0,2.5,,1.16301119,2.0,0.9315056,-0.00187786,1.66e-06,0.23152516,-1.8618695,42.69,1310472.5501801
2023-06-24,15,BTC-230630-22000-P,BTCUSDT,P,230630-22000,10.0,10.0,10.0,10.0,0.0,0.0,0.0,15.0,0.0,2.5,,1.14659727,2.0,0.92329863,-0.00205976,1.86e-06,0.24666008,-2.00947459,42.69,1298351.42367037
2023-06-24,23,BTC-230630-22000-P,BTCUSDT,P,230630-22000,10.0,10.0,10.0,10.0,0.0,0.0,0.0,15.0,0.0,2.5,,1.19488299,1.0,0.94744149,-0.00176149,1.62e-06,0.20846172,-1.85160803,42.69,1303388.98909769
2023-06-24,4,BTC-230630-22000-P,BTCUSDT,P,230630-22000,10.0,10.0,10.0,10.0,4.33,4.33,0.0,15.0,0.0,2.5,,1.13127172,2.0,0.91563586,-0.00205785,1.79e-06,0.25876343,-1.93414393,42.69,1311015.80623194
2023-06-24,18,BTC-230630-22000-P,BTCUSDT,P,230630-22000,10.0,10.0,10.0,10.0,0.0,0.0,0.0,15.0,0.0,2.5,,1.18304133,1.0,0.94152067,-0.00179029,1.61e-06,0.21642536,-1.83851303,42.69,1307892.91076063
2023-06-24,19,BTC-230630-22000-P,BTCUSDT,P,230630-22000,10.0,10.0,10.0,10.0,0.0,0.0,0.0,15.0,0.0,2.5,,1.18637741,1.0,0.9431887,-0.00177671,1.61e-06,0.21404131,-1.8352811,42.69,1307366.48676576
2023-06-24,1,BTC-230630-22000-P,BTCUSDT,P,230630-22000,10.0,10.0,10.0,10.0,4.33,4.33,0.0,15.0,0.0,2.5,,1.11100137,2.0,0.90550069,-0.00221623,1.92e-06,0.27869981,-2.01889918,42.69,1306441.9574111
2023-06-24,14,BTC-230630-22000-P,BTCUSDT,P,230630-22000,10.0,10.0,10.0,10.0,0.0,0.0,0.0,15.0,0.0,2.5,,1.17057502,1.0,0.93528751,-0.00184031,1.64e-06,0.22560306,-1.84820403,42.69,1310030.33338335
2023-06-24,0,BTC-230630-22000-P,BTCUSDT,P,230630-22000,10.0,10.0,10.0,10.0,4.33,4.33,0.0,15.0,0.0,2.5,,1.09634399,2.0,0.898172,-0.00235642,2.05e-06,0.294463,-2.10181138,42.69,1301167.02150974
2023-06-24,16,BTC-230630-22000-P,BTCUSDT,P,230630-22000,10.0,10.0,10.0,10.0,0.0,0.0,0.0,15.0,0.0,2.5,,1.16137683,2.0,0.93068842,-0.00194223,1.75e-06,0.23380249,-1.93419393,42.69,1301616.92250649
2023-06-24,11,BTC-230630-22000-P,BTCUSDT,P,230630-22000,10.0,10.0,10.0,10.0,4.33,4.33,0.0,15.0,0.0,2.5,,1.15753949,2.0,0.92876974,-0.0019115,1.69e-06,0.23603143,-1.87901125,42.69,1309997.16653749
2023-06-24,20,BTC-230630-22000-P,BTCUSDT,P,230630-22000,10.0,10.0,10.0,10.0,0.0,0.0,0.0,15.0,0.0,2.5,,1.17897511,1.0,0.93948755,-0.00184777,1.68e-06,0.22011068,-1.89426693,42.69,1302086.55003612
2023-06-24,9,BTC-230630-22000-P,BTCUSDT,P,230630-22000,10.0,10.0,10.0,10.0,4.33,4.33,0.0,15.0,0.0,2.5,,1.14338577,2.0,0.92169288,-0.00201012,1.77e-06,0.24831742,-1.93412915,42.69,1307231.41748241
2023-06-24,8,BTC-230630-22000-P,BTCUSDT,P,230630-22000,10.0,10.0,10.0,10.0,4.33,4.33,0.0,15.0,0.0,2.5,,1.1381191,2.0,0.91905955,-0.00204522,1.8e-06,0.25302703,-1.95143881,42.69,1306904.0883889
2023-06-24,10,BTC-230630-22000-P,BTCUSDT,P,230630-22000,10.0,10.0,10.0,10.0,4.33,4.33,0.0,15.0,0.0,2.5,,1.15849435,2.0,0.92924718,-0.00189115,1.66e-06,0.23498507,-1.8583726,42.69,1311845.15565184
2023-06-24,17,BTC-230630-22000-P,BTCUSDT,P,230630-22000,10.0,10.0,10.0,10.0,0.0,0.0,0.0,15.0,0.0,2.5,,1.17359281,1.0,0.9367964,-0.00185311,1.67e-06,0.22378548,-1.87738205,42.69,1305947.79016806
2023-06-24,7,BTC-230630-22000-P,BTCUSDT,P,230630-22000,10.0,10.0,10.0,10.0,4.33,4.33,0.0,15.0,0.0,2.5,,1.13032997,2.0,0.91516498,-0.002105,1.85e-06,0.26029208,-1.98508112,42.69,1304996.39895184
2023-06-24,22,BTC-230630-22000-P,BTCUSDT,P,230630-22000,10.0,10.0,10.0,10.0,0.0,0.0,0.0,15.0,0.0,2.5,,1.18926406,1.0,0.94463203,-0.00179199,1.64e-06,0.2125006,-1.86729713,42.69,1302831.2325199
2023-06-24,5,BTC-230630-22000-P,BTCUSDT,P,230630-22000,10.0,10.0,10.0,10.0,4.33,4.33,0.0,15.0,0.0,2.5,,1.1375314,2.0,0.9187657,-0.00201281,1.75e-06,0.2529632,-1.91024769,42.69,1311856.1330801
2023-06-24,2,BTC-230630-22000-P,BTCUSDT,P,230630-22000,10.0,10.0,10.0,10.0,4.33,4.33,0.0,15.0,0.0,2.5,,1.12868965,2.0,0.91434482,-0.00205702,1.77e-06,0.26088257,-1.92109675,42.69,1312569.15928702
2023-06-25,6,BTC-230630-22000-P,BTCUSDT,P,230630-22000,10.0,10.0,10.0,10.0,0.0,0.0,0.0,15.0,0.0,2.5,,1.26461804,1.0,0.95,-0.00099757,9.7e-07,0.12189729,-1.14845118,42.69,1318034.82566388
2023-06-25,3,BTC-230630-22000-P,BTCUSDT,P,230630-22000,10.0,10.0,10.0,10.0,0.0,0.0,0.0,15.0,0.0,2.5,,1.23644769,1.0,0.95,-0.00126995,1.21e-06,0.15332231,-1.40957294,42.69,1312544.25835047
2023-06-25,13,BTC-230630-22000-P,BTCUSDT,P,230630-22000,10.0,10.0,10.0,10.0,0.0,0.0,0.0,20.0,0.0,2.15,,1.33257329,1.0,0.95,-0.00090013,9.2e-07,0.10696459,-1.06964329,42.69,1308345.82820418
2023-06-25,21,BTC-230630-22000-P,BTCUSDT,P,230630-22000,10.0,10.0,10.0,10.0,0.0,0.0,0.0,10.0,0.0,2.5,,1.23862982,1.0,0.95,-0.00078196,8.4e-07,0.08995164,-0.96740192,42.69,1299559.31610974
2023-06-25,12,BTC-230630-22000-P,BTCUSDT,P,230630-22000,10.0,10.0,10.0,10.0,0.0,0.0,0.0,15.0,0.0,2.5,,1.27556503,1.0,0.95,-0.00094637,9.6e-07,0.11247329,-1.11494993,42.69,1309272.26219026
2023-06-25,15,BTC-230630-22000-P,BTCUSDT,P,230630-22000,10.0,10.0,10.0,10.0,0.0,0.0,0.0,15.0,0.0,2.5,,1.28349721,1.0,0.95,-0.00090136,9.3e-07,0.10584589,-1.07735726,42.69,1305685.51875833
2023-06-25,23,BTC-230630-22000-P,BTCUSDT,P,230630-22000,10.0,10.0,10.0,10.0,0.0,0.0,0.0,10.0,0.0,2.5,,1.25214934,1.0,0.95,-0.00069505,7.6e-07,0.07997199,-0.87661367,42.69,1300696.39944398
2023-06-25,4,BTC-230630-22000-P,BTCUSDT,P,230630-22000,10.0,10.0,10.0,10.0,0.0,0.0,0.0,15.0,0.0,2.5,,1.25567496,1.0,0.95,-0.00106833,1.03e-06,0.13093294,-1.21352206,42.69,1318086.81363937
2023-06-25,18,BTC-230630-22000-P,BTCUSDT,P,230630-22000,10.0,10.0,10.0,10.0,0.0,0.0,0.0,15.0,0.0,2.5,,1.28661931,1.0,0.95,-0.00089966,9.5e-07,0.10378986,-1.08550585,42.69,1300200.70755833
2023-06-25,19,BTC-230630-22000-P,BTCUSDT,P,230630-22000,10.0,10.0,10.0,10.0,0.0,0.0,0.0,10.0,0.0,2.5,,1.22486711,1.0,0.95,-0.00088133,9.3e-07,0.10129152,-1.06918555,42.69,1298091.60107131
2023-06-25,1,BTC-230630-22000-P,BTCUSDT,P,230630-22000,10.0,10.0,10.0,10.0,0.0,0.0,0.0,15.0,0.0,2.5,,1.21143579,1.0,0.95,-0.00157564,1.46e-06,0.18728141,-1.69444341,42.69,1306174.41777361
2023-06-25,14,BTC-230630-22000-P,BTCUSDT,P,230630-22000,10.0,10.0,10.0,10.0,0.0,0.0,0.0,15.0,0.0,2.5,,1.27451241,1.0,0.95,-0.00097319,1e-06,0.11396169,-1.14969915,42.69,1304058.58409351
2023-06-25,0,BTC-230630-22000-P,BTCUSDT,P,230630-22000,10.0,10.0,10.0,10.0,0.0,0.0,0.0,15.0,0.0,2.5,,1.19804144,1.0,0.94902072,-0.00175025,1.61e-06,0.20633711,-1.85024658,42.69,1302657.26373288
2023-06-25,16,BTC-230630-22000-P,BTCUSDT,P,230630-22000,10.0,10.0,10.0,10.0,0.0,0.0,0.0,15.0,0.0,2.5,,1.28989518,1.0,0.95,-0.00085557,8.9e-07,0.10045923,-1.03174087,42.69,1306176.76337822
2023-06-25,11,BTC-230630-22000-P,BTCUSDT,P,230630-22000,10.0,10.0,10.0,10.0,0.0,0.0,0.0,15.0,0.0,2.5,,1.27491891,1.0,0.95,-0.00094383,9.5e-07,0.11285224,-1.10906247,42.69,1310727.87860094
2023-06-25,20,BTC-230630-22000-P,BTCUSDT,P,230630-22000,10.0,10.0,10.0,10.0,0.0,0.0,0.0,10.0,0.0,2.5,,1.22474253,1.0,0.95,-0.00089029,9.5e-07,0.10158201,-1.08227282,42.69,1296548.03972803
2023-06-25,9,BTC-230630-22000-P,BTCUSDT,P,230630-22000,10.0,10.0,10.0,10.0,0.0,0.0,0.0,15.0,0.0,2.5,,1.26069248,1.0,0.95,-0.00106204,1.05e-06,0.12670664,-1.22411208,42.69,1309838.30813424
2023-06-25,8,BTC-230630-22000-P,BTCUSDT,P,230630-22000,10.0,10.0,10.0,10.0,0.0,0.0,0.0,15.0,0.0,2.5,,1.26101732,1.0,0.95,-0.00104983,1.03e-06,0.126123,-1.2082343,42.69,1312385.87845047
2023-06-25,10,BTC-230630-22000-P,BTCUSDT,P,230630-22000,10.0,10.0,10.0,10.0,0.0,0.0,0.0,15.0,0.0,2.5,,1.25956655,1.0,0.95,-0.00108259,1.08e-06,0.12814752,-1.24861387,42.69,1307232.88583057
2023-06-25,17,BTC-230630-22000-P,BTCUSDT,P,230630-22000,10.0,10.0,10.0,10.0,0.0,0.0,0.0,15.0,0.0,2.5,,1.28872991,1.0,0.95,-0.00087337,9.1e-07,0.10170301,-1.0540077,42.69,1303176.96522545
2023-06-25,7,BTC-230630-22000-P,BTCUSDT,P,230630-22000,10.0,10.0,10.0,10.0,0.0,0.0,0.0,15.0,0.0,2.5,,1.25451863,1.0,0.95,-0.00110707,1.08e-06,0.13291724,-1.2627109,42.69,1311555.08882963
2023-06-25,22,BTC-230630-22000-P,BTCUSDT,P,230630-22000,10.0,10.0,10.0,10.0,0.0,0.0,0.0,10.0,0.0,2.5,,1.25019252,1.0,0.95,-0.00070229,7.7e-07,0.08122712,-0.88189211,42.69,1302203.50187131
2023-06-25,5,BTC-230630-22000-P,BTCUSDT,P,230630-22000,10.0,10.0,10.0,10.0,0.0,0.0,0.0,15.0,0.0,2.5,,1.25760436,1.0,0.95,-0.00105758,1.02e-06,0.12906468,-1.20601148,42.69,1317340.45170325
2023-06-25,2,BTC-230630-22000-P,BTCUSDT,P,230630-22000,10.0,10.0,10.0,10.0,0.0,0.0,0.0,15.0,0.0,2.5,,1.21861994,1.0,0.95,-0.00148638,1.39e-06,0.17700827,-1.61431183,42.69,1307377.45012084
2023-06-26,6,BTC-230630-22000-P,BTCUSDT,P,230630-22000,10.0,10.0,10.0,10.0,0.0,0.0,0.0,15.0,0.0,2.5,,1.36657655,1.0,0.95,-0.00046591,5.5e-07,0.05338164,-0.62737002,42.69,1300350.22107361
2023-06-26,3,BTC-230630-22000-P,BTCUSDT,P,230630-22000,10.0,10.0,10.0,10.0,0.0,0.0,0.0,15.0,0.0,2.5,,1.32521808,1.0,0.95,-0.00067863,7.7e-07,0.07628661,-0.86966493,42.69,1293871.1503912
2023-06-26,13,BTC-230630-22000-P,BTCUSDT,P,230630-22000,10.0,10.0,10.0,10.0,0.0,0.0,0.0,25.0,0.0,2.7,,1.54411912,1.0,0.95,-0.00024204,3.1e-07,0.02812213,-0.35621252,42.69,1305621.76053937
2023-06-26,21,BTC-230630-22000-P,BTCUSDT,P,230630-22000,10.0,10.0,5.0,5.0,2.53,2.53,0.0,5.0,0.0,2.34,,1.26659334,1.0,0.95,-0.0002521,3.4e-07,0.02744303,-0.38152373,42.69,1287528.78153288
2023-06-26,12,BTC-230630-22000-P,BTCUSDT,P,230630-22000,10.0,10.0,10.0,10.0,0.0,0.0,0.0,10.0,0.0,2.5,,1.32612765,1.0,0.95,-0.00037043,4.6e-07,0.04163191,-0.52154101,42.69,1295695.85234492
2023-06-26,15,BTC-230630-22000-P,BTCUSDT,P,230630-22000,10.0,10.0,5.0,5.0,2.53,2.53,0.0,5.0,0.0,2.34,,1.25150323,1.0,0.95,-0.00027954,3.6e-07,0.03157187,-0.408998,42.69,1298646.42095278
2023-06-26,23,BTC-230630-22000-P,BTCUSDT,P,230630-22000,10.0,10.0,5.0,5.0,2.53,2.53,0.0,10.0,0.0,2.5,,1.29489243,1.0,0.95,-0.00018572,2.6e-07,0.02044999,-0.2914113,42.69,1292047.08644167
2023-06-26,4,BTC-230630-22000-P,BTCUSDT,P,230630-22000,10.0,10.0,10.0,10.0,0.0,0.0,0.0,10.0,0.0,2.5,,1.25887573,1.0,0.95,-0.0006818,7.7e-07,0.0761004,-0.87630521,42.69,1291190.65936482
2023-06-26,18,BTC-230630-22000-P,BTCUSDT,P,230630-22000,10.0,10.0,5.0,5.0,2.53,2.53,0.0,5.0,0.0,2.34,,1.25003636,1.0,0.95,-0.00029427,3.8e-07,0.03232854,-0.43358135,42.69,1289820.76072084
2023-06-26,19,BTC-230630-22000-P,BTCUSDT,P,230630-22000,10.0,10.0,5.0,5.0,2.53,2.53,0.0,5.0,0.0,2.34,,1.26164138,1.0,0.95,-0.00026054,3.4e-07,0.02872669,-0.38986091,42.69,1293663.10935508
2023-06-26,1,BTC-230630-22000-P,BTCUSDT,P,230630-22000,10.0,10.0,10.0,10.0,0.0,0.0,0.0,15.0,0.0,2.5,,1.29764915,1.0,0.95,-0.00086723,9.6e-07,0.09616755,-1.07481087,42.69,1287531.41799214
2023-06-26,14,BTC-230630-22000-P,BTCUSDT,P,230630-22000,10.0,10.0,5.0,5.0,2.53,2.53,0.0,5.0,0.0,2.34,,1.24126494,1.0,0.95,-0.00031092,3.9e-07,0.03502299,-0.44860773,42.69,1297146.08793937
2023-06-26,0,BTC-230630-22000-P,BTCUSDT,P,230630-22000,10.0,10.0,10.0,10.0,0.0,0.0,0.0,15.0,0.0,2.5,,1.31736875,1.0,0.95,-0.00070967,7.8e-07,0.08095403,-0.89599126,42.69,1298632.96656576
2023-06-26,16,BTC-230630-22000-P,BTCUSDT,P,230630-22000,10.0,10.0,5.0,5.0,2.53,2.53,0.0,5.0,0.0,2.34,,1.22218549,1.0,0.95,-0.00039448,5e-07,0.04278046,-0.56056972,42.69,1284281.63001435
2023-06-26,11,BTC-230630-22000-P,BTCUSDT,P,230630-22000,10.0,10.0,10.0,10.0,0.0,0.0,0.0,10.0,0.0,2.5,,1.31511688,1.0,0.95,-0.0004113,5e-07,0.04608117,-0.5710041,42.69,1294886.04180974
2023-06-26,20,BTC-230630-22000-P,BTCUSDT,P,230630-22000,10.0,10.0,5.0,5.0,2.53,2.53,0.0,5.0,0.0,2.34,,1.25898302,1.0,0.95,-0.0002719,3.6e-07,0.02962704,-0.40692429,42.69,1288335.01736712
2023-06-26,9,BTC-230630-22000-P,BTCUSDT,P,230630-22000,10.0,10.0,10.0,10.0,0.0,0.0,0.0,10.0,0.0,2.5,,1.29444659,1.0,0.95,-0.00049906,6e-07,0.05561826,-0.67451728,42.69,1292675.47385927
2023-06-26,8,BTC-230630-22000-P,BTCUSDT,P,230630-22000,10.0,10.0,10.0,10.0,0.0,0.0,0.0,10.0,0.0,2.5,,1.30339921,1.0,0.95,-0.00044954,5.4e-07,0.05098679,-0.61183974,42.69,1298257.66986251
2023-06-26,10,BTC-230630-22000-P,BTCUSDT,P,230630-22000,10.0,10.0,10.0,10.0,0.0,0.0,0.0,10.0,0.0,2.5,,1.30118787,1.0,0.95,-0.0004705,5.7e-07,0.05238068,-0.64208381,42.69,1291841.45668702
2023-06-26,17,BTC-230630-22000-P,BTCUSDT,P,230630-22000,10.0,10.0,5.0,5.0,2.53,2.53,0.0,5.0,0.0,2.34,,1.22826993,1.0,0.95,-0.00037251,4.8e-07,0.04031872,-0.53445576,42.69,1285225.40270786
2023-06-26,7,BTC-230630-22000-P,BTCUSDT,P,230630-22000,10.0,10.0,10.0,10.0,0.0,0.0,0.0,15.0,0.0,2.5,,1.36488914,1.0,0.95,-0.00047951,5.7e-07,0.05440568,-0.64606557,42.69,1297726.24503937
2023-06-26,22,BTC-230630-22000-P,BTCUSDT,P,230630-22000,10.0,10.0,5.0,5.0,2.53,2.53,0.0,5.0,0.0,2.34,,1.28211677,1.0,0.95,-0.00021307,2.9e-07,0.02336474,-0.32883602,42.69,1290350.63744492
2023-06-26,5,BTC-230630-22000-P,BTCUSDT,P,230630-22000,10.0,10.0,10.0,10.0,0.0,0.0,0.0,10.0,0.0,2.5,,1.26188755,1.0,0.95,-0.00066801,7.7e-07,0.07422787,-0.86346464,42.69,1289918.51612963
2023-06-26,2,BTC-230630-22000-P,BTCUSDT,P,230630-22000,10.0,10.0,10.0,10.0,0.0,0.0,0.0,10.0,0.0,2.5,,1.24393642,1.0,0.95,-0.00077713,8.7e-07,0.08665756,-0.97811235,42.69,1290232.56910231
2023-06-27,6,BTC-230630-22000-P,BTCUSDT,P,230630-22000,10.0,10.0,5.0,5.0,2.53,2.53,0.0,10.0,0.0,2.5,,1.47598386,1.0,0.95,-9.1e-05,1.4e-07,0.01002458,-0.15654764,42.69,1294295.0222435
2023-06-27,3,BTC-230630-22000-P,BTCUSDT,P,230630-22000,10.0,10.0,5.0,5.0,2.53,2.53,0.0,10.0,0.0,2.5,,1.45280957,1.0,0.95,-0.00011293,1.7e-07,0.01254931,-0.18823903,42.69,1296528.84429547
2023-06-27,13,BTC-230630-22000-P,BTCUSDT,P,230630-22000,5.0,5.0,5.0,5.0,2.53,2.53,0.0,10.0,0.0,2.5,,1.59093738,1.0,0.95,-2.616e-05,4e-08,0.0029652,-0.0512168,42.69,1306496.62782
2023-06-27,21,BTC-230630-22000-P,BTCUSDT,P,230630-22000,5.0,5.0,5.0,5.0,0.0,0.0,0.0,10.0,0.0,2.5,,1.71300232,1.0,0.95,-6.62e-06,1e-08,0.00075457,-0.01483122,42.69,1311154.68941299
2023-06-27,12,BTC-230630-22000-P,BTCUSDT,P,230630-22000,10.0,10.0,5.0,5.0,2.53,2.53,0.0,10.0,0.0,2.5,,1.59354091,1.0,0.95,-2.475e-05,4e-08,0.00284509,-0.04840882,42.69,1311143.84615299
2023-06-27,15,BTC-230630-22000-P,BTCUSDT,P,230630-22000,5.0,5.0,5.0,5.0,0.0,0.0,0.0,20.0,0.0,7.98,,1.7528367,1.0,0.95,-2.415e-05,4e-08,0.00269744,-0.04804802,42.69,1302817.95016248
2023-06-27,23,BTC-230630-22000-P,BTCUSDT,P,230630-22000,5.0,5.0,5.0,5.0,1.51,1.51,0.0,10.0,0.0,2.5,,1.606552,1.0,0.95,-4.9e-06,1e-08,0.00055646,-0.01132785,44.13,1353989.13713286
2023-06-27,4,BTC-230630-22000-P,BTCUSDT,P,230630-22000,10.0,10.0,5.0,5.0,2.53,2.53,0.0,10.0,0.0,2.5,,1.46003246,1.0,0.95,-0.0001057,1.6e-07,0.01170779,-0.17795779,42.69,1296213.07892103
2023-06-27,18,BTC-230630-22000-P,BTCUSDT,P,230630-22000,5.0,5.0,5.0,5.0,0.0,0.0,0.0,10.0,0.0,2.5,,1.66628003,1.0,0.95,-1.129e-05,2e-08,0.00128628,-0.02403859,42.69,1310394.0189035
2023-06-27,19,BTC-230630-22000-P,BTCUSDT,P,230630-22000,5.0,5.0,5.0,5.0,0.0,0.0,0.0,10.0,0.0,2.5,,1.67508125,1.0,0.95,-1.034e-05,2e-08,0.00117163,-0.02226092,42.69,1309697.54913197
2023-06-27,1,BTC-230630-22000-P,BTCUSDT,P,230630-22000,10.0,10.0,5.0,5.0,2.53,2.53,0.0,10.0,0.0,2.5,,1.43446088,1.0,0.95,-0.00013479,1.9e-07,0.01501027,-0.21938013,42.69,1296680.58398241
2023-06-27,14,BTC-230630-22000-P,BTCUSDT,P,230630-22000,5.0,5.0,5.0,5.0,0.0,0.0,0.0,20.0,0.0,7.98,,1.78426147,1.0,0.95,-1.617e-05,3e-08,0.00187657,-0.03291193,42.69,1314977.2876165
2023-06-27,0,BTC-230630-22000-P,BTCUSDT,P,230630-22000,10.0,10.0,5.0,5.0,2.53,2.53,0.0,10.0,0.0,2.5,,1.42292023,1.0,0.95,-0.0001512,2.1e-07,0.01681239,-0.24260827,42.69,1296162.14911665
2023-06-27,16,BTC-230630-22000-P,BTCUSDT,P,230630-22000,5.0,5.0,5.0,5.0,0.0,0.0,0.0,10.0,0.0,2.5,,1.64361238,1.0,0.95,-1.439e-05,3e-08,0.00164802,-0.02982104,42.69,1309970.00173402
2023-06-27,11,BTC-230630-22000-P,BTCUSDT,P,230630-22000,10.0,10.0,5.0,5.0,2.53,2.53,0.0,10.0,0.0,2.5,,1.58412635,1.0,0.95,-2.724e-05,5e-08,0.00314055,-0.05265025,42.69,1312048.3267165
2023-06-27,20,BTC-230630-22000-P,BTCUSDT,P,230630-22000,5.0,5.0,5.0,5.0,0.0,0.0,0.0,10.0,0.0,2.5,,1.6890049,1.0,0.95,-8.85e-06,2e-08,0.00100183,-0.01935734,42.69,1308442.31246103
2023-06-27,9,BTC-230630-22000-P,BTCUSDT,P,230630-22000,10.0,10.0,5.0,5.0,2.53,2.53,0.0,10.0,0.0,2.5,,1.51464701,1.0,0.95,-6.106e-05,1e-07,0.00675411,-0.10999514,42.69,1296424.58527051
2023-06-27,8,BTC-230630-22000-P,BTCUSDT,P,230630-22000,10.0,10.0,5.0,5.0,2.53,2.53,0.0,10.0,0.0,2.5,,1.50632083,1.0,0.95,-6.612e-05,1e-07,0.00733699,-0.11780471,42.69,1297551.33508598
2023-06-27,10,BTC-230630-22000-P,BTCUSDT,P,230630-22000,10.0,10.0,5.0,5.0,2.53,2.53,0.0,10.0,0.0,2.5,,1.56260669,1.0,0.95,-3.483e-05,6e-08,0.00398284,-0.0658032,42.69,1308644.89911197
2023-06-27,17,BTC-230630-22000-P,BTCUSDT,P,230630-22000,5.0,5.0,5.0,5.0,0.0,0.0,0.0,10.0,0.0,2.5,,1.65912926,1.0,0.95,-1.207e-05,2e-08,0.00138408,-0.02544903,42.69,1312925.09895897
2023-06-27,7,BTC-230630-22000-P,BTCUSDT,P,230630-22000,10.0,10.0,5.0,5.0,2.53,2.53,0.0,10.0,0.0,2.5,,1.49766803,1.0,0.95,-7.188e-05,1.1e-07,0.0079971,-0.12661974,42.69,1298183.60412
2023-06-27,22,BTC-230630-22000-P,BTCUSDT,P,230630-22000,5.0,5.0,5.0,5.0,0.0,0.0,0.0,10.0,0.0,2.5,,1.70930326,1.0,0.95,-7.16e-06,1e-08,0.00080339,-0.01606766,42.69,1306155.94655299
2023-06-27,5,BTC-230630-22000-P,BTCUSDT,P,230630-22000,10.0,10.0,5.0,5.0,2.53,2.53,0.0,10.0,0.0,2.5,,1.46556675,1.0,0.95,-0.00010088,1.5e-07,0.01111897,-0.17129154,42.69,1294147.70156453
2023-06-27,2,BTC-230630-22000-P,BTCUSDT,P,230630-22000,10.0,10.0,5.0,5.0,2.53,2.53,0.0,10.0,0.0,2.5,,1.45761311,1.0,0.95,-0.00010508,1.5e-07,0.01184921,-0.17542922,42.69,1301342.39765927
2023-06-28,6,BTC-230630-22000-P,BTCUSDT,P,230630-22000,5.0,5.0,5.0,5.0,4.49,4.49,0.0,5.0,0.0,4.84,,1.67085826,1.0,0.95,-2.37e-06,1e-08,0.00025656,-0.00596884,44.13,1340552.03654434
2023-06-28,3,BTC-230630-22000-P,BTCUSDT,P,230630-22000,5.0,5.0,5.0,5.0,1.51,1.51,0.0,10.0,0.0,2.5,,1.76887929,1.0,0.95,-3.76e-06,1e-08,0.0004128,-0.0090499,44.13,1343981.19036335
2023-06-28,13,BTC-230630-22000-P,BTCUSDT,P,230630-22000,5.0,5.0,5.0,5.0,4.49,4.49,0.0,5.0,0.0,2.42,,1.77609265,1.0,0.95,-6.2e-07,0.0,6.546e-05,-0.00177687,44.13,1332497.02349335
2023-06-28,21,BTC-230630-22000-P,BTCUSDT,P,230630-22000,5.0,5.0,5.0,5.0,4.49,4.49,0.0,10.0,0.0,2.5,,2.12699234,1.0,0.95,-5e-08,0.0,4.66e-06,-0.00015619,44.13,1329952.38585499
2023-06-28,12,BTC-230630-22000-P,BTCUSDT,P,230630-22000,5.0,5.0,5.0,5.0,4.49,4.49,0.0,5.0,0.0,2.42,,1.73967838,1.0,0.95,-1.05e-06,0.0,0.00010897,-0.00288886,44.13,1328388.34106386
2023-06-28,15,BTC-230630-22000-P,BTCUSDT,P,230630-22000,5.0,5.0,5.0,5.0,4.49,4.49,0.0,10.0,0.0,2.5,,2.00968862,1.0,0.95,-1.9e-07,0.0,2.085e-05,-0.00059413,44.13,1341937.44402838
2023-06-28,23,BTC-230630-22000-P,BTCUSDT,P,230630-22000,5.0,5.0,5.0,5.0,2.98,2.98,0.0,10.0,0.0,2.5,,2.18115449,1.0,0.95,-2e-08,0.0,2.23e-06,-7.96e-05,44.13,1327446.63596053
2023-06-28,4,BTC-230630-22000-P,BTCUSDT,P,230630-22000,5.0,5.0,5.0,5.0,1.51,1.51,0.0,10.0,0.0,2.5,,1.79047406,1.0,0.95,-2.89e-06,1e-08,0.00031839,-0.00711684,44.13,1345033.88295903
2023-06-28,18,BTC-230630-22000-P,BTCUSDT,P,230630-22000,5.0,5.0,5.0,5.0,4.49,4.49,0.0,10.0,0.0,0.25,,2.05040097,1.0,0.95,-1.2e-07,0.0,1.29e-05,-0.00039736,44.13,1332477.73722838
2023-06-28,19,BTC-230630-22000-P,BTCUSDT,P,230630-22000,5.0,5.0,5.0,5.0,4.49,4.49,0.0,10.0,0.0,5.0,,2.06002057,1.0,0.95,-1.1e-07,0.0,1.168e-05,-0.00036976,44.13,1328944.37906386
2023-06-28,1,BTC-230630-22000-P,BTCUSDT,P,230630-22000,5.0,5.0,5.0,5.0,1.51,1.51,0.0,10.0,0.0,2.5,,1.74251378,1.0,0.95,-5.03e-06,1e-08,0.00055682,-0.01175507,44.13,1345778.51181189
2023-06-28,14,BTC-230630-22000-P,BTCUSDT,P,230630-22000,5.0,5.0,5.0,5.0,4.49,4.49,0.0,5.0,0.0,2.42,,1.81626499,1.0,0.95,-3.4e-07,0.0,3.677e-05,-0.00102232,44.13,1339256.81324834
2023-06-28,0,BTC-230630-22000-P,BTCUSDT,P,230630-22000,5.0,5.0,5.0,5.0,1.51,1.51,0.0,10.0,0.0,2.5,,1.74379468,1.0,0.95,-4.79e-06,1e-08,0.0005379,-0.0111492,44.13,1351013.73158811
2023-06-28,16,BTC-230630-22000-P,BTCUSDT,P,230630-22000,5.0,5.0,5.0,5.0,4.49,4.49,0.0,20.0,0.0,5.0,,2.19992995,1.0,0.95,-2.1e-07,0.0,2.207e-05,-0.00064503,44.13,1336641.97011441
2023-06-28,11,BTC-230630-22000-P,BTCUSDT,P,230630-22000,5.0,5.0,5.0,5.0,4.49,4.49,0.0,5.0,0.0,2.42,,1.75306201,1.0,0.95,-8.2e-07,0.0,8.753e-05,-0.00226789,44.13,1338049.17882506
2023-06-28,20,BTC-230630-22000-P,BTCUSDT,P,230630-22000,5.0,5.0,5.0,5.0,4.49,4.49,0.0,10.0,0.0,2.5,,2.09096551,1.0,0.95,-7e-08,0.0,7.68e-06,-0.00025027,44.13,1328326.50087051
2023-06-28,9,BTC-230630-22000-P,BTCUSDT,P,230630-22000,5.0,5.0,5.0,5.0,4.49,4.49,0.0,20.0,0.0,5.0,,2.03344822,1.0,0.95,-1.39e-06,0.0,0.00014886,-0.00368914,44.13,1337584.1553133
2023-06-28,8,BTC-230630-22000-P,BTCUSDT,P,230630-22000,5.0,5.0,5.0,5.0,4.49,4.49,0.0,5.0,0.0,2.39,,1.69064641,1.0,0.95,-1.89e-06,0.0,0.00020171,-0.00489242,44.13,1336127.72952838
2023-06-28,10,BTC-230630-22000-P,BTCUSDT,P,230630-22000,5.0,5.0,5.0,5.0,4.49,4.49,0.0,5.0,0.0,2.42,,1.73747718,1.0,0.95,-1e-06,0.0,0.00010743,-0.00272148,44.13,1338611.69084169
2023-06-28,17,BTC-230630-22000-P,BTCUSDT,P,230630-22000,5.0,5.0,5.0,5.0,4.49,4.49,0.0,20.0,0.0,8.85,,2.20791996,1.0,0.95,-2e-07,0.0,2.077e-05,-0.00062303,44.13,1330654.54264945
2023-06-28,7,BTC-230630-22000-P,BTCUSDT,P,230630-22000,5.0,5.0,5.0,5.0,4.49,4.49,0.0,5.0,0.0,2.39,,1.65935218,1.0,0.95,-2.9e-06,1e-08,0.0003067,-0.00728419,44.13,1332077.48109524
2023-06-28,22,BTC-230630-22000-P,BTCUSDT,P,230630-22000,5.0,5.0,5.0,5.0,4.49,4.49,0.0,10.0,0.0,2.5,,2.15331554,1.0,0.95,-3e-08,0.0,3.27e-06,-0.00011287,44.13,1328594.89371109
2023-06-28,5,BTC-230630-22000-P,BTCUSDT,P,230630-22000,5.0,5.0,5.0,5.0,1.51,1.51,0.0,10.0,0.0,2.5,,1.80387676,1.0,0.95,-2.49e-06,1e-08,0.00027293,-0.00622268,44.13,1343923.66909367
2023-06-28,2,BTC-230630-22000-P,BTCUSDT,P,230630-22000,5.0,5.0,5.0,5.0,1.51,1.51,0.0,10.0,0.0,2.5,,1.7470634,1.0,0.95,-4.89e-06,1e-08,0.00053538,-0.01151577,44.13,1342091.14918952
2023-06-29,6,BTC-230630-22000-P,BTCUSDT,P,230630-22000,5.0,5.0,5.0,5.0,0.0,0.0,0.0,10.0,0.0,2.5,,2.50330627,1.0,0.95,0.0,0.0,2e-08,-7.4e-07,44.13,1334434.29654723
2023-06-29,3,BTC-230630-22000-P,BTCUSDT,P,230630-22000,5.0,5.0,5.0,5.0,2.98,2.98,0.0,10.0,0.0,2.5,,2.35202491,1.0,0.95,0.0,0.0,1.8e-07,-7.24e-06,44.13,1331379.40942106
2023-06-29,13,BTC-230630-22000-P,BTCUSDT,P,230630-22000,5.0,15.0,5.0,15.0,7.07,7.07,0.0,5.0,0.0,4.81,,2.80054152,1.0,0.95,0.0,0.0,0.0,0.0,44.13,1346896.56975166
2023-06-29,21,BTC-230630-22000-P,BTCUSDT,P,230630-22000,5.0,15.0,5.0,15.0,7.07,7.07,0.0,5.0,0.0,2.43,,3.71192575,1.0,0.95,0.0,0.0,0.0,0.0,46.63,1418372.24219668
2023-06-29,12,BTC-230630-22000-P,BTCUSDT,P,230630-22000,5.0,5.0,5.0,5.0,0.0,0.0,0.0,10.0,0.0,2.5,,2.97018409,1.0,0.95,0.0,0.0,0.0,0.0,44.13,1351670.29128115
2023-06-29,15,BTC-230630-22000-P,BTCUSDT,P,230630-22000,5.0,15.0,5.0,15.0,7.07,7.07,0.0,5.0,0.0,2.43,,2.95017242,1.0,0.95,0.0,0.0,0.0,0.0,46.63,1421214.66864407
2023-06-29,23,BTC-230630-22000-P,BTCUSDT,P,230630-22000,5.0,15.0,5.0,5.0,7.08,7.08,0.0,10.0,0.0,2.5,,4.16120887,1.0,0.95,0.0,0.0,0.0,0.0,46.64,1420043.80039569
2023-06-29,4,BTC-230630-22000-P,BTCUSDT,P,230630-22000,5.0,5.0,5.0,5.0,2.98,2.98,0.0,10.0,0.0,2.5,,2.4055016,1.0,0.95,0.0,0.0,8e-08,-3.25e-06,44.13,1333701.43788115
2023-06-29,18,BTC-230630-22000-P,BTCUSDT,P,230630-22000,5.0,15.0,5.0,15.0,7.07,7.07,0.0,5.0,0.0,2.43,,3.29858601,1.0,0.95,0.0,0.0,0.0,0.0,46.63,1425533.83644597
2023-06-29,19,BTC-230630-22000-P,BTCUSDT,P,230630-22000,5.0,15.0,5.0,15.0,7.07,7.07,0.0,5.0,0.0,2.43,,3.44222903,1.0,0.95,0.0,0.0,0.0,0.0,46.63,1427046.08321517
2023-06-29,1,BTC-230630-22000-P,BTCUSDT,P,230630-22000,5.0,5.0,5.0,5.0,2.98,2.98,0.0,10.0,0.0,2.5,,2.27124214,1.0,0.95,-1e-08,0.0,5.9e-07,-2.256e-05,44.13,1331295.19871219
2023-06-29,14,BTC-230630-22000-P,BTCUSDT,P,230630-22000,5.0,15.0,5.0,15.0,7.07,7.07,0.0,5.0,0.0,2.43,,2.85632014,1.0,0.95,0.0,0.0,0.0,0.0,46.63,1420253.96766351
2023-06-29,0,BTC-230630-22000-P,BTCUSDT,P,230630-22000,5.0,5.0,5.0,5.0,2.98,2.98,0.0,10.0,0.0,2.5,,2.21594214,1.0,0.95,-1e-08,0.0,1.37e-06,-5.021e-05,44.13,1327018.08516607
2023-06-29,16,BTC-230630-22000-P,BTCUSDT,P,230630-22000,5.0,15.0,5.0,15.0,7.07,7.07,0.0,5.0,0.0,2.43,,3.05311263,1.0,0.95,0.0,0.0,0.0,0.0,46.63,1422344.66214502
2023-06-29,11,BTC-230630-22000-P,BTCUSDT,P,230630-22000,5.0,5.0,5.0,5.0,0.0,0.0,0.0,10.0,0.0,2.5,,2.90547609,1.0,0.95,0.0,0.0,0.0,0.0,44.13,1353299.77940776
2023-06-29,20,BTC-230630-22000-P,BTCUSDT,P,230630-22000,5.0,15.0,5.0,15.0,7.07,7.07,0.0,5.0,0.0,2.43,,3.53388369,1.0,0.95,0.0,0.0,0.0,0.0,46.63,1417965.87455734
2023-06-29,9,BTC-230630-22000-P,BTCUSDT,P,230630-22000,5.0,5.0,5.0,5.0,0.0,0.0,0.0,10.0,0.0,2.5,,2.71536112,1.0,0.95,0.0,0.0,0.0,-2e-08,44.13,1343479.5984
2023-06-29,8,BTC-230630-22000-P,BTCUSDT,P,230630-22000,5.0,5.0,5.0,5.0,0.0,0.0,0.0,10.0,0.0,2.5,,2.64386296,1.0,0.95,0.0,0.0,0.0,-7e-08,44.13,1340705.66904058
2023-06-29,10,BTC-230630-22000-P,BTCUSDT,P,230630-22000,5.0,5.0,5.0,5.0,0.0,0.0,0.0,10.0,0.0,2.5,,2.84276962,1.0,0.95,0.0,0.0,0.0,0.0,44.13,1354561.80041885
2023-06-29,17,BTC-230630-22000-P,BTCUSDT,P,230630-22000,5.0,15.0,5.0,15.0,7.07,7.07,0.0,5.0,0.0,2.43,,3.17176521,1.0,0.95,0.0,0.0,0.0,0.0,46.63,1424071.75535829
2023-06-29,7,BTC-230630-22000-P,BTCUSDT,P,230630-22000,5.0,5.0,5.0,5.0,0.0,0.0,0.0,10.0,0.0,2.5,,2.57868469,1.0,0.95,0.0,0.0,0.0,-2.1e-07,44.13,1338876.73271219
2023-06-29,22,BTC-230630-22000-P,BTCUSDT,P,230630-22000,5.0,15.0,5.0,15.0,7.07,7.07,0.0,5.0,0.0,2.43,,3.9091593,1.0,0.95,0.0,0.0,0.0,0.0,46.63,1417435.5479801
2023-06-29,5,BTC-230630-22000-P,BTCUSDT,P,230630-22000,5.0,5.0,5.0,5.0,2.98,2.98,0.0,10.0,0.0,2.5,,2.44295835,1.0,0.95,0.0,0.0,4e-08,-1.91e-06,44.13,1332042.84335277
2023-06-29,2,BTC-230630-22000-P,BTCUSDT,P,230630-22000,5.0,5.0,5.0,5.0,2.98,2.98,0.0,10.0,0.0,2.5,,2.29977131,1.0,0.95,0.0,0.0,4e-07,-1.563e-05,44.13,1329133.06148559
2023-06-30,6,BTC-230630-22000-P,BTCUSDT,P,230630-22000,15.0,15.0,5.0,5.0,7.08,7.08,0.0,15.0,0.0,2.7,,9.9999994,1.0,0.95,0.0,0.0,0.0,0.0,46.64,1430158.80683066
2023-06-30,3,BTC-230630-22000-P,BTCUSDT,P,230630-22000,5.0,15.0,5.0,5.0,7.08,7.08,0.0,10.0,0.0,2.5,,6.53415918,1.0,0.95,0.0,0.0,0.0,0.0,46.64,1433636.01359137
2023-06-30,4,BTC-230630-22000-P,BTCUSDT,P,230630-22000,5.0,15.0,5.0,5.0,7.08,7.08,0.0,20.0,0.0,5.0,,8.35017204,1.0,0.95,0.0,0.0,0.0,0.0,46.64,1450020.62509029
2023-06-30,1,BTC-230630-22000-P,BTCUSDT,P,230630-22000,5.0,15.0,5.0,5.0,7.08,7.08,0.0,10.0,0.0,2.5,,5.17757773,1.0,0.95,0.0,0.0,0.0,0.0,46.64,1417103.42516024
2023-06-30,0,BTC-230630-22000-P,BTCUSDT,P,230630-22000,5.0,15.0,5.0,5.0,7.08,7.08,0.0,10.0,0.0,2.5,,4.8163116,1.0,0.95,0.0,0.0,0.0,0.0,46.64,1419696.90642635
2023-06-30,7,BTC-230630-22000-P,BTCUSDT,P,230630-22000,15.0,15.0,5.0,5.0,7.08,7.08,0.0,5.0,0.0,1.74,,9.9999994,1.0,0.95,0.0,0.0,0.0,0.0,46.64,1436131.41247473
2023-06-30,5,BTC-230630-22000-P,BTCUSDT,P,230630-22000,5.0,15.0,5.0,5.0,7.08,7.08,0.0,20.0,0.0,5.0,,9.9999994,1.0,0.95,0.0,0.0,0.0,0.0,46.64,1433163.50938922
2023-06-30,2,BTC-230630-22000-P,BTCUSDT,P,230630-22000,5.0,15.0,5.0,5.0,7.08,7.08,0.0,10.0,0.0,2.5,,5.80754042,1.0,0.95,0.0,0.0,0.0,0.0,46.64,1429962.01678228
