date,hour,symbol,underlying,type,strike,open,high,low,close,volume_contracts,volume_usdt,best_bid_price,best_ask_price,best_bid_qty,best_ask_qty,best_buy_iv,best_sell_iv,mark_price,mark_iv,delta,gamma,vega,theta,openinterest_contracts,openinterest_usdt
2023-06-07,11,BTC-230825-25000-C,BTCUSDT,C,230825-25000,3465.0,3465.0,3465.0,3465.0,0.0,0.0,2925.0,3180.0,2.47,15.0,,0.43845773,3051.0,0.4097873,0.68331221,6.954e-05,44.48668562,-11.56241606,13.04,350080.6086755
2023-06-07,13,BTC-230825-25000-C,BTCUSDT,C,230825-25000,3465.0,3465.0,3465.0,3465.0,0.0,0.0,2870.0,3130.0,2.47,16.5,,0.43802261,2999.0,0.40887594,0.67871493,7.034e-05,44.61737041,-11.58283599,13.04,350056.56581338
2023-06-07,15,BTC-230825-25000-C,BTCUSDT,C,230825-25000,3465.0,3465.0,3465.0,3465.0,0.0,0.0,2570.0,2815.0,5.28,16.5,,0.43687224,2692.0,0.40997744,0.64452179,7.428e-05,45.55589673,-11.87090275,13.04,343257.65470225
2023-06-07,20,BTC-230825-25000-C,BTCUSDT,C,230825-25000,3465.0,3465.0,3465.0,3465.0,0.0,0.0,2510.0,2775.0,2.44,1.5,,0.42679191,2642.0,0.39758086,0.64777035,7.641e-05,45.36993406,-11.49541041,13.04,343809.55386662
2023-06-07,19,BTC-230825-25000-C,BTCUSDT,C,230825-25000,3465.0,3465.0,3465.0,3465.0,0.0,0.0,2615.0,2900.0,3.08,1.5,,0.43604851,2757.0,0.40451646,0.65601965,7.407e-05,45.20551766,-11.64737147,13.04,345428.56921904
2023-06-07,9,BTC-230825-25000-C,BTCUSDT,C,230825-25000,3465.0,3465.0,3465.0,3465.0,0.0,0.0,2625.0,2870.0,2.47,15.0,,0.42698026,2747.0,0.39991558,0.65741176,7.458e-05,45.27204204,-11.47095593,13.04,345353.21457775
2023-06-07,18,BTC-230825-25000-C,BTCUSDT,C,230825-25000,3465.0,3465.0,3465.0,3465.0,0.0,0.0,2615.0,2900.0,3.08,1.5,,0.43809533,2757.0,0.40660679,0.6544775,7.383e-05,45.26731225,-11.71734364,13.04,345137.35497145
2023-06-07,12,BTC-230825-25000-C,BTCUSDT,C,230825-25000,3465.0,3465.0,3465.0,3465.0,0.0,0.0,2860.0,3125.0,2.47,16.5,,0.43868542,2991.0,0.40900826,0.67776642,7.041e-05,44.66276786,-11.59223848,13.04,349286.19738662
2023-06-07,16,BTC-230825-25000-C,BTCUSDT,C,230825-25000,3465.0,3465.0,3465.0,3465.0,0.0,0.0,2540.0,2840.0,2.44,15.0,,0.44464827,2689.0,0.4117316,0.64308988,7.413e-05,45.58116774,-11.93462919,13.04,343388.08078225
2023-06-07,14,BTC-230825-25000-C,BTCUSDT,C,230825-25000,3465.0,3465.0,3465.0,3465.0,0.0,0.0,2610.0,2865.0,2.47,16.5,,0.43351293,2737.0,0.40539563,0.65277217,7.418e-05,45.35522712,-11.68034391,13.04,344396.58568887
2023-06-07,22,BTC-230825-25000-C,BTCUSDT,C,230825-25000,3465.0,3465.0,3465.0,3465.0,0.0,0.0,2550.0,2830.0,6.96,1.5,,0.45124292,2689.0,0.42056859,0.63758866,7.324e-05,45.64894432,-12.2478527,13.04,342668.74325711
2023-06-07,21,BTC-230825-25000-C,BTCUSDT,C,230825-25000,3465.0,3465.0,3465.0,3465.0,0.0,0.0,2480.0,2650.0,15.0,1.5,,0.42912245,2564.0,0.41055202,0.6295657,7.592e-05,45.77484331,-11.98275356,13.04,341268.46148566
2023-06-07,17,BTC-230825-25000-C,BTCUSDT,C,230825-25000,3465.0,3465.0,3465.0,3465.0,0.0,0.0,2650.0,2905.0,2.44,16.5,,0.43377638,2777.0,0.40556133,0.65739197,7.367e-05,45.19882529,-11.66334649,13.04,345865.83457145
2023-06-07,23,BTC-230825-25000-C,BTCUSDT,C,230825-25000,3465.0,3465.0,3465.0,3465.0,0.0,0.0,2620.0,2900.0,5.69,1.5,,0.45700788,2759.0,0.42628169,0.6418259,7.179e-05,45.57252552,-12.40004065,13.04,343539.49857145
2023-06-07,10,BTC-230825-25000-C,BTCUSDT,C,230825-25000,3465.0,3465.0,3465.0,3465.0,0.0,0.0,2705.0,2940.0,2.47,16.5,,0.42797685,2822.0,0.40189981,0.66446205,7.337e-05,45.07018629,-11.48253367,13.04,346790.5905955
2023-06-08,8,BTC-230825-25000-C,BTCUSDT,C,230825-25000,3465.0,3465.0,3465.0,3465.0,0.0,0.0,2635.0,2930.0,6.75,16.5,,0.45035839,2782.0,0.41774094,0.65068123,7.25e-05,45.23284583,-12.11904358,13.04,344844.8139555
2023-06-08,11,BTC-230825-25000-C,BTCUSDT,C,230825-25000,3465.0,3465.0,3465.0,3465.0,0.0,0.0,2630.0,2865.0,2.38,16.5,,0.43783188,2747.0,0.41181028,0.65104246,7.361e-05,45.16229539,-11.94751265,13.04,344728.85648
2023-06-08,13,BTC-230825-25000-C,BTCUSDT,C,230825-25000,3465.0,3465.0,3465.0,3465.0,0.0,0.0,2615.0,2890.0,2.51,16.5,,0.44800043,2752.0,0.41759789,0.64780338,7.296e-05,45.23638955,-12.1483074,13.04,344307.26582855
2023-06-08,15,BTC-230825-25000-C,BTCUSDT,C,230825-25000,3465.0,3465.0,3465.0,3465.0,0.0,0.0,2810.0,3095.0,2.38,16.5,,0.44700861,2951.0,0.41501939,0.67146233,7.066e-05,44.5630813,-11.90635635,13.04,348494.35107696
2023-06-08,20,BTC-230825-25000-C,BTCUSDT,C,230825-25000,3465.0,3465.0,3465.0,3465.0,0.0,0.0,2730.0,3005.0,2.38,16.5,,0.43979049,2866.0,0.40895462,0.6669817,7.242e-05,44.6060854,-11.77527401,13.04,347491.71407476
2023-06-08,19,BTC-230825-25000-C,BTCUSDT,C,230825-25000,3465.0,3465.0,3465.0,3465.0,0.0,0.0,2650.0,2910.0,2.38,16.5,,0.43302298,2779.0,0.40398061,0.66076659,7.41e-05,44.77402688,-11.66957169,13.04,346127.30018456
2023-06-08,9,BTC-230825-25000-C,BTCUSDT,C,230825-25000,3465.0,3465.0,3465.0,3465.0,0.0,0.0,2635.0,2895.0,4.37,16.5,,0.45072317,2764.0,0.42204916,0.6459276,7.229e-05,45.34547831,-12.28108133,13.04,344167.36277338
2023-06-08,5,BTC-230825-25000-C,BTCUSDT,C,230825-25000,3465.0,3465.0,3465.0,3465.0,0.0,0.0,2595.0,2870.0,6.28,16.5,,0.44597745,2732.0,0.41566074,0.64625216,7.332e-05,45.3642015,-12.07435129,13.04,343955.99886225
2023-06-08,18,BTC-230825-25000-C,BTCUSDT,C,230825-25000,3465.0,3465.0,3465.0,3465.0,0.0,0.0,2665.0,2910.0,2.38,16.5,,0.43156743,2787.0,0.40419877,0.66138019,7.396e-05,44.77040114,-11.66865439,13.04,346227.16938897
2023-06-08,12,BTC-230825-25000-C,BTCUSDT,C,230825-25000,3465.0,3465.0,3465.0,3465.0,0.0,0.0,2645.0,2925.0,2.38,16.5,,0.44544458,2784.0,0.41439354,0.65354031,7.286e-05,45.09930335,-12.01212043,13.04,345688.11155159
2023-06-08,7,BTC-230825-25000-C,BTCUSDT,C,230825-25000,3465.0,3465.0,3465.0,3465.0,0.0,0.0,2720.0,3045.0,3.43,20.89,,0.47514677,2882.0,0.43934643,0.64738153,6.915e-05,45.40341743,-12.78706828,13.04,344822.9994845
2023-06-08,16,BTC-230825-25000-C,BTCUSDT,C,230825-25000,3465.0,3465.0,3465.0,3465.0,0.0,0.0,2655.0,2935.0,2.38,16.5,,0.4444766,2794.0,0.41335046,0.65567054,7.289e-05,44.99076421,-11.97871204,13.04,345465.3754549
2023-06-08,6,BTC-230825-25000-C,BTCUSDT,C,230825-25000,3465.0,3465.0,3465.0,3465.0,0.0,0.0,2625.0,2885.0,2.38,16.5,,0.44238091,2754.0,0.4136467,0.65024403,7.326e-05,45.25165666,-11.9924371,13.04,344689.4177245
2023-06-08,14,BTC-230825-25000-C,BTCUSDT,C,230825-25000,3465.0,3465.0,3465.0,3465.0,0.0,0.0,2790.0,3100.0,5.04,16.5,,0.45953274,2944.0,0.42495966,0.66386206,6.982e-05,44.84906845,-12.26319058,13.04,347291.81660662
2023-06-08,1,BTC-230825-25000-C,BTCUSDT,C,230825-25000,3465.0,3465.0,3465.0,3465.0,0.0,0.0,2725.0,3015.0,3.24,16.5,,0.46795249,2869.0,0.4360491,0.64770341,6.954e-05,45.45955132,-12.66619404,13.04,344770.95270482
2023-06-08,22,BTC-230825-25000-C,BTCUSDT,C,230825-25000,3465.0,3465.0,3465.0,3465.0,0.0,0.0,2710.0,2970.0,4.28,1.5,,0.44627309,2839.0,0.41728795,0.65840186,7.197e-05,44.86160957,-12.09706372,13.04,346165.48732304
2023-06-08,21,BTC-230825-25000-C,BTCUSDT,C,230825-25000,3465.0,3465.0,3465.0,3465.0,0.0,0.0,2705.0,3000.0,4.8,1.5,,0.4486537,2851.0,0.41572213,0.66074226,7.196e-05,44.80426179,-12.02978715,13.04,346528.90352524
2023-06-08,3,BTC-230825-25000-C,BTCUSDT,C,230825-25000,3465.0,3465.0,3465.0,3465.0,0.0,0.0,2595.0,2830.0,2.38,1.5,,0.4419291,2712.0,0.41607261,0.64355875,7.35e-05,45.44966496,-12.09617769,13.04,343484.5854755
2023-06-08,17,BTC-230825-25000-C,BTCUSDT,C,230825-25000,3465.0,3465.0,3465.0,3465.0,0.0,0.0,2620.0,2890.0,2.38,16.5,,0.43666244,2754.0,0.40661514,0.6559421,7.413e-05,44.94157065,-11.77696255,13.04,345298.84032524
2023-06-08,0,BTC-230825-25000-C,BTCUSDT,C,230825-25000,3465.0,3465.0,3465.0,3465.0,0.0,0.0,2660.0,2905.0,2.38,16.5,,0.45138478,2782.0,0.4244417,0.64562413,7.172e-05,45.47384605,-12.32633962,13.04,344132.70059048
2023-06-08,2,BTC-230825-25000-C,BTCUSDT,C,230825-25000,3465.0,3465.0,3465.0,3465.0,0.0,0.0,2655.0,2945.0,3.31,16.5,,0.46110034,2799.0,0.42921722,0.64456964,7.105e-05,45.4888242,-12.48241717,13.04,344020.80186662
2023-06-08,23,BTC-230825-25000-C,BTCUSDT,C,230825-25000,3465.0,3465.0,3465.0,3465.0,0.0,0.0,2620.0,2910.0,4.38,1.5,,0.43952942,2764.0,0.40718019,0.65712576,7.401e-05,44.83757969,-11.80407639,13.04,345562.20820221
2023-06-08,4,BTC-230825-25000-C,BTCUSDT,C,230825-25000,3465.0,3465.0,3465.0,3465.0,0.0,0.0,2640.0,2865.0,2.38,1.5,,0.44164896,2752.0,0.41683793,0.64765204,7.293e-05,45.34975056,-12.09823397,13.04,344291.94113775
2023-06-08,10,BTC-230825-25000-C,BTCUSDT,C,230825-25000,3465.0,3465.0,3465.0,3465.0,0.0,0.0,2650.0,2875.0,2.38,16.5,,0.43255806,2762.0,0.40757716,0.65559479,7.385e-05,45.04266332,-11.78706769,13.04,345373.23242662
2023-06-09,8,BTC-230825-25000-C,BTCUSDT,C,230825-25000,3465.0,3465.0,3465.0,3465.0,0.0,0.0,2705.0,2990.0,2.45,1.5,,0.437603,2846.0,0.40549874,0.66815769,7.317e-05,44.40251232,-11.69799257,13.04,347350.82618897
2023-06-09,11,BTC-230825-25000-C,BTCUSDT,C,230825-25000,3465.0,3465.0,3465.0,3465.0,0.0,0.0,2655.0,2920.0,19.24,16.5,,0.42707324,2786.0,0.39717734,0.66772403,7.489e-05,44.33566906,-11.45929743,13.04,347018.61570993
2023-06-09,13,BTC-230825-25000-C,BTCUSDT,C,230825-25000,3465.0,3465.0,3465.0,3465.0,0.0,0.0,2725.0,3015.0,19.01,16.5,,0.44474125,2869.0,0.41209102,0.66637501,7.226e-05,44.42578295,-11.92668619,13.04,347563.44553848
2023-06-09,15,BTC-230825-25000-C,BTCUSDT,C,230825-25000,3465.0,3465.0,3465.0,3465.0,0.0,0.0,2595.0,2855.0,19.06,16.5,,0.43205738,2724.0,0.40291786,0.65684083,7.52e-05,44.62453383,-11.72609938,13.04,345181.16507255
2023-06-09,20,BTC-230825-25000-C,BTCUSDT,C,230825-25000,3465.0,3465.0,3465.0,3465.0,0.0,0.0,2580.0,2815.0,15.0,16.5,,0.42793512,2697.0,0.40158629,0.65502386,7.578e-05,44.60332787,-11.71362162,13.04,344909.6149538
2023-06-09,19,BTC-230825-25000-C,BTCUSDT,C,230825-25000,3465.0,3465.0,3465.0,3465.0,0.0,0.0,2570.0,2790.0,15.0,16.5,,0.42877436,2679.0,0.40417612,0.65108565,7.572e-05,44.72668955,-11.81533133,13.04,344223.65076924
2023-06-09,9,BTC-230825-25000-C,BTCUSDT,C,230825-25000,3465.0,3465.0,3465.0,3465.0,0.0,0.0,2700.0,3000.0,2.85,16.5,,0.44048548,2849.0,0.4066968,0.66765552,7.302e-05,44.41119952,-11.74120507,13.04,347373.7378989
2023-06-09,5,BTC-230825-25000-C,BTCUSDT,C,230825-25000,3465.0,3465.0,3465.0,3465.0,0.0,0.0,2590.0,2845.0,2.42,16.5,,0.42517781,2717.0,0.3966099,0.65973026,7.587e-05,44.64267808,-11.48479494,13.04,345613.5944
2023-06-09,18,BTC-230825-25000-C,BTCUSDT,C,230825-25000,3465.0,3465.0,3465.0,3465.0,0.0,0.0,2565.0,2815.0,17.39,16.5,,0.42789102,2689.0,0.3998673,0.65522292,7.605e-05,44.61580911,-11.65404481,13.04,344972.17112966
2023-06-09,12,BTC-230825-25000-C,BTCUSDT,C,230825-25000,3465.0,3465.0,3465.0,3465.0,0.0,0.0,2725.0,3005.0,15.0,16.5,,0.43741822,2864.0,0.40579796,0.67016768,7.294e-05,44.29189482,-11.70280485,13.04,347799.9309538
2023-06-09,7,BTC-230825-25000-C,BTCUSDT,C,230825-25000,3465.0,3465.0,3465.0,3465.0,0.0,0.0,2575.0,3700.0,2.45,5.63,,0.61512709,3133.0,0.49074352,0.6444068,6.238e-05,45.33066655,-14.44527755,13.04,345468.47496262
2023-06-09,16,BTC-230825-25000-C,BTCUSDT,C,230825-25000,3465.0,3465.0,3465.0,3465.0,0.0,0.0,2575.0,2855.0,17.39,16.5,,0.43185592,2714.0,0.40044367,0.6575285,7.562e-05,44.58233603,-11.64940405,13.04,345382.35221103
2023-06-09,6,BTC-230825-25000-C,BTCUSDT,C,230825-25000,3465.0,3465.0,3465.0,3465.0,0.0,0.0,2585.0,2855.0,2.42,16.5,,0.42904019,2719.0,0.39881289,0.65849889,7.561e-05,44.67445897,-11.56305944,13.04,345485.75511214
2023-06-09,14,BTC-230825-25000-C,BTCUSDT,C,230825-25000,3465.0,3465.0,3465.0,3465.0,0.0,0.0,2660.0,2900.0,15.0,16.5,,0.42560935,2779.0,0.39854646,0.66613622,7.488e-05,44.35309119,-11.52206281,13.04,346660.39687917
2023-06-09,1,BTC-230825-25000-C,BTCUSDT,C,230825-25000,3465.0,3465.0,3465.0,3465.0,0.0,0.0,2650.0,2940.0,3.48,1.5,,0.44544339,2794.0,0.41310668,0.65652166,7.302e-05,44.85457285,-11.99334686,13.04,345777.46850993
2023-06-09,22,BTC-230825-25000-C,BTCUSDT,C,230825-25000,3465.0,3465.0,3465.0,3465.0,0.0,0.0,2590.0,2820.0,15.0,1.5,,0.42309403,2704.0,0.39721489,0.65918857,7.618e-05,44.44640057,-11.55795052,13.04,345477.14298027
2023-06-09,21,BTC-230825-25000-C,BTCUSDT,C,230825-25000,3465.0,3465.0,3465.0,3465.0,0.0,0.0,2580.0,2820.0,15.0,16.5,,0.42508721,2699.0,0.39811373,0.65787923,7.614e-05,44.49911313,-11.59151916,13.04,345299.24786841
2023-06-09,3,BTC-230825-25000-C,BTCUSDT,C,230825-25000,3465.0,3465.0,3465.0,3465.0,0.0,0.0,2585.0,2835.0,2.42,16.5,,0.42561769,2709.0,0.39766014,0.6579552,7.584e-05,44.72172819,-11.52313986,13.04,345455.27590331
2023-06-09,17,BTC-230825-25000-C,BTCUSDT,C,230825-25000,3465.0,3465.0,3465.0,3465.0,0.0,0.0,2600.0,2835.0,15.0,16.5,,0.42549968,2717.0,0.39910495,0.65887118,7.574e-05,44.5270238,-11.60236325,13.04,345466.95458456
2023-06-09,0,BTC-230825-25000-C,BTCUSDT,C,230825-25000,3465.0,3465.0,3465.0,3465.0,0.0,0.0,2590.0,2875.0,5.0,1.5,,0.43804884,2732.0,0.40630162,0.65414148,7.455e-05,44.89873667,-11.80103069,13.04,344990.74524841
2023-06-09,2,BTC-230825-25000-C,BTCUSDT,C,230825-25000,3465.0,3465.0,3465.0,3465.0,0.0,0.0,2580.0,2840.0,2.42,1.5,,0.43019414,2709.0,0.40118158,0.65534878,7.544e-05,44.81992376,-11.64441991,13.04,345108.31589448
2023-06-09,23,BTC-230825-25000-C,BTCUSDT,C,230825-25000,3465.0,3465.0,3465.0,3465.0,0.0,0.0,2590.0,2820.0,15.0,1.5,,0.42530894,2704.0,0.39945245,0.65765313,7.595e-05,44.48608369,-11.63978537,13.04,345287.61016262
2023-06-09,4,BTC-230825-25000-C,BTCUSDT,C,230825-25000,3465.0,3465.0,3465.0,3465.0,0.0,0.0,2600.0,2835.0,2.42,16.5,,0.42483807,2717.0,0.39854884,0.65825985,7.565e-05,44.70493459,-11.55079236,13.04,345527.14493186
2023-06-09,10,BTC-230825-25000-C,BTCUSDT,C,230825-25000,3465.0,3465.0,3465.0,3465.0,0.0,0.0,2655.0,2950.0,4.24,16.5,,0.42999744,2801.0,0.39667606,0.6696708,7.472e-05,44.28519582,-11.42560944,13.04,347339.9642989
2023-06-10,8,BTC-230825-25000-C,BTCUSDT,C,230825-25000,3465.0,3465.0,3465.0,3465.0,0.0,0.0,2110.0,2345.0,17.88,1.5,,0.43282866,2227.0,0.40697038,0.59297491,8.143e-05,45.44208371,-12.17350258,13.04,334629.78302117
2023-06-10,11,BTC-230825-25000-C,BTCUSDT,C,230825-25000,3465.0,3465.0,3465.0,3465.0,0.0,0.0,2115.0,2300.0,15.0,16.5,,0.41513443,2207.0,0.39473593,0.59882875,8.351e-05,45.3479614,-11.80250578,13.04,335554.24538351
2023-06-10,13,BTC-230825-25000-C,BTCUSDT,C,230825-25000,3465.0,3465.0,3465.0,3465.0,0.0,0.0,2110.0,2285.0,15.0,16.5,,0.42162478,2197.0,0.40234178,0.59233245,8.254e-05,45.37811957,-12.05116221,13.04,334597.14006584
2023-06-10,15,BTC-230825-25000-C,BTCUSDT,C,230825-25000,3465.0,3465.0,3465.0,3465.0,0.0,0.0,2110.0,2295.0,15.0,16.5,,0.42782843,2202.0,0.40744096,0.58973791,8.177e-05,45.37164809,-12.21559177,13.04,334130.57807065
2023-06-10,20,BTC-230825-25000-C,BTCUSDT,C,230825-25000,3465.0,3465.0,3465.0,3465.0,0.0,0.0,2185.0,2395.0,15.0,16.5,,0.43458104,2289.0,0.41137725,0.59940406,8.024e-05,45.25292028,-12.33529703,13.04,335888.17422784
2023-06-10,19,BTC-230825-25000-C,BTCUSDT,C,230825-25000,3465.0,3465.0,3465.0,3465.0,0.0,0.0,2120.0,2325.0,17.46,15.0,,0.42165995,2222.0,0.39900959,0.59854284,8.282e-05,45.25535311,-11.95848802,13.04,335479.99715766
2023-06-10,9,BTC-230825-25000-C,BTCUSDT,C,230825-25000,3465.0,3465.0,3465.0,3465.0,0.0,0.0,2115.0,2305.0,16.5,16.5,,0.42630315,2209.0,0.40539384,0.59170025,8.188e-05,45.43513337,-12.13114401,13.04,334509.14921416
2023-06-10,5,BTC-230825-25000-C,BTCUSDT,C,230825-25000,3465.0,3465.0,3465.0,3465.0,0.0,0.0,2065.0,2235.0,15.0,16.5,,0.4288137,2149.0,0.41014433,0.57986133,8.184e-05,45.53068051,-12.27216708,13.04,332553.22592
2023-06-10,18,BTC-230825-25000-C,BTCUSDT,C,230825-25000,3465.0,3465.0,3465.0,3465.0,0.0,0.0,2120.0,2290.0,15.0,15.0,,0.43551445,2204.0,0.41677564,0.5841725,8.047e-05,45.36097045,-12.51319014,13.04,333090.25607532
2023-06-10,12,BTC-230825-25000-C,BTCUSDT,C,230825-25000,3465.0,3465.0,3465.0,3465.0,0.0,0.0,2115.0,2295.0,15.0,16.5,,0.4290545,2204.0,0.40923715,0.58866314,8.144e-05,45.41580781,-12.26113023,13.04,334114.21517182
2023-06-10,7,BTC-230825-25000-C,BTCUSDT,C,230825-25000,3465.0,3465.0,3465.0,3465.0,0.0,0.0,2085.0,2215.0,2.39,15.0,,0.4066354,2149.0,0.39233178,0.5921024,8.455e-05,45.44424311,-11.7297487,13.04,334454.92275766
2023-06-10,16,BTC-230825-25000-C,BTCUSDT,C,230825-25000,3465.0,3465.0,3465.0,3465.0,0.0,0.0,2070.0,2270.0,15.0,16.5,,0.42768359,2169.0,0.40564299,0.58647895,8.244e-05,45.37195414,-12.16847084,13.04,333759.34921416
2023-06-10,6,BTC-230825-25000-C,BTCUSDT,C,230825-25000,3465.0,3465.0,3465.0,3465.0,0.0,0.0,2035.0,2210.0,17.39,1.5,,0.41981816,2122.0,0.4005909,0.58239171,8.361e-05,45.50843463,-11.98702149,13.04,333044.36141182
2023-06-10,14,BTC-230825-25000-C,BTCUSDT,C,230825-25000,3465.0,3465.0,3465.0,3465.0,0.0,0.0,2110.0,2295.0,15.0,16.5,,0.42281866,2202.0,0.40242612,0.59304612,8.249e-05,45.36134038,-12.0558628,13.04,334642.41494584
2023-06-10,1,BTC-230825-25000-C,BTCUSDT,C,230825-25000,3465.0,3465.0,3465.0,3465.0,0.0,0.0,2590.0,2820.0,15.0,1.5,,0.43792248,2704.0,0.41221261,0.64883802,7.458e-05,44.73728474,-12.09263614,13.04,344334.14829007
2023-06-10,22,BTC-230825-25000-C,BTCUSDT,C,230825-25000,3465.0,3465.0,3465.0,3465.0,0.0,0.0,2240.0,2365.0,2.46,15.0,,0.41164875,2302.0,0.39778948,0.6105317,8.2e-05,45.09709541,-11.89993188,13.04,337390.45687532
2023-06-10,21,BTC-230825-25000-C,BTCUSDT,C,230825-25000,3465.0,3465.0,3465.0,3465.0,0.0,0.0,2170.0,2360.0,2.46,1.5,,0.42541146,2264.0,0.40440202,0.60081431,8.153e-05,45.21922553,-12.12380767,13.04,335960.72366117
2023-06-10,3,BTC-230825-25000-C,BTCUSDT,C,230825-25000,3465.0,3465.0,3465.0,3465.0,0.0,0.0,2590.0,2735.0,15.0,1.5,,0.42894125,2662.0,0.41276753,0.64371042,7.51e-05,44.82943179,-12.14713194,13.04,343320.18511655
2023-06-10,17,BTC-230825-25000-C,BTCUSDT,C,230825-25000,3465.0,3465.0,3465.0,3465.0,0.0,0.0,2310.0,2495.0,17.39,15.0,,0.42116046,2402.0,0.40061414,0.62132147,8.021e-05,45.0229096,-11.93173863,13.04,338909.49261182
2023-06-10,0,BTC-230825-25000-C,BTCUSDT,C,230825-25000,3465.0,3465.0,3465.0,3465.0,0.0,0.0,2590.0,2820.0,15.0,1.5,,0.42831182,2704.0,0.40248871,0.65556142,7.563e-05,44.54269526,-11.74959858,13.04,345033.67980662
2023-06-10,2,BTC-230825-25000-C,BTCUSDT,C,230825-25000,3465.0,3465.0,3465.0,3465.0,0.0,0.0,2590.0,2750.0,15.0,1.5,,0.4317975,2669.0,0.41395783,0.64369026,7.485e-05,44.84692079,-12.18025022,13.04,343221.51817145
2023-06-10,23,BTC-230825-25000-C,BTCUSDT,C,230825-25000,3465.0,3465.0,3465.0,3465.0,0.0,0.0,2210.0,2365.0,2.46,15.0,,0.41635871,2287.0,0.39918125,0.60761397,8.201e-05,45.11999841,-11.95423968,13.04,336980.79990584
2023-06-10,4,BTC-230825-25000-C,BTCUSDT,C,230825-25000,3465.0,3465.0,3465.0,3465.0,0.0,0.0,2590.0,2825.0,15.0,15.0,,0.52466512,2707.0,0.49886286,0.59756798,6.591e-05,45.53936775,-14.9214423,13.04,336262.09033416
2023-06-10,10,BTC-230825-25000-C,BTCUSDT,C,230825-25000,3465.0,3465.0,3465.0,3465.0,0.0,0.0,2115.0,2275.0,15.0,16.5,,0.41380286,2194.0,0.39617538,0.59600229,8.344e-05,45.38454732,-11.84858979,13.04,335127.39248935
2023-06-11,8,BTC-230825-25000-C,BTCUSDT,C,230825-25000,3465.0,3465.0,3465.0,3465.0,0.0,0.0,2165.0,2325.0,15.0,1.5,,0.42183995,2244.0,0.40409833,0.59913842,8.2e-05,45.09306934,-12.15477351,13.04,335642.92812234
2023-06-11,11,BTC-230825-25000-C,BTCUSDT,C,230825-25000,3465.0,3465.0,3465.0,3465.0,0.0,0.0,2200.0,2390.0,15.0,16.5,,0.429039,2294.0,0.40793777,0.60352874,8.088e-05,45.02332337,-12.27174459,13.04,336431.20225883
2023-06-11,13,BTC-230825-25000-C,BTCUSDT,C,230825-25000,3465.0,3465.0,3465.0,3465.0,0.0,0.0,2180.0,2365.0,15.0,16.5,,0.43604732,2272.0,0.41552246,0.59560501,8.015e-05,45.06893948,-12.5265241,13.04,335243.37024935
2023-06-11,15,BTC-230825-25000-C,BTCUSDT,C,230825-25000,3465.0,3465.0,3465.0,3465.0,0.0,0.0,2180.0,2355.0,15.0,16.5,,0.42779088,2267.0,0.40834785,0.59985601,8.123e-05,45.0043606,-12.30631528,13.04,335914.88729416
2023-06-11,20,BTC-230825-25000-C,BTCUSDT,C,230825-25000,3465.0,3465.0,3465.0,3465.0,0.0,0.0,2455.0,2655.0,15.0,16.5,,0.44450521,2554.0,0.42209923,0.6278408,7.595e-05,44.63481647,-12.65158316,13.04,340664.73184
2023-06-11,19,BTC-230825-25000-C,BTCUSDT,C,230825-25000,3465.0,3465.0,3465.0,3465.0,0.0,0.0,2390.0,2605.0,15.0,16.5,,0.44631839,2497.0,0.42229652,0.62060601,7.663e-05,44.75540232,-12.6845959,13.04,339506.23369416
2023-06-11,9,BTC-230825-25000-C,BTCUSDT,C,230825-25000,3465.0,3465.0,3465.0,3465.0,0.0,0.0,2200.0,2375.0,15.0,16.5,,0.43766141,2287.0,0.41826963,0.59551671,7.954e-05,45.123186,-12.5964331,13.04,335183.04567532
2023-06-11,5,BTC-230825-25000-C,BTCUSDT,C,230825-25000,3465.0,3465.0,3465.0,3465.0,0.0,0.0,2195.0,2330.0,2.47,15.0,,0.41224241,2262.0,0.39726108,0.60602751,8.271e-05,45.0570809,-11.91970389,13.04,336693.67137883
2023-06-11,18,BTC-230825-25000-C,BTCUSDT,C,230825-25000,3465.0,3465.0,3465.0,3465.0,0.0,0.0,2355.0,2565.0,15.0,16.5,,0.44502735,2459.0,0.42159975,0.61632617,7.716e-05,44.82234115,-12.67551796,13.04,338607.05665883
2023-06-11,12,BTC-230825-25000-C,BTCUSDT,C,230825-25000,3465.0,3465.0,3465.0,3465.0,0.0,0.0,2200.0,2390.0,15.0,16.5,,0.43528676,2294.0,0.41420043,0.59941534,8.005e-05,45.05379773,-12.47552041,13.04,335913.94688
2023-06-11,7,BTC-230825-25000-C,BTCUSDT,C,230825-25000,3465.0,3465.0,3465.0,3465.0,0.0,0.0,2165.0,2330.0,15.0,15.0,,0.42264342,2247.0,0.40435255,0.59923016,8.192e-05,45.1053819,-12.15898212,13.04,335686.13961416
2023-06-11,16,BTC-230825-25000-C,BTCUSDT,C,230825-25000,3465.0,3465.0,3465.0,3465.0,0.0,0.0,2285.0,2490.0,15.0,16.5,,0.44266701,2387.0,0.41985571,0.60811796,7.824e-05,44.93581819,-12.64090928,13.04,337386.08157182
2023-06-11,6,BTC-230825-25000-C,BTCUSDT,C,230825-25000,3465.0,3465.0,3465.0,3465.0,0.0,0.0,2180.0,2330.0,2.47,15.0,,0.41655779,2254.0,0.39991915,0.60322679,8.244e-05,45.07669847,-12.01134853,13.04,336267.62696468
2023-06-11,14,BTC-230825-25000-C,BTCUSDT,C,230825-25000,3465.0,3465.0,3465.0,3465.0,0.0,0.0,2180.0,2355.0,15.0,16.5,,0.4274106,2267.0,0.40797174,0.60003279,8.127e-05,45.01513726,-12.29106593,13.04,335755.86372701
2023-06-11,1,BTC-230825-25000-C,BTCUSDT,C,230825-25000,3465.0,3465.0,3465.0,3465.0,0.0,0.0,2205.0,2365.0,2.47,15.0,,0.41854739,2284.0,0.40081263,0.60629623,8.185e-05,45.11149551,-12.01412239,13.04,336849.03760935
2023-06-11,22,BTC-230825-25000-C,BTCUSDT,C,230825-25000,3465.0,3465.0,3465.0,3465.0,0.0,0.0,2455.0,2650.0,15.0,15.0,,0.47526479,2552.0,0.45355558,0.60797922,7.248e-05,44.91317506,-13.69453323,13.04,337558.84009416
2023-06-11,21,BTC-230825-25000-C,BTCUSDT,C,230825-25000,3465.0,3465.0,3465.0,3465.0,0.0,0.0,2455.0,2645.0,15.0,1.5,,0.45328259,2549.0,0.43205142,0.62084907,7.488e-05,44.74910196,-12.9903091,13.04,339620.86143065
2023-06-11,3,BTC-230825-25000-C,BTCUSDT,C,230825-25000,3465.0,3465.0,3465.0,3465.0,0.0,0.0,2165.0,2360.0,15.0,1.5,,0.43081164,2262.0,0.40922821,0.59766941,8.098e-05,45.17436456,-12.29708734,13.04,335477.83251766
2023-06-11,17,BTC-230825-25000-C,BTCUSDT,C,230825-25000,3465.0,3465.0,3465.0,3465.0,0.0,0.0,2355.0,2540.0,15.0,16.5,,0.44400215,2447.0,0.42338729,0.61351535,7.708e-05,44.87215731,-12.73628922,13.04,338254.71279065
2023-06-11,0,BTC-230825-25000-C,BTCUSDT,C,230825-25000,3465.0,3465.0,3465.0,3465.0,0.0,0.0,2165.0,2360.0,15.0,1.5,,0.4273355,2262.0,0.40575981,0.59977994,8.142e-05,45.19168652,-12.17728693,13.04,335740.47345883
2023-06-11,2,BTC-230825-25000-C,BTCUSDT,C,230825-25000,3465.0,3465.0,3465.0,3465.0,0.0,0.0,2165.0,2360.0,17.47,1.5,,0.42549253,2262.0,0.40389806,0.60119998,8.172e-05,45.15188258,-12.12415844,13.04,336044.33460701
2023-06-11,23,BTC-230825-25000-C,BTCUSDT,C,230825-25000,3465.0,3465.0,3465.0,3465.0,0.0,0.0,2455.0,2650.0,15.0,15.0,,0.47109723,2552.0,0.44936776,0.61056011,7.295e-05,44.87192786,-13.5632251,13.04,338080.98010351
2023-06-11,4,BTC-230825-25000-C,BTCUSDT,C,230825-25000,3465.0,3465.0,3465.0,3465.0,0.0,0.0,2165.0,2330.0,15.0,16.5,,0.42416692,2247.0,0.40589631,0.59795212,8.165e-05,45.15534145,-12.19859133,13.04,335668.51873883
2023-06-11,10,BTC-230825-25000-C,BTCUSDT,C,230825-25000,3465.0,3465.0,3465.0,3465.0,0.0,0.0,2200.0,2365.0,15.0,16.5,,0.42616904,2282.0,0.40785581,0.60183001,8.104e-05,45.05089825,-12.26996174,13.04,336155.93399532
2023-06-12,8,BTC-230825-25000-C,BTCUSDT,C,230825-25000,3465.0,3465.0,3465.0,3465.0,0.0,0.0,2380.0,2440.0,15.0,15.0,,0.42316318,2409.0,0.41644454,0.61450734,7.863e-05,44.65450985,-12.57202743,13.04,338132.05059338
2023-06-12,11,BTC-230825-25000-C,BTCUSDT,C,230825-25000,3465.0,3465.0,3465.0,3465.0,0.0,0.0,2430.0,2485.0,15.0,15.0,,0.42715549,2457.0,0.42098761,0.61774921,7.751e-05,44.58526381,-12.71095296,13.04,338859.093644
2023-06-12,13,BTC-230825-25000-C,BTCUSDT,C,230825-25000,3465.0,3465.0,3465.0,3465.0,0.0,0.0,2305.0,2365.0,15.0,15.0,,0.42624474,2334.0,0.41953504,0.6031314,7.924e-05,44.71275002,-12.71766947,13.04,336526.46835159
2023-06-12,15,BTC-230825-25000-C,BTCUSDT,C,230825-25000,3465.0,3465.0,2415.0,2415.0,15.0,15.0,2340.0,2535.0,20.66,1.5,,0.46119809,2437.0,0.43938965,0.60380531,7.559e-05,44.70937955,-13.33359867,25.44,657002.32747245
2023-06-12,20,BTC-230825-25000-C,BTCUSDT,C,230825-25000,3465.0,3465.0,2415.0,2415.0,15.0,15.0,2330.0,2575.0,5.51,1.5,,0.46171427,2452.0,0.4342401,0.609273,7.611e-05,44.5904703,-13.17955596,25.44,658471.31694075
2023-06-12,19,BTC-230825-25000-C,BTCUSDT,C,230825-25000,3465.0,3465.0,2415.0,2415.0,15.0,15.0,2355.0,2415.0,15.0,15.0,,0.43487906,2384.0,0.42815804,0.60451591,7.763e-05,44.63676434,-13.00107737,25.44,656976.66102846
2023-06-12,9,BTC-230825-25000-C,BTCUSDT,C,230825-25000,3465.0,3465.0,3465.0,3465.0,0.0,0.0,2410.0,2465.0,15.0,15.0,,0.42559981,2437.0,0.41943759,0.61609693,7.793e-05,44.62849227,-12.66214038,13.04,338611.59730993
2023-06-12,5,BTC-230825-25000-C,BTCUSDT,C,230825-25000,3465.0,3465.0,3465.0,3465.0,0.0,0.0,2190.0,2420.0,5.05,1.5,,0.441221,2304.0,0.41556478,0.60114844,8.001e-05,44.82569908,-12.57231406,13.04,336120.14763299
2023-06-12,18,BTC-230825-25000-C,BTCUSDT,C,230825-25000,3465.0,3465.0,2415.0,2415.0,15.0,15.0,2360.0,2420.0,15.0,15.0,,0.43333888,2389.0,0.42661786,0.60606647,7.775e-05,44.6337404,-12.94609486,25.44,657265.42180207
2023-06-12,12,BTC-230825-25000-C,BTCUSDT,C,230825-25000,3465.0,3465.0,3465.0,3465.0,0.0,0.0,2385.0,2445.0,15.0,15.0,,0.42618871,2414.0,0.4194653,0.61345529,7.825e-05,44.6218443,-12.68253813,13.04,338115.18457145
2023-06-12,7,BTC-230825-25000-C,BTCUSDT,C,230825-25000,3465.0,3465.0,3465.0,3465.0,0.0,0.0,2205.0,2515.0,2.45,4.01,,0.45863628,2359.0,0.42403221,0.60299529,7.826e-05,44.7971124,-12.83474031,13.04,336424.32502855
2023-06-12,16,BTC-230825-25000-C,BTCUSDT,C,230825-25000,3465.0,3465.0,2415.0,2415.0,15.0,15.0,2345.0,2400.0,15.0,15.0,,0.43110013,2372.0,0.42494357,0.60473654,7.813e-05,44.66858739,-12.8907476,25.44,656887.66296274
2023-06-12,6,BTC-230825-25000-C,BTCUSDT,C,230825-25000,3465.0,3465.0,3465.0,3465.0,0.0,0.0,2275.0,2510.0,4.8,1.5,,0.45175433,2392.0,0.42551607,0.60615817,7.767e-05,44.78491832,-12.86890225,13.04,337016.38545049
2023-06-12,14,BTC-230825-25000-C,BTCUSDT,C,230825-25000,3465.0,3465.0,3465.0,3465.0,0.0,0.0,2350.0,2405.0,15.0,15.0,,0.42938292,2377.0,0.42322785,0.6063369,7.826e-05,44.67723213,-12.82666757,13.04,336552.97537586
2023-06-12,1,BTC-230825-25000-C,BTCUSDT,C,230825-25000,3465.0,3465.0,3465.0,3465.0,0.0,0.0,2255.0,2500.0,2.8,4.49,,0.43668628,2377.0,0.40929615,0.61456905,7.987e-05,44.7282881,-12.32802255,13.04,338139.67237649
2023-06-12,22,BTC-230825-25000-C,BTCUSDT,C,230825-25000,3465.0,3465.0,2415.0,2415.0,15.0,15.0,2430.0,2485.0,15.0,15.0,,0.43654084,2457.0,0.43036401,0.61252325,7.654e-05,44.52479333,-13.0574894,25.44,659651.75250996
2023-06-12,21,BTC-230825-25000-C,BTCUSDT,C,230825-25000,3465.0,3465.0,2415.0,2415.0,15.0,15.0,2425.0,2485.0,15.0,15.0,,0.43643713,2454.0,0.42970121,0.61255646,7.663e-05,44.5360683,-13.03327994,25.44,659561.36223286
2023-06-12,3,BTC-230825-25000-C,BTCUSDT,C,230825-25000,3465.0,3465.0,3465.0,3465.0,0.0,0.0,2180.0,2420.0,4.3,1.5,,0.43854713,2299.0,0.41177869,0.60284302,8.055e-05,44.83152696,-12.44539179,13.04,336274.59646117
2023-06-12,17,BTC-230825-25000-C,BTCUSDT,C,230825-25000,3465.0,3465.0,2415.0,2415.0,15.0,15.0,2330.0,2385.0,15.0,15.0,,0.43063641,2357.0,0.42447984,0.60316938,7.839e-05,44.6683295,-12.88389749,25.44,656953.72589004
2023-06-12,0,BTC-230825-25000-C,BTCUSDT,C,230825-25000,3465.0,3465.0,3465.0,3465.0,0.0,0.0,2455.0,2535.0,15.0,1.5,,0.44039726,2494.0,0.43146551,0.61476273,7.564e-05,44.78437081,-13.00476157,13.04,338562.72372701
2023-06-12,2,BTC-230825-25000-C,BTCUSDT,C,230825-25000,3465.0,3465.0,3465.0,3465.0,0.0,0.0,2165.0,2385.0,2.42,1.5,,0.43228984,2274.0,0.40775955,0.6021132,8.14e-05,44.84456265,-12.32058105,13.04,336159.05285649
2023-06-12,23,BTC-230825-25000-C,BTCUSDT,C,230825-25000,3465.0,3465.0,2415.0,2415.0,15.0,15.0,2425.0,2480.0,15.0,15.0,,0.43904066,2452.0,0.43286622,0.61038446,7.631e-05,44.53867413,-13.14496656,25.44,658920.06456274
2023-06-12,4,BTC-230825-25000-C,BTCUSDT,C,230825-25000,3465.0,3465.0,3465.0,3465.0,0.0,0.0,2195.0,2430.0,2.49,1.5,,0.43766975,2312.0,0.41144073,0.60481302,8.045e-05,44.8004085,-12.43353113,13.04,336641.81820234
2023-06-12,10,BTC-230825-25000-C,BTCUSDT,C,230825-25000,3465.0,3465.0,3465.0,3465.0,0.0,0.0,2410.0,2470.0,15.0,15.0,,0.42695522,2439.0,0.42023122,0.61596651,7.781e-05,44.61896885,-12.69054546,13.04,338586.15068138
2023-06-13,8,BTC-230825-25000-C,BTCUSDT,C,230825-25000,3465.0,3465.0,2415.0,2415.0,15.0,15.0,2505.0,3665.0,2.45,1.5,,0.66854239,3083.0,0.53797185,0.62239311,6.035e-05,44.47732792,-16.39809031,25.44,665847.71762639
2023-06-13,11,BTC-230825-25000-C,BTCUSDT,C,230825-25000,2415.0,2415.0,2415.0,2415.0,15.0,15.0,2505.0,2780.0,4.71,1.5,,0.46825528,2642.0,0.43708026,0.63158029,7.373e-05,44.11274596,-13.23625235,25.44,666181.42053635
2023-06-13,13,BTC-230825-25000-C,BTCUSDT,C,230825-25000,2415.0,2415.0,2415.0,2415.0,15.0,15.0,2405.0,2670.0,3.2,1.5,,0.46530366,2537.0,0.43535531,0.62035204,7.522e-05,44.24805764,-13.23960385,25.44,663247.56232083
2023-06-13,15,BTC-230825-25000-C,BTCUSDT,C,230825-25000,2415.0,2415.0,2415.0,2415.0,0.0,0.0,2265.0,2480.0,4.58,1.5,,0.46133876,2372.0,0.43714464,0.59880201,7.696e-05,44.43341586,-13.36501814,25.44,654663.92460647
2023-06-13,20,BTC-230825-25000-C,BTCUSDT,C,230825-25000,2415.0,2415.0,2415.0,2415.0,0.0,0.0,2280.0,2525.0,4.12,1.5,,0.45949221,2402.0,0.43184042,0.60635514,7.734e-05,44.30432616,-13.20234324,25.44,657484.39425879
2023-06-13,19,BTC-230825-25000-C,BTCUSDT,C,230825-25000,2415.0,2415.0,2415.0,2415.0,0.0,0.0,2365.0,2540.0,4.79,1.5,,0.45596957,2452.0,0.43621361,0.60983412,7.621e-05,44.29177599,-13.32460174,25.44,658175.72476241
2023-06-13,9,BTC-230825-25000-C,BTCUSDT,C,230825-25000,3465.0,3465.0,2415.0,2415.0,15.0,15.0,2490.0,2780.0,3.67,1.5,,0.47396541,2634.0,0.44115961,0.62796864,7.336e-05,44.20656834,-13.37290229,25.44,665306.6200088
2023-06-13,5,BTC-230825-25000-C,BTCUSDT,C,230825-25000,3465.0,3465.0,2415.0,2415.0,15.0,15.0,2510.0,2560.0,15.0,15.0,,0.43319941,2534.0,0.42755246,0.62444671,7.603e-05,44.2764545,-12.9513141,25.44,663630.44550324
2023-06-13,18,BTC-230825-25000-C,BTCUSDT,C,230825-25000,2415.0,2415.0,2415.0,2415.0,0.0,0.0,2295.0,2545.0,3.48,1.5,,0.45810759,2419.0,0.42988569,0.6096659,7.735e-05,44.29567416,-13.12492123,25.44,658521.40019353
2023-06-13,12,BTC-230825-25000-C,BTCUSDT,C,230825-25000,2415.0,2415.0,2415.0,2415.0,15.0,15.0,2450.0,2645.0,2.45,1.5,,0.45364261,2547.0,0.43158412,0.62390044,7.551e-05,44.20373236,-13.10426506,25.44,662874.39386365
2023-06-13,7,BTC-230825-25000-C,BTCUSDT,C,230825-25000,3465.0,3465.0,2415.0,2415.0,15.0,15.0,2500.0,2770.0,3.13,5.08,,0.48196077,2634.0,0.45151591,0.62143585,7.224e-05,44.34693628,-13.71461935,25.44,663238.75896274
2023-06-13,16,BTC-230825-25000-C,BTCUSDT,C,230825-25000,2415.0,2415.0,2415.0,2415.0,0.0,0.0,2280.0,2530.0,3.46,1.5,,0.45798063,2404.0,0.42978764,0.60766373,7.751e-05,44.34080783,-13.12022577,25.44,657920.3843868
2023-06-13,6,BTC-230825-25000-C,BTCUSDT,C,230825-25000,3465.0,3465.0,2415.0,2415.0,15.0,15.0,2445.0,2700.0,2.12,1.5,,0.46501637,2572.0,0.43623149,0.62345898,7.46e-05,44.29875547,-13.22841475,25.44,663596.08193402
2023-06-13,14,BTC-230825-25000-C,BTCUSDT,C,230825-25000,2415.0,2415.0,2415.0,2415.0,15.0,15.0,2370.0,2630.0,4.12,1.5,,0.46373248,2499.0,0.43437123,0.61647985,7.579e-05,44.28123122,-13.22715641,25.44,661236.49677361
2023-06-13,1,BTC-230825-25000-C,BTCUSDT,C,230825-25000,3465.0,3465.0,2415.0,2415.0,15.0,15.0,2455.0,2515.0,15.0,15.0,,0.43781996,2484.0,0.43107092,0.61572502,7.617e-05,44.45138245,-13.07965561,25.44,660514.54591643
2023-06-13,22,BTC-230825-25000-C,BTCUSDT,C,230825-25000,2415.0,2415.0,2415.0,2415.0,0.0,0.0,2335.0,2390.0,15.0,15.0,,0.43041706,2362.0,0.42420506,0.606269,7.881e-05,44.26733642,-12.9730054,25.44,657393.80990121
2023-06-13,21,BTC-230825-25000-C,BTCUSDT,C,230825-25000,2415.0,2415.0,2415.0,2415.0,0.0,0.0,2340.0,2395.0,15.0,15.0,,0.43045044,2367.0,0.42423964,0.60681665,7.873e-05,44.27519736,-12.96890029,25.44,657580.74900698
2023-06-13,3,BTC-230825-25000-C,BTCUSDT,C,230825-25000,3465.0,3465.0,2415.0,2415.0,15.0,15.0,2520.0,2575.0,15.0,15.0,,0.43918848,2547.0,0.43298721,0.62229955,7.522e-05,44.34593105,-13.12156132,25.44,662970.20481759
2023-06-13,17,BTC-230825-25000-C,BTCUSDT,C,230825-25000,2415.0,2415.0,2415.0,2415.0,0.0,0.0,2285.0,2525.0,4.64,1.5,,0.4628402,2404.0,0.43579251,0.6039509,7.679e-05,44.36911174,-13.31967162,25.44,656959.40096714
2023-06-13,0,BTC-230825-25000-C,BTCUSDT,C,230825-25000,3465.0,3465.0,2415.0,2415.0,15.0,15.0,2395.0,2455.0,15.0,15.0,,0.43815732,2424.0,0.43142319,0.60792046,7.683e-05,44.54726156,-13.11112123,25.44,657970.87579793
2023-06-13,2,BTC-230825-25000-C,BTCUSDT,C,230825-25000,3465.0,3465.0,2415.0,2415.0,15.0,15.0,2555.0,2615.0,15.0,15.0,,0.43916225,2584.0,0.43238819,0.62710745,7.482e-05,44.28765204,-13.07873957,25.44,664703.77867245
2023-06-13,23,BTC-230825-25000-C,BTCUSDT,C,230825-25000,2415.0,2415.0,2415.0,2415.0,0.0,0.0,2390.0,2450.0,15.0,15.0,,0.43146968,2419.0,0.42467952,0.61343493,7.806e-05,44.18092052,-12.96962835,25.44,659422.92949444
2023-06-13,4,BTC-230825-25000-C,BTCUSDT,C,230825-25000,3465.0,3465.0,2415.0,2415.0,15.0,15.0,2500.0,2545.0,15.0,15.0,,0.4333806,2522.0,0.42830408,0.62235453,7.608e-05,44.32120964,-12.97979606,25.44,662865.67996481
2023-06-13,10,BTC-230825-25000-C,BTCUSDT,C,230825-25000,2415.0,2415.0,2415.0,2415.0,15.0,15.0,2480.0,2740.0,2.45,1.5,,0.46379566,2609.0,0.43434858,0.6294307,7.441e-05,44.15306794,-13.15802364,25.44,665410.72831643
2023-06-14,8,BTC-230825-25000-C,BTCUSDT,C,230825-25000,2415.0,2415.0,2415.0,2415.0,0.0,0.0,2380.0,2520.0,15.0,1.5,,0.44906974,2449.0,0.43319345,0.61246003,7.679e-05,44.09102316,-13.27152692,25.44,659611.76418473
2023-06-14,11,BTC-230825-25000-C,BTCUSDT,C,230825-25000,2415.0,2415.0,2415.0,2415.0,0.0,0.0,2415.0,2540.0,15.0,1.5,,0.44729233,2477.0,0.43309033,0.61619704,7.652e-05,44.00945867,-13.26686859,25.44,660848.24882639
2023-06-14,13,BTC-230825-25000-C,BTCUSDT,C,230825-25000,2415.0,2415.0,2415.0,2415.0,0.0,0.0,2425.0,2570.0,15.0,1.5,,0.45272231,2497.0,0.43623805,0.61683008,7.594e-05,43.98222052,-13.37053313,25.44,660768.31410996
2023-06-14,15,BTC-230825-25000-C,BTCUSDT,C,230825-25000,2415.0,2415.0,2415.0,2415.0,0.0,0.0,2415.0,2470.0,15.0,15.0,,0.43064952,2442.0,0.42438805,0.61776281,7.806e-05,43.91973992,-13.00396034,25.44,660823.19741527
2023-06-14,20,BTC-230825-25000-C,BTCUSDT,C,230825-25000,2415.0,2415.0,2000.0,2000.0,0.01,0.01,1720.0,1910.0,4.62,1.5,,0.4411304,1815.0,0.4194808,0.53159534,8.592e-05,43.88087185,-12.87965967,25.45,634880.64177462
2023-06-14,19,BTC-230825-25000-C,BTCUSDT,C,230825-25000,2415.0,2415.0,2415.0,2415.0,0.0,0.0,2160.0,2395.0,2.45,1.5,,0.4296279,2277.0,0.40286422,0.61097792,8.311e-05,43.90638907,-12.36944771,25.44,658242.28984606
2023-06-14,9,BTC-230825-25000-C,BTCUSDT,C,230825-25000,2415.0,2415.0,2415.0,2415.0,0.0,0.0,2415.0,2565.0,15.0,1.5,,0.4520452,2489.0,0.43501347,0.61636059,7.611e-05,44.03741601,-13.31879457,25.44,660899.29656274
2023-06-14,5,BTC-230825-25000-C,BTCUSDT,C,230825-25000,2415.0,2415.0,2415.0,2415.0,0.0,0.0,2350.0,2405.0,15.0,1.5,,0.43409228,2377.0,0.42786777,0.60640333,7.827e-05,44.18123165,-13.11240835,25.44,657741.98289237
2023-06-14,18,BTC-230825-25000-C,BTCUSDT,C,230825-25000,2415.0,2415.0,2415.0,2415.0,0.0,0.0,2330.0,2420.0,15.0,16.5,,0.4296273,2374.0,0.41938394,0.61265352,7.959e-05,43.93259741,-12.87684772,25.44,659384.69121759
2023-06-14,12,BTC-230825-25000-C,BTCUSDT,C,230825-25000,2415.0,2415.0,2415.0,2415.0,0.0,0.0,2440.0,2595.0,15.0,1.5,,0.45358896,2517.0,0.4359597,0.61937847,7.572e-05,43.9631867,-13.34846741,25.44,661888.71966598
2023-06-14,7,BTC-230825-25000-C,BTCUSDT,C,230825-25000,2415.0,2415.0,2415.0,2415.0,0.0,0.0,2385.0,2440.0,15.0,15.0,,0.43495536,2412.0,0.4287219,0.61050208,7.778e-05,44.11665732,-13.1345655,25.44,658859.22382406
2023-06-14,16,BTC-230825-25000-C,BTCUSDT,C,230825-25000,2415.0,2415.0,2415.0,2415.0,0.0,0.0,2400.0,2455.0,15.0,15.0,,0.43007672,2427.0,0.42381585,0.61631792,7.833e-05,43.92374339,-12.99516613,25.44,660502.01042639
2023-06-14,6,BTC-230825-25000-C,BTCUSDT,C,230825-25000,2415.0,2415.0,2415.0,2415.0,0.0,0.0,2380.0,2435.0,15.0,1.5,,0.43436289,2407.0,0.42813122,0.61016462,7.789e-05,44.13208776,-13.1134679,25.44,658735.10737594
2023-06-14,14,BTC-230825-25000-C,BTCUSDT,C,230825-25000,2415.0,2415.0,2415.0,2415.0,0.0,0.0,2305.0,2560.0,2.45,1.5,,0.44876814,2432.0,0.41972131,0.61947607,7.875e-05,43.89968834,-12.84762221,25.44,661503.3428044
2023-06-14,1,BTC-230825-25000-C,BTCUSDT,C,230825-25000,2415.0,2415.0,2415.0,2415.0,0.0,0.0,2480.0,2535.0,15.0,15.0,,0.43531537,2507.0,0.42907417,0.62168772,7.648e-05,44.0602241,-13.08311486,25.44,662308.23924398
2023-06-14,22,BTC-230825-25000-C,BTCUSDT,C,230825-25000,2415.0,2415.0,2000.0,2000.0,0.01,0.01,1705.0,1900.0,5.61,1.5,,0.42724192,1802.0,0.40506065,0.53872288,8.855e-05,43.95618996,-12.47279856,25.45,637042.5353736
2023-06-14,21,BTC-230825-25000-C,BTCUSDT,C,230825-25000,2415.0,2415.0,2000.0,2000.0,0.01,0.01,1790.0,1995.0,3.24,1.5,,0.43794513,1892.0,0.41466147,0.54700749,8.598e-05,44.0227408,-12.78030198,25.45,639497.1822802
2023-06-14,3,BTC-230825-25000-C,BTCUSDT,C,230825-25000,2415.0,2415.0,2415.0,2415.0,0.0,0.0,2440.0,2495.0,15.0,15.0,,0.43488741,2467.0,0.42865038,0.61716496,7.705e-05,44.0925594,-13.09488654,25.44,661135.01912963
2023-06-14,17,BTC-230825-25000-C,BTCUSDT,C,230825-25000,2415.0,2415.0,2415.0,2415.0,0.0,0.0,2295.0,2550.0,2.7,1.5,,0.44518232,2422.0,0.41609108,0.62087341,7.938e-05,43.83259991,-12.739242,25.44,661972.42565278
2023-06-14,0,BTC-230825-25000-C,BTCUSDT,C,230825-25000,2415.0,2415.0,2415.0,2415.0,0.0,0.0,2435.0,2595.0,5.16,1.5,,0.4565537,2514.0,0.43843627,0.61655465,7.529e-05,44.15892558,-13.39080236,25.44,661124.47690556
2023-06-14,2,BTC-230825-25000-C,BTCUSDT,C,230825-25000,2415.0,2415.0,2415.0,2415.0,0.0,0.0,2465.0,2525.0,15.0,15.0,,0.43577075,2494.0,0.42896271,0.62029841,7.666e-05,44.06583955,-13.08893166,25.44,662044.05462846
2023-06-14,23,BTC-230825-25000-C,BTCUSDT,C,230825-25000,2415.0,2415.0,2000.0,2000.0,0.01,0.01,1745.0,1945.0,3.18,1.5,,0.42586446,1845.0,0.40314317,0.54696971,8.846e-05,44.0111448,-12.43653466,25.45,639544.10816472
2023-06-14,4,BTC-230825-25000-C,BTCUSDT,C,230825-25000,2415.0,2415.0,2415.0,2415.0,0.0,0.0,2435.0,2490.0,15.0,15.0,,0.43434739,2462.0,0.42810917,0.61696985,7.719e-05,44.08084536,-13.082434,25.44,661005.18567037
2023-06-14,10,BTC-230825-25000-C,BTCUSDT,C,230825-25000,2415.0,2415.0,2415.0,2415.0,0.0,0.0,2400.0,2535.0,15.0,1.5,,0.44885159,2467.0,0.43352485,0.61459624,7.657e-05,44.04198701,-13.28229051,25.44,660328.2664088
2023-06-15,8,BTC-230825-25000-C,BTCUSDT,C,230825-25000,2000.0,2000.0,2000.0,2000.0,0.01,0.01,1765.0,1820.0,15.0,15.0,,0.41778743,1792.0,0.41150451,0.53374788,8.773e-05,43.76964262,-12.69153419,25.45,635422.66840581
2023-06-15,11,BTC-230825-25000-C,BTCUSDT,C,230825-25000,2000.0,2000.0,2000.0,2000.0,0.01,0.01,1880.0,1935.0,16.0,15.0,,0.43926954,1907.0,0.43298364,0.5392285,8.321e-05,43.74964661,-13.3714433,25.45,636606.35688813
2023-06-15,13,BTC-230825-25000-C,BTCUSDT,C,230825-25000,2000.0,2000.0,2000.0,2000.0,0.01,0.01,1930.0,1980.0,15.0,1.5,,0.44471383,1955.0,0.43899953,0.54309502,8.19e-05,43.75184921,-13.57387863,25.45,637886.7090769
2023-06-15,15,BTC-230825-25000-C,BTCUSDT,C,230825-25000,2000.0,2000.0,2000.0,2000.0,0.01,0.01,1890.0,1940.0,15.0,2.5,,0.44763803,1915.0,0.44190943,0.53549025,8.187e-05,43.64155733,-13.64548066,25.45,635252.1278736
2023-06-15,20,BTC-230825-25000-C,BTCUSDT,C,230825-25000,2000.0,2000.0,2000.0,2000.0,0.0,0.0,2220.0,2290.0,8.0,8.0,,0.45070767,2254.0,0.44271946,0.5841137,7.843e-05,43.81271445,-13.76468698,25.45,648911.05897259
2023-06-15,19,BTC-230825-25000-C,BTCUSDT,C,230825-25000,2000.0,2000.0,2000.0,2000.0,0.01,0.01,2160.0,2220.0,8.0,8.0,,0.44899642,2190.0,0.44215232,0.57554128,7.919e-05,43.83238133,-13.74509644,25.45,647489.26256041
2023-06-15,9,BTC-230825-25000-C,BTCUSDT,C,230825-25000,2000.0,2000.0,2000.0,2000.0,0.01,0.01,1760.0,1810.0,15.0,15.0,,0.41840434,1785.0,0.41268826,0.53185057,8.762e-05,43.73401091,-12.72515373,25.45,634977.18861187
2023-06-15,5,BTC-230825-25000-C,BTCUSDT,C,230825-25000,2415.0,2415.0,2000.0,2000.0,0.01,0.01,1775.0,1830.0,15.0,15.0,,0.41265845,1802.0,0.40638864,0.53840083,8.846e-05,43.86256038,-12.53827201,25.45,637215.96223535
2023-06-15,18,BTC-230825-25000-C,BTCUSDT,C,230825-25000,2000.0,2000.0,2000.0,2000.0,0.01,0.01,2105.0,2165.0,15.0,15.0,,0.44550538,2135.0,0.43866217,0.56990562,8.023e-05,43.83953119,-13.63076724,25.45,644913.54077462
2023-06-15,12,BTC-230825-25000-C,BTCUSDT,C,230825-25000,2000.0,2000.0,2000.0,2000.0,0.01,0.01,1875.0,1925.0,1.0,15.0,,0.44471681,1900.0,0.43899268,0.53463992,8.238e-05,43.67538842,-13.54197008,25.45,634851.1153
2023-06-15,7,BTC-230825-25000-C,BTCUSDT,C,230825-25000,2415.0,2415.0,2000.0,2000.0,0.01,0.01,1775.0,1830.0,15.0,15.0,,0.41872859,1802.0,0.41244864,0.53472141,8.745e-05,43.79079159,-12.71933077,25.45,635581.75785303
2023-06-15,16,BTC-230825-25000-C,BTCUSDT,C,230825-25000,2000.0,2000.0,2000.0,2000.0,0.01,0.01,1890.0,1940.0,16.0,15.0,,0.44290304,1915.0,0.43717802,0.53829776,8.26e-05,43.6691799,-13.51589542,25.45,635990.49949442
2023-06-15,6,BTC-230825-25000-C,BTCUSDT,C,230825-25000,2415.0,2415.0,2000.0,2000.0,0.01,0.01,1720.0,1775.0,15.0,15.0,,0.41285634,1747.0,0.40657103,0.52921869,8.899e-05,43.75397242,-12.520184,25.45,634538.97254697
2023-06-15,14,BTC-230825-25000-C,BTCUSDT,C,230825-25000,2000.0,2000.0,2000.0,2000.0,0.01,0.01,1910.0,1965.0,15.0,15.0,,0.44697285,1937.0,0.44068009,0.53954851,8.183e-05,43.70117045,-13.61807832,25.45,636383.57054949
2023-06-15,1,BTC-230825-25000-C,BTCUSDT,C,230825-25000,2415.0,2415.0,2000.0,2000.0,0.01,0.01,1710.0,1905.0,4.1,1.5,,0.42472124,1807.0,0.4025346,0.5414048,8.9e-05,43.94515851,-12.41364499,25.45,638024.55858249
2023-06-15,22,BTC-230825-25000-C,BTCUSDT,C,230825-25000,2000.0,2000.0,2000.0,2000.0,0.0,0.0,2260.0,2320.0,8.0,8.0,,0.44961333,2289.0,0.44275999,0.58891738,7.807e-05,43.77366627,-13.76996439,25.45,652373.36646701
2023-06-15,21,BTC-230825-25000-C,BTCUSDT,C,230825-25000,2000.0,2000.0,2000.0,2000.0,0.0,0.0,2230.0,2285.0,8.0,8.0,,0.44835091,2257.0,0.44207215,0.58492005,7.85e-05,43.79773988,-13.74799384,25.45,651024.85766472
2023-06-15,3,BTC-230825-25000-C,BTCUSDT,C,230825-25000,2415.0,2415.0,2000.0,2000.0,0.01,0.01,1710.0,1905.0,5.05,1.5,,0.42516291,1807.0,0.40296227,0.54128,8.897e-05,43.91815653,-12.4337383,25.45,637902.24756041
2023-06-15,17,BTC-230825-25000-C,BTCUSDT,C,230825-25000,2000.0,2000.0,2000.0,2000.0,0.01,0.01,1970.0,2030.0,15.0,15.0,,0.44607401,2000.0,0.43921828,0.54999741,8.151e-05,43.7588245,-13.61488024,25.45,639886.67075812
2023-06-15,0,BTC-230825-25000-C,BTCUSDT,C,230825-25000,2415.0,2415.0,2000.0,2000.0,0.01,0.01,1780.0,1985.0,4.03,1.5,,0.42546928,1882.0,0.40219367,0.55368984,8.824e-05,44.03784137,-12.42202546,25.45,641410.2587802
2023-06-15,2,BTC-230825-25000-C,BTCUSDT,C,230825-25000,2415.0,2415.0,2000.0,2000.0,0.01,0.01,1710.0,1905.0,4.1,1.5,,0.42267203,1807.0,0.40048599,0.54281747,8.939e-05,43.94652351,-12.35807903,25.45,638382.34363198
2023-06-15,23,BTC-230825-25000-C,BTCUSDT,C,230825-25000,2000.0,2000.0,2000.0,2000.0,0.0,0.0,2245.0,2300.0,8.0,8.0,,0.44924974,2272.0,0.44296682,0.5865442,7.826e-05,43.76802454,-13.78278157,25.45,651450.14674188
2023-06-15,4,BTC-230825-25000-C,BTCUSDT,C,230825-25000,2415.0,2415.0,2000.0,2000.0,0.01,0.01,1775.0,1825.0,15.0,15.0,,0.41168571,1800.0,0.4059875,0.53817048,8.853e-05,43.8737517,-12.52175179,25.45,636978.18882411
2023-06-15,10,BTC-230825-25000-C,BTCUSDT,C,230825-25000,2000.0,2000.0,2000.0,2000.0,0.01,0.01,1735.0,1935.0,3.14,2.5,,0.4503262,1835.0,0.42743355,0.53106929,8.472e-05,43.68213966,-13.17192874,25.45,634165.23181187
2023-06-16,8,BTC-230825-25000-C,BTCUSDT,C,230825-25000,2000.0,2255.0,2000.0,2255.0,2.0,2.0,2140.0,2190.0,16.0,2.5,,0.43214321,2164.0,0.4264164,0.58279808,8.184e-05,43.65306206,-13.30390354,27.45,701250.26968687
2023-06-16,11,BTC-230825-25000-C,BTCUSDT,C,230825-25000,2000.0,2255.0,2000.0,2255.0,2.0,2.0,2070.0,2110.0,1.0,15.0,,0.42357087,2089.0,0.41898608,0.5770734,8.385e-05,43.62225299,-13.08623903,27.45,699357.58917039
2023-06-16,13,BTC-230825-25000-C,BTCUSDT,C,230825-25000,2000.0,2255.0,2000.0,2255.0,2.0,2.0,2030.0,2255.0,3.55,1.5,,0.45485377,2142.0,0.42904854,0.57836965,8.182e-05,43.59667157,-13.40866316,27.45,699938.8745933
2023-06-16,15,BTC-230825-25000-C,BTCUSDT,C,230825-25000,2000.0,2255.0,2000.0,2255.0,2.0,2.0,2305.0,2395.0,16.0,15.0,,0.44189811,2349.0,0.43153882,0.60516958,7.907e-05,43.43978297,-13.4540308,27.45,707773.06839553
2023-06-16,20,BTC-230825-25000-C,BTCUSDT,C,230825-25000,2255.0,2255.0,2255.0,2255.0,2.0,2.0,2685.0,2965.0,2.43,1.5,,0.48981428,2824.0,0.45712769,0.64628777,7.059e-05,42.83973686,-14.0971038,27.45,724982.37834078
2023-06-16,19,BTC-230825-25000-C,BTCUSDT,C,230825-25000,2000.0,2255.0,2000.0,2255.0,2.0,2.0,2670.0,3640.0,2.43,1.5,,0.64997196,3152.0,0.53768456,0.63558754,6.069e-05,43.24830356,-16.72945131,27.45,724332.94452207
2023-06-16,9,BTC-230825-25000-C,BTCUSDT,C,230825-25000,2000.0,2255.0,2000.0,2255.0,2.0,2.0,2155.0,2200.0,1.0,15.0,,0.42783618,2177.0,0.42267859,0.5870185,8.224e-05,43.6244239,-13.18648886,27.45,702633.69539022
2023-06-16,5,BTC-230825-25000-C,BTCUSDT,C,230825-25000,2000.0,2255.0,2000.0,2255.0,2.0,2.0,2165.0,2220.0,15.0,16.0,,0.43761373,2192.0,0.43131948,0.58330873,8.08e-05,43.69300575,-13.44516613,27.45,701112.64865922
2023-06-16,18,BTC-230825-25000-C,BTCUSDT,C,230825-25000,2000.0,2255.0,2000.0,2255.0,2.0,2.0,2655.0,3640.0,2.43,1.5,,0.6524539,3145.0,0.53850949,0.63438901,6.069e-05,43.27852725,-16.75678395,27.45,723946.86781313
2023-06-16,12,BTC-230825-25000-C,BTCUSDT,C,230825-25000,2000.0,2255.0,2000.0,2255.0,2.0,2.0,2135.0,2190.0,15.0,15.0,,0.42934597,2162.0,0.42303771,0.58492326,8.242e-05,43.59294657,-13.21179019,27.45,701964.33769777
2023-06-16,7,BTC-230825-25000-C,BTCUSDT,C,230825-25000,2000.0,2255.0,2000.0,2255.0,2.0,2.0,2160.0,2215.0,15.0,15.0,,0.4390049,2187.0,0.43270767,0.58191116,8.07e-05,43.67046134,-13.49752881,27.45,700993.25925838
2023-06-16,16,BTC-230825-25000-C,BTCUSDT,C,230825-25000,2000.0,2255.0,2000.0,2255.0,2.0,2.0,2420.0,2470.0,1.0,15.0,,0.44035792,2444.0,0.4345876,0.61549835,7.754e-05,43.32548349,-13.52151861,27.45,712529.49580223
2023-06-16,6,BTC-230825-25000-C,BTCUSDT,C,230825-25000,2000.0,2255.0,2000.0,2255.0,2.0,2.0,2180.0,2235.0,15.0,16.0,,0.43765664,2207.0,0.43136001,0.58543548,8.064e-05,43.67423168,-13.44864752,27.45,702224.2228352
2023-06-16,14,BTC-230825-25000-C,BTCUSDT,C,230825-25000,2000.0,2255.0,2000.0,2255.0,2.0,2.0,2080.0,2355.0,2.43,1.5,,0.46229839,2217.0,0.43073177,0.58784498,8.074e-05,43.56105659,-13.45831061,27.45,703981.46625838
2023-06-16,1,BTC-230825-25000-C,BTCUSDT,C,230825-25000,2000.0,2000.0,2000.0,2000.0,0.0,0.0,2175.0,2230.0,15.0,15.0,,0.44401348,2202.0,0.43772817,0.58041097,7.975e-05,43.75231099,-13.63104321,25.45,649462.14376371
2023-06-16,22,BTC-230825-25000-C,BTCUSDT,C,230825-25000,2255.0,2255.0,2255.0,2255.0,2.0,2.0,2645.0,2935.0,4.63,1.5,,0.48945665,2789.0,0.45562088,0.64352968,7.118e-05,42.86305779,-14.07517194,27.45,723906.48614832
2023-06-16,21,BTC-230825-25000-C,BTCUSDT,C,230825-25000,2255.0,2255.0,2255.0,2255.0,2.0,2.0,2645.0,2890.0,3.51,1.5,,0.48954248,2767.0,0.46105087,0.63767077,7.091e-05,43.00043371,-14.27998846,27.45,721860.49587374
2023-06-16,3,BTC-230825-25000-C,BTCUSDT,C,230825-25000,2000.0,2000.0,2000.0,2000.0,0.0,0.0,2230.0,2240.0,2.0,15.0,,0.44069409,2234.0,0.43955088,0.58389367,7.918e-05,43.72094264,-13.69423432,25.45,650862.46988452
2023-06-16,17,BTC-230825-25000-C,BTCUSDT,C,230825-25000,2000.0,2255.0,2000.0,2255.0,2.0,2.0,2610.0,2920.0,2.59,1.5,,0.49337387,2764.0,0.45733154,0.63929177,7.125e-05,43.01418405,-14.13537946,27.45,721966.32919777
2023-06-16,0,BTC-230825-25000-C,BTCUSDT,C,230825-25000,2000.0,2000.0,2000.0,2000.0,0.0,0.0,2185.0,2240.0,8.0,9.5,,0.44906139,2212.0,0.44277787,0.5786418,7.896e-05,43.76751882,-13.78490977,25.45,649013.04355482
2023-06-16,2,BTC-230825-25000-C,BTCUSDT,C,230825-25000,2000.0,2000.0,2000.0,2000.0,0.0,0.0,2180.0,2235.0,15.0,15.0,,0.44058263,2207.0,0.43429464,0.58328897,8.017e-05,43.73332681,-13.52627632,25.45,650355.09197259
2023-06-16,23,BTC-230825-25000-C,BTCUSDT,C,230825-25000,2255.0,2255.0,2255.0,2255.0,2.0,2.0,2645.0,2910.0,4.63,1.5,,0.48736215,2777.0,0.45646191,0.64172143,7.126e-05,42.8870046,-14.11751006,27.45,723240.79348352
2023-06-16,4,BTC-230825-25000-C,BTCUSDT,C,230825-25000,2000.0,2255.0,2000.0,2255.0,2.0,2.0,2150.0,2205.0,15.0,15.0,,0.43716133,2177.0,0.43086976,0.58142558,8.101e-05,43.709886,-13.42835287,27.45,700978.89778017
2023-06-16,10,BTC-230825-25000-C,BTCUSDT,C,230825-25000,2000.0,2255.0,2000.0,2255.0,2.0,2.0,2140.0,2185.0,1.0,15.0,,0.42809546,2162.0,0.42293698,0.58482587,8.24e-05,43.61936933,-13.20088809,27.45,701943.84069218
2023-06-17,8,BTC-230825-25000-C,BTCUSDT,C,230825-25000,2255.0,2255.0,2255.0,2255.0,0.0,0.0,2750.0,3030.0,3.48,2.5,,0.478158,2889.0,0.44503212,0.66188074,7.106e-05,42.27517426,-13.64143124,27.45,730346.83531313
2023-06-17,11,BTC-230825-25000-C,BTCUSDT,C,230825-25000,2255.0,3025.0,2255.0,3025.0,0.06,0.06,2695.0,2980.0,2.48,1.5,,0.48077703,2837.0,0.44716895,0.65510077,7.156e-05,42.41142171,-13.77607814,27.51,729548.70004615
2023-06-17,13,BTC-230825-25000-C,BTCUSDT,C,230825-25000,2255.0,3025.0,2255.0,3025.0,0.06,0.06,2710.0,2975.0,2.48,1.5,,0.47354341,2842.0,0.44218957,0.658994,7.199e-05,42.27059979,-13.59390209,27.51,730450.54737685
2023-06-17,15,BTC-230825-25000-C,BTCUSDT,C,230825-25000,2255.0,3025.0,2255.0,3025.0,0.06,0.06,2630.0,2920.0,5.62,1.5,,0.48212409,2774.0,0.44801414,0.64801471,7.232e-05,42.51995655,-13.87102322,27.51,726776.868023
2023-06-17,20,BTC-230825-25000-C,BTCUSDT,C,230825-25000,2255.0,3025.0,2255.0,3025.0,0.06,0.06,2695.0,2935.0,2.48,1.5,,0.46663165,2814.0,0.4381597,0.65919001,7.282e-05,42.15601033,-13.49073069,27.51,730161.26310008
2023-06-17,19,BTC-230825-25000-C,BTCUSDT,C,230825-25000,2255.0,3025.0,2255.0,3025.0,0.06,0.06,2660.0,2885.0,2.48,1.5,,0.46478629,2772.0,0.43817818,0.65436989,7.336e-05,42.28783321,-13.52525747,27.51,728420.45750774
2023-06-17,9,BTC-230825-25000-C,BTCUSDT,C,230825-25000,2255.0,2255.0,2255.0,2255.0,0.0,0.0,2765.0,3030.0,1.0,2.5,,0.47910571,2897.0,0.44776976,0.66103731,7.073e-05,42.29472629,-13.73999501,27.45,730108.12287374
2023-06-17,5,BTC-230825-25000-C,BTCUSDT,C,230825-25000,2255.0,2255.0,2255.0,2255.0,0.0,0.0,2860.0,3180.0,3.81,1.5,,0.49907804,3019.0,0.46123743,0.6651129,6.801e-05,42.29794837,-14.12018849,27.45,732304.42753855
2023-06-17,18,BTC-230825-25000-C,BTCUSDT,C,230825-25000,2255.0,3025.0,2255.0,3025.0,0.06,0.06,2690.0,2885.0,2.48,1.5,,0.45768738,2787.0,0.43457508,0.65831803,7.35e-05,42.19036868,-13.37498829,27.51,729507.1659923
2023-06-17,12,BTC-230825-25000-C,BTCUSDT,C,230825-25000,2255.0,3025.0,2255.0,3025.0,0.06,0.06,2715.0,2975.0,3.94,1.5,,0.4780221,2844.0,0.44734061,0.65590352,7.146e-05,42.37968291,-13.77939424,27.51,729574.85570767
2023-06-17,7,BTC-230825-25000-C,BTCUSDT,C,230825-25000,2255.0,2255.0,2255.0,2255.0,0.0,0.0,2830.0,3150.0,4.04,2.05,,0.50722361,2989.0,0.4695648,0.65719452,6.77e-05,42.49963098,-14.46110665,27.45,729894.31150559
2023-06-17,16,BTC-230825-25000-C,BTCUSDT,C,230825-25000,2255.0,3025.0,2255.0,3025.0,0.06,0.06,2660.0,2885.0,2.48,1.5,,0.46431184,2772.0,0.43772757,0.65440297,7.336e-05,42.32541997,-13.49872277,27.51,728614.96530004
2023-06-17,6,BTC-230825-25000-C,BTCUSDT,C,230825-25000,2255.0,2255.0,2255.0,2255.0,0.0,0.0,2880.0,3140.0,1.0,2.5,,0.4939568,3009.0,0.46325147,0.66297191,6.797e-05,42.34812583,-14.20723837,27.45,732101.9460824
2023-06-17,14,BTC-230825-25000-C,BTCUSDT,C,230825-25000,2255.0,3025.0,2255.0,3025.0,0.06,0.06,2690.0,2940.0,2.48,1.5,,0.4738605,2814.0,0.44435263,0.65468751,7.215e-05,42.37049,-13.70098389,27.51,728993.73265393
2023-06-17,1,BTC-230825-25000-C,BTCUSDT,C,230825-25000,2255.0,2255.0,2255.0,2255.0,2.0,2.0,2580.0,2785.0,4.75,1.5,,0.4802525,2682.0,0.45643628,0.63119829,7.241e-05,43.04120468,-14.18452268,27.45,719303.2448243
2023-06-17,22,BTC-230825-25000-C,BTCUSDT,C,230825-25000,2255.0,3025.0,2255.0,3025.0,0.06,0.06,2725.0,2990.0,2.48,1.5,,0.47546148,2857.0,0.44400036,0.66024322,7.174e-05,42.12605342,-13.67749898,27.51,730939.73563833
2023-06-17,21,BTC-230825-25000-C,BTCUSDT,C,230825-25000,2255.0,3025.0,2255.0,3025.0,0.06,0.06,2680.0,2935.0,2.48,1.5,,0.46957493,2807.0,0.43934405,0.65767491,7.282e-05,42.18533883,-13.54485341,27.51,729497.5254
2023-06-17,3,BTC-230825-25000-C,BTCUSDT,C,230825-25000,2255.0,2255.0,2255.0,2255.0,2.0,2.0,2640.0,2835.0,4.4,1.5,,0.4830277,2737.0,0.46032965,0.63525898,7.141e-05,42.95954579,-14.29557552,27.45,720835.37411536
2023-06-17,17,BTC-230825-25000-C,BTCUSDT,C,230825-25000,2255.0,3025.0,2255.0,3025.0,0.06,0.06,2615.0,2885.0,2.48,1.5,,0.47242045,2749.0,0.44059038,0.6500996,7.339e-05,42.42182568,-13.6262298,27.51,726927.14517704
2023-06-17,0,BTC-230825-25000-C,BTCUSDT,C,230825-25000,2255.0,2255.0,2255.0,2255.0,2.0,2.0,2595.0,2880.0,6.65,1.5,,0.48465014,2737.0,0.45141339,0.64042663,7.224e-05,42.88256521,-13.96831824,27.45,722488.73286257
2023-06-17,2,BTC-230825-25000-C,BTCUSDT,C,230825-25000,2255.0,2255.0,2255.0,2255.0,2.0,2.0,2565.0,2835.0,4.96,1.5,,0.48063278,2699.0,0.44915795,0.63773892,7.295e-05,42.89843295,-13.92041116,27.45,721288.28101648
2023-06-17,23,BTC-230825-25000-C,BTCUSDT,C,230825-25000,2255.0,3025.0,2255.0,3025.0,0.06,0.06,2695.0,2960.0,2.48,1.5,,0.47680378,2827.0,0.4454124,0.65615649,7.201e-05,42.21919185,-13.75971825,27.51,729508.00640767
2023-06-17,4,BTC-230825-25000-C,BTCUSDT,C,230825-25000,2255.0,2255.0,2255.0,2255.0,0.0,0.0,2630.0,2910.0,2.84,1.5,,0.48642278,2769.0,0.45369625,0.6429979,7.168e-05,42.78742302,-14.0415842,27.45,723448.52060447
2023-06-17,10,BTC-230825-25000-C,BTCUSDT,C,230825-25000,2255.0,3025.0,2255.0,3025.0,0.06,0.06,2835.0,3025.0,3.21,1.5,,0.47942877,2929.0,0.4570061,0.65883158,6.951e-05,42.37300444,-14.05787159,27.51,731734.31210774
2023-06-18,8,BTC-230825-25000-C,BTCUSDT,C,230825-25000,3025.0,3025.0,3025.0,3025.0,0.06,0.06,2765.0,2940.0,4.59,1.5,,0.47590017,2852.0,0.45516074,0.65357152,7.09e-05,42.19508727,-14.13038167,27.51,729047.60086167
2023-06-18,11,BTC-230825-25000-C,BTCUSDT,C,230825-25000,3025.0,3025.0,3025.0,3025.0,0.0,0.0,2650.0,2930.0,2.45,1.5,,0.47394395,2789.0,0.44063449,0.65610752,7.31e-05,42.04112989,-13.65462061,27.51,729035.29693852
2023-06-18,13,BTC-230825-25000-C,BTCUSDT,C,230825-25000,3025.0,3025.0,3025.0,3025.0,0.0,0.0,2765.0,2940.0,4.32,1.5,,0.47848225,2852.0,0.45772731,0.65242187,7.073e-05,42.16283396,-14.24285912,27.51,728845.02145381
2023-06-18,15,BTC-230825-25000-C,BTCUSDT,C,230825-25000,3025.0,3025.0,3025.0,3025.0,0.0,0.0,2710.0,2980.0,2.45,1.5,,0.47705293,2844.0,0.44483364,0.65982712,7.204e-05,41.91187411,-13.77621294,27.51,730683.40894623
2023-06-18,20,BTC-230825-25000-C,BTCUSDT,C,230825-25000,3025.0,3025.0,3025.0,3025.0,0.0,0.0,2725.0,3000.0,2.45,1.5,,0.49600124,2862.0,0.46335459,0.65065783,7.019e-05,42.12644888,-14.46780482,27.51,728296.34508471
2023-06-18,19,BTC-230825-25000-C,BTCUSDT,C,230825-25000,3025.0,3025.0,3025.0,3025.0,0.0,0.0,2840.0,3085.0,2.45,1.5,,0.48878551,2962.0,0.45948803,0.66354192,6.93e-05,41.8221317,-14.23464132,27.51,733025.49546914
2023-06-18,9,BTC-230825-25000-C,BTCUSDT,C,230825-25000,3025.0,3025.0,3025.0,3025.0,0.06,0.06,2670.0,2910.0,2.45,1.5,,0.46478391,2789.0,0.43619454,0.65882867,7.351e-05,41.98319901,-13.48184468,27.51,729767.01456934
2023-06-18,5,BTC-230825-25000-C,BTCUSDT,C,230825-25000,3025.0,3025.0,3025.0,3025.0,0.06,0.06,2710.0,2995.0,2.45,1.5,,0.4821372,2852.0,0.44829249,0.65757279,7.15e-05,42.1156057,-13.86543708,27.51,730373.15963078
2023-06-18,18,BTC-230825-25000-C,BTCUSDT,C,230825-25000,3025.0,3025.0,3025.0,3025.0,0.0,0.0,2820.0,3115.0,5.87,1.5,,0.50023437,2967.0,0.46504796,0.66057139,6.876e-05,41.93218815,-14.43588528,27.51,732321.37550774
2023-06-18,12,BTC-230825-25000-C,BTCUSDT,C,230825-25000,3025.0,3025.0,3025.0,3025.0,0.0,0.0,2695.0,2975.0,2.45,1.5,,0.479424,2834.0,0.44608951,0.65766953,7.201e-05,42.01072167,-13.82215529,27.51,729984.12590774
2023-06-18,7,BTC-230825-25000-C,BTCUSDT,C,230825-25000,3025.0,3025.0,3025.0,3025.0,0.06,0.06,2815.0,3115.0,3.6,3.72,,0.50412416,2964.0,0.46854615,0.65726184,6.836e-05,42.17260571,-14.52927115,27.51,731368.98233082
2023-06-18,16,BTC-230825-25000-C,BTCUSDT,C,230825-25000,3025.0,3025.0,3025.0,3025.0,0.0,0.0,2755.0,3015.0,2.45,1.5,,0.47645807,2884.0,0.44534564,0.66392418,7.149e-05,41.79453213,-13.76192702,27.51,732045.65275397
2023-06-18,6,BTC-230825-25000-C,BTCUSDT,C,230825-25000,3025.0,3025.0,3025.0,3025.0,0.06,0.06,2695.0,2980.0,2.45,1.5,,0.47844052,2837.0,0.44455647,0.65839512,7.205e-05,42.06745327,-13.74257603,27.51,730240.38609222
2023-06-18,14,BTC-230825-25000-C,BTCUSDT,C,230825-25000,3025.0,3025.0,3025.0,3025.0,0.0,0.0,2695.0,2910.0,2.45,1.5,,0.46212912,2802.0,0.43645263,0.66049682,7.338e-05,41.87448482,-13.49628981,27.51,730272.81161533
2023-06-18,1,BTC-230825-25000-C,BTCUSDT,C,230825-25000,2255.0,3025.0,2255.0,3025.0,0.06,0.06,2675.0,2945.0,2.45,1.5,,0.47749996,2809.0,0.44552863,0.65432917,7.224e-05,42.23616791,-13.78565471,27.51,728670.85594615
2023-06-18,22,BTC-230825-25000-C,BTCUSDT,C,230825-25000,3025.0,3025.0,3025.0,3025.0,0.0,0.0,2755.0,2950.0,2.8,1.5,,0.49498081,2852.0,0.4719007,0.6446748,6.957e-05,42.24808741,-14.79547211,27.51,726506.6261077
2023-06-18,21,BTC-230825-25000-C,BTCUSDT,C,230825-25000,3025.0,3025.0,3025.0,3025.0,0.0,0.0,2665.0,2960.0,7.01,1.5,,0.49612164,2812.0,0.4611522,0.64663401,7.101e-05,42.18933317,-14.42944398,27.51,726642.51039233
2023-06-18,3,BTC-230825-25000-C,BTCUSDT,C,230825-25000,2255.0,3025.0,2255.0,3025.0,0.06,0.06,2720.0,2970.0,2.45,1.5,,0.47507048,2844.0,0.44537961,0.65844156,7.184e-05,42.1097633,-13.7565968,27.51,730289.49295389
2023-06-18,17,BTC-230825-25000-C,BTCUSDT,C,230825-25000,3025.0,3025.0,3025.0,3025.0,0.0,0.0,2820.0,3090.0,2.45,1.5,,0.49267411,2954.0,0.46044052,0.66199205,6.929e-05,41.89235745,-14.27048241,27.51,732644.49708451
2023-06-18,0,BTC-230825-25000-C,BTCUSDT,C,230825-25000,2255.0,3025.0,2255.0,3025.0,0.06,0.06,2645.0,2850.0,2.45,1.5,,0.46079636,2747.0,0.43653011,0.65306382,7.392e-05,42.24556682,-13.50198336,27.51,727756.45377689
2023-06-18,2,BTC-230825-25000-C,BTCUSDT,C,230825-25000,2255.0,3025.0,2255.0,3025.0,0.06,0.06,2675.0,2940.0,2.45,1.5,,0.47868371,2807.0,0.44732332,0.65300543,7.212e-05,42.26004593,-13.85747167,27.51,728365.18356926
2023-06-18,23,BTC-230825-25000-C,BTCUSDT,C,230825-25000,3025.0,3025.0,3025.0,3025.0,0.0,0.0,2580.0,2865.0,3.8,1.5,,0.48464656,2742.0,0.45563281,0.64240496,7.241e-05,42.2281691,-14.28752663,27.51,724643.47356914
2023-06-18,4,BTC-230825-25000-C,BTCUSDT,C,230825-25000,3025.0,3025.0,3025.0,3025.0,0.06,0.06,2705.0,2990.0,2.45,1.5,,0.48186183,2847.0,0.44803619,0.65710457,7.157e-05,42.13939228,-13.85685615,27.51,729969.27655389
2023-06-18,10,BTC-230825-25000-C,BTCUSDT,C,230825-25000,3025.0,3025.0,3025.0,3025.0,0.0,0.0,2655.0,2910.0,2.45,1.5,,0.46794891,2782.0,0.43759704,0.65715965,7.348e-05,42.01705416,-13.54440902,27.51,729068.74426144
2023-06-19,8,BTC-230825-25000-C,BTCUSDT,C,230825-25000,3025.0,3025.0,3025.0,3025.0,0.0,0.0,2625.0,2905.0,2.4,1.5,,0.48386216,2764.0,0.45048773,0.64889608,7.275e-05,41.95820072,-14.11448771,27.51,726725.75081525
2023-06-19,11,BTC-230825-25000-C,BTCUSDT,C,230825-25000,3025.0,3025.0,3025.0,3025.0,0.0,0.0,2635.0,2865.0,2.4,1.5,,0.47026038,2749.0,0.44275224,0.6523855,7.374e-05,41.8131013,-13.85000584,27.51,727546.80641537
2023-06-19,13,BTC-230825-25000-C,BTCUSDT,C,230825-25000,3025.0,3025.0,3025.0,3025.0,0.0,0.0,2730.0,2980.0,2.4,1.5,,0.48440337,2854.0,0.45443952,0.6568011,7.131e-05,41.72599624,-14.20369921,27.51,729937.85771549
2023-06-19,15,BTC-230825-25000-C,BTCUSDT,C,230825-25000,3025.0,3025.0,3025.0,3025.0,0.0,0.0,2670.0,3525.0,2.4,1.5,,0.62737703,3095.0,0.52600205,0.64142317,6.285e-05,42.22353927,-16.65724825,27.51,727484.19849218
2023-06-19,20,BTC-230825-25000-C,BTCUSDT,C,230825-25000,3025.0,3025.0,3025.0,3025.0,0.0,0.0,2890.0,3190.0,2.4,1.5,,0.50605536,3039.0,0.46983302,0.66741178,6.781e-05,41.42482702,-14.64281985,27.51,735336.25082307
2023-06-19,19,BTC-230825-25000-C,BTCUSDT,C,230825-25000,3025.0,3025.0,3025.0,3025.0,0.0,0.0,2855.0,3870.0,2.4,1.5,,0.67408562,3358.0,0.55315018,0.65298367,5.862e-05,42.04775151,-17.48775725,27.51,733905.28643066
2023-06-19,9,BTC-230825-25000-C,BTCUSDT,C,230825-25000,3025.0,3025.0,3025.0,3025.0,0.0,0.0,2615.0,2890.0,3.61,1.5,,0.48321366,2752.0,0.45044661,0.64760784,7.293e-05,41.97187389,-14.12658894,27.51,726208.22725377
2023-06-19,5,BTC-230825-25000-C,BTCUSDT,C,230825-25000,3025.0,3025.0,3025.0,3025.0,0.0,0.0,2670.0,2945.0,2.4,1.5,,0.48550844,2807.0,0.45271516,0.65196836,7.196e-05,41.93933193,-14.15147927,27.51,728105.47103082
2023-06-19,18,BTC-230825-25000-C,BTCUSDT,C,230825-25000,3025.0,3025.0,3025.0,3025.0,0.0,0.0,2715.0,3050.0,2.4,1.5,,0.50797582,2881.0,0.46790659,0.65196542,6.983e-05,41.81588609,-14.70201035,27.51,729944.98915397
2023-06-19,12,BTC-230825-25000-C,BTCUSDT,C,230825-25000,3025.0,3025.0,3025.0,3025.0,0.0,0.0,2730.0,3035.0,4.5,1.5,,0.4981029,2882.0,0.46161115,0.65524784,7.031e-05,41.80217254,-14.44517455,27.51,729850.68729237
2023-06-19,7,BTC-230825-25000-C,BTCUSDT,C,230825-25000,3025.0,3025.0,3025.0,3025.0,0.0,0.0,2675.0,2960.0,2.24,4.68,,0.49515486,2817.0,0.46123981,0.64799854,7.107e-05,42.02656327,-14.46591113,27.51,727053.19539237
2023-06-19,16,BTC-230825-25000-C,BTCUSDT,C,230825-25000,3025.0,3025.0,3025.0,3025.0,0.0,0.0,2700.0,3615.0,2.4,1.5,,0.64029932,3154.0,0.53166449,0.64440422,6.188e-05,42.17694705,-16.8285037,27.51,729102.51807689
2023-06-19,6,BTC-230825-25000-C,BTCUSDT,C,230825-25000,3025.0,3025.0,3025.0,3025.0,0.0,0.0,2640.0,2910.0,2.4,1.5,,0.48316956,2774.0,0.45099914,0.64952227,7.255e-05,41.97353085,-14.11810298,27.51,727003.69855389
2023-06-19,14,BTC-230825-25000-C,BTCUSDT,C,230825-25000,3025.0,3025.0,3025.0,3025.0,0.0,0.0,2650.0,2930.0,2.4,1.5,,0.48969746,2789.0,0.45627892,0.64861372,7.196e-05,41.90244789,-14.33044374,27.51,726927.40516167
2023-06-19,1,BTC-230825-25000-C,BTCUSDT,C,230825-25000,3025.0,3025.0,3025.0,3025.0,0.0,0.0,2655.0,2945.0,5.83,1.5,,0.48911095,2799.0,0.45462132,0.64960357,7.182e-05,42.05175731,-14.21384529,27.51,727408.69714615
2023-06-19,22,BTC-230825-25000-C,BTCUSDT,C,230825-25000,3025.0,3025.0,3025.0,3025.0,0.0,0.0,2915.0,3215.0,2.4,1.5,,0.50756216,3064.0,0.47127783,0.66924986,6.742e-05,41.35444202,-14.68130201,27.51,736055.7038307
2023-06-19,21,BTC-230825-25000-C,BTCUSDT,C,230825-25000,3025.0,3025.0,3025.0,3025.0,0.0,0.0,2915.0,3215.0,2.4,1.5,,0.50513983,3064.0,0.46882451,0.67063331,6.76e-05,41.3199038,-14.58352329,27.51,736103.62262296
2023-06-19,3,BTC-230825-25000-C,BTCUSDT,C,230825-25000,3025.0,3025.0,3025.0,3025.0,0.0,0.0,2640.0,2910.0,5.84,1.5,,0.48660517,2774.0,0.45451522,0.64707565,7.217e-05,42.07762293,-14.23691069,27.51,725904.36570008
2023-06-19,17,BTC-230825-25000-C,BTCUSDT,C,230825-25000,3025.0,3025.0,3025.0,3025.0,0.0,0.0,2815.0,3715.0,2.4,1.5,,0.63925743,3261.0,0.53188682,0.6544761,6.086e-05,41.98475167,-16.76931064,27.51,733177.95528475
2023-06-19,0,BTC-230825-25000-C,BTCUSDT,C,230825-25000,3025.0,3025.0,3025.0,3025.0,0.0,0.0,2615.0,2830.0,2.46,1.5,,0.47254086,2722.0,0.44701755,0.64559369,7.352e-05,42.12402952,-13.99146057,27.51,725033.2721307
2023-06-19,2,BTC-230825-25000-C,BTCUSDT,C,230825-25000,3025.0,3025.0,3025.0,3025.0,0.0,0.0,2650.0,2945.0,2.64,1.5,,0.48800707,2797.0,0.4528898,0.65048656,7.203e-05,42.01318221,-14.15549045,27.51,727547.70729222
2023-06-19,23,BTC-230825-25000-C,BTCUSDT,C,230825-25000,3025.0,3025.0,3025.0,3025.0,0.0,0.0,2995.0,3305.0,2.4,1.5,,0.51497936,3149.0,0.47737181,0.67414455,6.596e-05,41.23129382,-14.83617136,27.51,738681.69053082
2023-06-19,4,BTC-230825-25000-C,BTCUSDT,C,230825-25000,3025.0,3025.0,3025.0,3025.0,0.0,0.0,2655.0,2910.0,2.4,1.5,,0.48271418,2782.0,0.45235753,0.64934006,7.23e-05,42.00914819,-14.15504749,27.51,727042.49672311
2023-06-19,10,BTC-230825-25000-C,BTCUSDT,C,230825-25000,3025.0,3025.0,3025.0,3025.0,0.0,0.0,2580.0,2865.0,8.26,1.5,,0.48059583,2722.0,0.44663072,0.64669528,7.37e-05,41.96474828,-14.0132653,27.51,725603.31560759
2023-06-20,8,BTC-230825-25000-C,BTCUSDT,C,230825-25000,3025.0,3025.0,3025.0,3025.0,0.0,0.0,2915.0,3215.0,2.43,5.1,,0.50899625,3064.0,0.4725945,0.6693507,6.743e-05,41.2210144,-14.76752085,27.51,736005.6235384
2023-06-20,11,BTC-230825-25000-C,BTCUSDT,C,230825-25000,3025.0,3025.0,3025.0,3025.0,0.0,0.0,3035.0,3215.0,2.4,1.5,,0.48481584,3124.0,0.46274126,0.68162344,6.749e-05,40.77732847,-14.33115104,27.51,740229.15826156
2023-06-20,13,BTC-230825-25000-C,BTCUSDT,C,230825-25000,3025.0,3025.0,3025.0,3025.0,0.0,0.0,2975.0,3190.0,2.4,1.5,,0.49452782,3082.0,0.46830356,0.67416371,6.761e-05,41.00032755,-14.60121371,27.51,738289.84232296
2023-06-20,15,BTC-230825-25000-C,BTCUSDT,C,230825-25000,3025.0,3175.0,3025.0,3175.0,0.06,0.06,3225.0,4085.0,1.5,1.5,,0.6681633,3651.0,0.56396723,0.67461218,5.56e-05,41.3504705,-17.75657826,27.45,743120.04728575
2023-06-20,20,BTC-230825-25000-C,BTCUSDT,C,230825-25000,3025.0,3175.0,3025.0,3175.0,0.06,0.06,4245.0,4535.0,2.37,1.5,,0.5956769,4388.0,0.55869579,0.73265507,4.939e-05,39.23036664,-16.74182324,27.45,772954.44779665
2023-06-20,19,BTC-230825-25000-C,BTCUSDT,C,230825-25000,3025.0,3175.0,3025.0,3175.0,0.06,0.06,4100.0,5550.0,1.5,1.5,,0.87325811,4812.0,0.69600523,0.70149998,4.206e-05,41.10990613,-21.8417591,27.45,767712.45703855
2023-06-20,9,BTC-230825-25000-C,BTCUSDT,C,230825-25000,3025.0,3025.0,3025.0,3025.0,0.0,0.0,2955.0,3235.0,5.68,1.5,,0.50974011,3094.0,0.47573864,0.67058297,6.684e-05,41.18708419,-14.86292099,27.51,736638.13285373
2023-06-20,5,BTC-230825-25000-C,BTCUSDT,C,230825-25000,3025.0,3025.0,3025.0,3025.0,0.0,0.0,2970.0,3275.0,2.48,1.5,,0.51309347,3121.0,0.47605038,0.67275834,6.645e-05,41.18292287,-14.83365134,27.51,737869.04513082
2023-06-20,18,BTC-230825-25000-C,BTCUSDT,C,230825-25000,3025.0,3175.0,3025.0,3175.0,0.06,0.06,4230.0,5795.0,2.37,2.04,,0.9139967,4998.0,0.72301865,0.70278722,4.024e-05,41.19706028,-22.72313096,27.45,771006.54753296
2023-06-20,12,BTC-230825-25000-C,BTCUSDT,C,230825-25000,3025.0,3025.0,3025.0,3025.0,0.0,0.0,3010.0,3180.0,2.4,1.5,,0.4852891,3094.0,0.46450078,0.67765299,6.774e-05,40.8942272,-14.43602074,27.51,738687.14416164
2023-06-20,7,BTC-230825-25000-C,BTCUSDT,C,230825-25000,3025.0,3025.0,3025.0,3025.0,0.0,0.0,2975.0,3280.0,2.43,4.61,,0.51201344,3126.0,0.47490597,0.67410758,6.65e-05,41.11266315,-14.79139822,27.51,738160.49090763
2023-06-20,16,BTC-230825-25000-C,BTCUSDT,C,230825-25000,3025.0,3175.0,3025.0,3175.0,0.06,0.06,3600.0,4360.0,2.37,1.5,,0.68538904,3976.0,0.59285045,0.68690451,5.148e-05,41.13139627,-18.57886655,27.45,751361.85850559
2023-06-20,6,BTC-230825-25000-C,BTCUSDT,C,230825-25000,3025.0,3025.0,3025.0,3025.0,0.0,0.0,2935.0,3235.0,5.59,1.5,,0.50807714,3084.0,0.47163785,0.67175019,6.724e-05,41.17850356,-14.70385157,27.51,736861.54126167
2023-06-20,14,BTC-230825-25000-C,BTCUSDT,C,230825-25000,3025.0,3025.0,3025.0,3025.0,0.0,0.0,2960.0,3110.0,2.4,1.5,,0.48022628,3034.0,0.46192348,0.67336275,6.871e-05,40.98165266,-14.40485804,27.51,736372.08999222
2023-06-20,1,BTC-230825-25000-C,BTCUSDT,C,230825-25000,3025.0,3025.0,3025.0,3025.0,0.0,0.0,3035.0,3330.0,2.48,1.5,,0.51320791,3181.0,0.47731221,0.67752263,6.56e-05,41.10609414,-14.80787705,27.51,739965.58223082
2023-06-20,22,BTC-230825-25000-C,BTCUSDT,C,230825-25000,3025.0,3175.0,3025.0,3175.0,0.06,0.06,4295.0,4615.0,2.37,1.5,,0.60567379,4453.0,0.56480289,0.73417977,4.864e-05,39.17206079,-16.92121233,27.45,774245.57815391
2023-06-20,21,BTC-230825-25000-C,BTCUSDT,C,230825-25000,3025.0,3175.0,3025.0,3175.0,0.06,0.06,4200.0,4470.0,2.37,1.5,,0.58385372,4333.0,0.54931879,0.73366681,5.019e-05,39.1096877,-16.42064907,27.45,772018.00462095
2023-06-20,3,BTC-230825-25000-C,BTCUSDT,C,230825-25000,3025.0,3025.0,3025.0,3025.0,0.0,0.0,3030.0,3385.0,2.48,4.02,,0.5265522,3206.0,0.48337996,0.67652397,6.49e-05,41.13509292,-15.02559906,27.51,739860.85679996
2023-06-20,17,BTC-230825-25000-C,BTCUSDT,C,230825-25000,3025.0,3175.0,3025.0,3175.0,0.06,0.06,3945.0,5455.0,2.37,5.66,,0.88038445,4688.0,0.69691896,0.69345846,4.276e-05,41.35235828,-21.97146451,27.45,762018.18077486
2023-06-20,0,BTC-230825-25000-C,BTCUSDT,C,230825-25000,3025.0,3025.0,3025.0,3025.0,0.0,0.0,3110.0,3400.0,2.48,1.5,,0.51430464,3254.0,0.47887921,0.68344087,6.463e-05,40.94668263,-14.78957517,27.51,741999.08515393
2023-06-20,2,BTC-230825-25000-C,BTCUSDT,C,230825-25000,3025.0,3025.0,3025.0,3025.0,0.0,0.0,3050.0,3390.0,2.48,2.95,,0.52446485,3219.0,0.48309267,0.67780483,6.476e-05,41.11016024,-14.99812216,27.51,740429.39478467
2023-06-20,23,BTC-230825-25000-C,BTCUSDT,C,230825-25000,3025.0,3175.0,3025.0,3175.0,0.06,0.06,4355.0,4660.0,2.37,1.5,,0.60087204,4506.0,0.56164145,0.73925845,4.83e-05,38.89797311,-16.71942117,27.45,777083.45568129
2023-06-20,4,BTC-230825-25000-C,BTCUSDT,C,230825-25000,3025.0,3025.0,3025.0,3025.0,0.0,0.0,3070.0,3380.0,2.48,1.5,,0.51431179,3224.0,0.47640979,0.68239914,6.52e-05,40.91319229,-14.73833048,27.51,741759.18586164
2023-06-20,10,BTC-230825-25000-C,BTCUSDT,C,230825-25000,3025.0,3025.0,3025.0,3025.0,0.0,0.0,2940.0,3220.0,2.4,1.5,,0.50720453,3079.0,0.47318041,0.67069326,6.723e-05,41.15967944,-14.78250528,27.51,736550.74779237
2023-06-21,8,BTC-230825-25000-C,BTCUSDT,C,230825-25000,3175.0,3175.0,3175.0,3175.0,0.06,0.06,4760.0,5120.0,1.5,1.5,,0.62264919,4937.0,0.57493687,0.76032702,4.444e-05,37.76650513,-16.71328933,27.45,791071.24569218
2023-06-21,11,BTC-230825-25000-C,BTCUSDT,C,230825-25000,3175.0,3175.0,3175.0,3175.0,0.06,0.06,4875.0,5220.0,2.4,1.5,,0.62567711,5045.0,0.57965159,0.7645813,4.351e-05,37.51742663,-16.77149019,27.45,794972.45779134
2023-06-21,13,BTC-230825-25000-C,BTCUSDT,C,230825-25000,3175.0,3175.0,3175.0,3175.0,0.06,0.06,5235.0,5605.0,2.4,1.5,,0.65383911,5417.0,0.60393333,0.77399268,4.033e-05,37.11390937,-17.30835755,27.45,803390.92635168
2023-06-21,15,BTC-230825-25000-C,BTCUSDT,C,230825-25000,5500.0,5695.0,5500.0,5695.0,0.27,0.27,5615.0,6045.0,1.5,1.5,,0.66048622,5824.0,0.59991837,0.79615602,3.757e-05,35.57427241,-16.50128006,27.72,828249.90396936
2023-06-21,20,BTC-230825-25000-C,BTCUSDT,C,230825-25000,5500.0,5695.0,5500.0,5695.0,0.27,0.27,5785.0,6095.0,1.5,1.5,,0.64494848,5937.0,0.60077071,0.80143779,3.682e-05,35.12754593,-16.36995241,27.72,830165.05744603
2023-06-21,19,BTC-230825-25000-C,BTCUSDT,C,230825-25000,5500.0,5695.0,5500.0,5695.0,0.27,0.27,5885.0,6100.0,1.5,0.26,,0.61794996,5990.0,0.5866313,0.81005227,3.653e-05,34.34716135,-15.61946995,27.72,835269.52486159
2023-06-21,9,BTC-230825-25000-C,BTCUSDT,C,230825-25000,3175.0,3175.0,3175.0,3175.0,0.06,0.06,4835.0,5205.0,2.4,1.5,,0.62445402,5017.0,0.57504416,0.76497469,4.381e-05,37.48651845,-16.60313182,27.45,793948.96795056
2023-06-21,5,BTC-230825-25000-C,BTCUSDT,C,230825-25000,3175.0,3175.0,3175.0,3175.0,0.06,0.06,4915.0,5215.0,2.44,1.5,,0.61555624,5063.0,0.57543874,0.7670562,4.343e-05,37.42034087,-16.54272207,27.45,794683.80143408
2023-06-21,18,BTC-230825-25000-C,BTCUSDT,C,230825-25000,5500.0,5695.0,5500.0,5695.0,0.27,0.27,5640.0,6100.0,1.5,0.26,,0.61381578,5860.0,0.54328561,0.82419824,3.756e-05,32.7566263,-13.78659816,27.72,835690.56120008
2023-06-21,12,BTC-230825-25000-C,BTCUSDT,C,230825-25000,3175.0,3175.0,3175.0,3175.0,0.06,0.06,4860.0,5205.0,2.4,1.5,,0.62969685,5030.0,0.5838871,0.76185158,4.354e-05,37.69244965,-16.98376684,27.45,793129.34714832
2023-06-21,7,BTC-230825-25000-C,BTCUSDT,C,230825-25000,3175.0,3175.0,3175.0,3175.0,0.06,0.06,4815.0,5310.0,2.42,5.48,,0.6607461,5058.0,0.59563398,0.7576469,4.306e-05,38.07985739,-17.44742547,27.45,792482.9660109
2023-06-21,16,BTC-230825-25000-C,BTCUSDT,C,230825-25000,5500.0,5695.0,5500.0,5695.0,0.27,0.27,5850.0,6200.0,1.5,0.01,,0.63598633,6020.0,0.58474064,0.81198005,3.634e-05,34.21299042,-15.47831512,27.72,836610.88956929
2023-06-21,6,BTC-230825-25000-C,BTCUSDT,C,230825-25000,3175.0,3175.0,3175.0,3175.0,0.06,0.06,4790.0,5100.0,1.5,1.5,,0.60920954,4943.0,0.56788445,0.76382757,4.454e-05,37.53948128,-16.38802079,27.45,792298.63171983
2023-06-21,14,BTC-230825-25000-C,BTCUSDT,C,230825-25000,3175.0,5500.0,3175.0,5500.0,0.32,0.32,5465.0,5910.0,2.4,1.5,,0.68444729,5683.0,0.62414289,0.77882113,3.824e-05,36.95839947,-17.82407054,27.71,817378.81573073
2023-06-21,1,BTC-230825-25000-C,BTCUSDT,C,230825-25000,3025.0,3175.0,3025.0,3175.0,0.06,0.06,4765.0,5130.0,2.4,1.5,,0.62947273,4945.0,0.58151007,0.7570838,4.421e-05,38.08985527,-16.97289683,27.45,791094.26447793
2023-06-21,22,BTC-230825-25000-C,BTCUSDT,C,230825-25000,5500.0,5695.0,5500.0,5695.0,0.27,0.27,5880.0,6100.0,1.5,0.26,,0.61697721,5988.0,0.5848062,0.81100632,3.656e-05,34.21555102,-15.54133041,27.72,834863.59744603
2023-06-21,21,BTC-230825-25000-C,BTCUSDT,C,230825-25000,5500.0,5695.0,5500.0,5695.0,0.27,0.27,5670.0,6095.0,1.5,1.5,,0.66803694,5877.0,0.60824633,0.79551306,3.716e-05,35.61295698,-16.81354181,27.72,828319.80406163
2023-06-21,3,BTC-230825-25000-C,BTCUSDT,C,230825-25000,3175.0,3175.0,3175.0,3175.0,0.06,0.06,4705.0,5035.0,2.48,1.5,,0.62038898,4868.0,0.57711124,0.75477268,4.492e-05,38.15697112,-16.89576458,27.45,788128.74143408
2023-06-21,17,BTC-230825-25000-C,BTCUSDT,C,230825-25000,5500.0,5695.0,5500.0,5695.0,0.27,0.27,5645.0,6100.0,1.5,0.26,,0.62512875,5863.0,0.55687308,0.81778688,3.753e-05,33.45753587,-14.42446283,27.72,834062.38283075
2023-06-21,0,BTC-230825-25000-C,BTCUSDT,C,230825-25000,3025.0,3175.0,3025.0,3175.0,0.06,0.06,4465.0,4780.0,2.4,1.5,,0.61076403,4620.0,0.57011843,0.7426468,4.709e-05,38.77564804,-16.92919532,27.45,779727.02642318
2023-06-21,2,BTC-230825-25000-C,BTCUSDT,C,230825-25000,3025.0,3175.0,3025.0,3175.0,0.06,0.06,4760.0,5115.0,2.4,1.5,,0.62599897,4935.0,0.57927847,0.7576321,4.434e-05,38.02991051,-16.8919395,27.45,790331.28117039
2023-06-21,23,BTC-230825-25000-C,BTCUSDT,C,230825-25000,5500.0,5695.0,5500.0,5695.0,0.27,0.27,5765.0,6100.0,1.5,0.26,,0.64524889,5929.0,0.59725404,0.8028634,3.69e-05,34.95014239,-16.22340149,27.72,832065.44316921
2023-06-21,4,BTC-230825-25000-C,BTCUSDT,C,230825-25000,3175.0,3175.0,3175.0,3175.0,0.06,0.06,4735.0,5040.0,2.44,1.5,,0.60653687,4885.0,0.56606054,0.76115782,4.504e-05,37.70687812,-16.38723387,27.45,790021.21381313
2023-06-21,10,BTC-230825-25000-C,BTCUSDT,C,230825-25000,3175.0,3175.0,3175.0,3175.0,0.06,0.06,4780.0,5120.0,2.4,1.5,,0.61961174,4947.0,0.57445049,0.76132793,4.438e-05,37.67916605,-16.68193278,27.45,791495.93942318
2023-06-22,8,BTC-230825-25000-C,BTCUSDT,C,230825-25000,5500.0,5695.0,5500.0,5695.0,0.27,0.27,5850.0,6095.0,1.5,1.5,,0.62358618,5970.0,0.58775306,0.80973184,3.668e-05,34.21585552,-15.72154011,27.72,833756.0676923
2023-06-22,11,BTC-230825-25000-C,BTCUSDT,C,230825-25000,5500.0,5695.0,5500.0,5695.0,0.27,0.27,5660.0,6100.0,1.5,1.5,,0.6613636,5874.0,0.59826136,0.80090625,3.728e-05,34.94912028,-16.37757518,27.72,829921.00873845
2023-06-22,13,BTC-230825-25000-C,BTCUSDT,C,230825-25000,5500.0,5695.0,5500.0,5695.0,0.27,0.27,5925.0,6200.0,1.5,0.01,,0.62223196,6059.0,0.58112264,0.81711814,3.609e-05,33.48904647,-15.26371722,27.72,838196.05929222
2023-06-22,15,BTC-230825-25000-C,BTCUSDT,C,230825-25000,5695.0,5695.0,5695.0,5695.0,0.0,0.0,5565.0,5995.0,1.5,1.5,,0.65065384,5774.0,0.58876276,0.80077892,3.805e-05,34.82363857,-16.10172081,27.72,827387.53476936
2023-06-22,20,BTC-230825-25000-C,BTCUSDT,C,230825-25000,5695.0,5695.0,5695.0,5695.0,0.0,0.0,5850.0,6200.0,1.5,0.01,,0.64282417,6020.0,0.59118509,0.81149671,3.633e-05,33.9514143,-15.81475721,27.72,835816.26073841
2023-06-22,19,BTC-230825-25000-C,BTCUSDT,C,230825-25000,5695.0,5695.0,5695.0,5695.0,0.0,0.0,5905.0,6200.0,1.5,0.01,,0.62805176,6049.0,0.58401585,0.81587459,3.616e-05,33.54272031,-15.42478474,27.72,837694.85123071
2023-06-22,9,BTC-230825-25000-C,BTCUSDT,C,230825-25000,5500.0,5695.0,5500.0,5695.0,0.27,0.27,5885.0,6165.0,1.5,1.5,,0.63450813,6022.0,0.59360981,0.80955727,3.63e-05,34.26963763,-15.91352495,27.72,835438.93975385
2023-06-22,5,BTC-230825-25000-C,BTCUSDT,C,230825-25000,5500.0,5695.0,5500.0,5695.0,0.27,0.27,6005.0,6200.0,1.5,0.01,,0.61082363,6101.0,0.58171988,0.81799175,3.58e-05,33.5227424,-15.21522133,27.72,839304.43283083
2023-06-22,18,BTC-230825-25000-C,BTCUSDT,C,230825-25000,5695.0,5695.0,5695.0,5695.0,0.0,0.0,5835.0,6200.0,1.5,0.01,,0.64600706,6012.0,0.59233546,0.81046596,3.638e-05,34.06983667,-15.87994921,27.72,834214.0020923
2023-06-22,12,BTC-230825-25000-C,BTCUSDT,C,230825-25000,5500.0,5695.0,5500.0,5695.0,0.27,0.27,5855.0,6100.0,1.5,1.5,,0.62107563,5975.0,0.58500886,0.81152542,3.666e-05,33.99615355,-15.58828014,27.72,834972.02224627
2023-06-22,7,BTC-230825-25000-C,BTCUSDT,C,230825-25000,5500.0,5695.0,5500.0,5695.0,0.27,0.27,5725.0,6200.0,5.27,0.01,,0.65177441,5954.0,0.58172464,0.81162203,3.682e-05,34.02258105,-15.46231772,27.72,833946.64421552
2023-06-22,16,BTC-230825-25000-C,BTCUSDT,C,230825-25000,5695.0,5695.0,5695.0,5695.0,0.0,0.0,5640.0,6040.0,1.5,1.5,,0.63724995,5834.0,0.57852745,0.8083318,3.769e-05,34.14055482,-15.52160672,27.72,830837.88276933
2023-06-22,6,BTC-230825-25000-C,BTCUSDT,C,230825-25000,5500.0,5695.0,5500.0,5695.0,0.27,0.27,5860.0,6200.0,1.5,0.01,,0.64468145,6026.0,0.59515834,0.80878927,3.627e-05,34.38297846,-15.97656159,27.72,835197.16347698
2023-06-22,14,BTC-230825-25000-C,BTCUSDT,C,230825-25000,5695.0,5695.0,5695.0,5695.0,0.01,0.01,5405.0,5850.0,1.5,1.5,,0.63311815,5620.0,0.56847692,0.8026022,3.931e-05,34.52106999,-15.40177182,27.72,824240.49535397
2023-06-22,1,BTC-230825-25000-C,BTCUSDT,C,230825-25000,5500.0,5695.0,5500.0,5695.0,0.27,0.27,2105.0,6200.0,5.42,0.01,,0.63775778,5509.0,0.41887889,0.87596203,3.863e-05,25.90556628,-8.44458589,27.72,836122.01843071
2023-06-22,22,BTC-230825-25000-C,BTCUSDT,C,230825-25000,5695.0,5695.0,5695.0,5695.0,0.0,0.0,5625.0,6060.0,1.5,1.5,,0.6542635,5836.0,0.59118509,0.80323407,3.761e-05,34.56879469,-16.12351272,27.72,829132.68544611
2023-06-22,21,BTC-230825-25000-C,BTCUSDT,C,230825-25000,5695.0,5695.0,5695.0,5695.0,0.0,0.0,5705.0,6075.0,1.5,1.5,,0.63010693,5884.0,0.57508469,0.81267553,3.734e-05,33.6976453,-15.27910348,27.72,833099.43876917
2023-06-22,3,BTC-230825-25000-C,BTCUSDT,C,230825-25000,5500.0,5695.0,5500.0,5695.0,0.27,0.27,6045.0,6200.0,1.5,0.01,,0.60593128,6121.0,0.58281422,0.81822984,3.566e-05,33.53820169,-15.23106796,27.72,839653.72006159
2023-06-22,17,BTC-230825-25000-C,BTCUSDT,C,230825-25000,5695.0,5695.0,5695.0,5695.0,0.0,0.0,5815.0,6195.0,1.5,1.5,,0.6441021,5999.0,0.58800459,0.81171806,3.648e-05,33.94356648,-15.69512652,27.72,835526.49230774
2023-06-22,0,BTC-230825-25000-C,BTCUSDT,C,230825-25000,5500.0,5695.0,5500.0,5695.0,0.27,0.27,5865.0,6100.0,1.5,0.26,,0.61386347,5980.0,0.57922363,0.81333884,3.664e-05,33.94947022,-15.29306437,27.72,834558.58606151
2023-06-22,2,BTC-230825-25000-C,BTCUSDT,C,230825-25000,5500.0,5695.0,5500.0,5695.0,0.27,0.27,6195.0,6200.0,1.5,0.01,,0.56166172,6197.0,0.56088448,0.83136331,3.511e-05,32.1792015,-14.05488227,27.72,845096.61821536
2023-06-22,23,BTC-230825-25000-C,BTCUSDT,C,230825-25000,5695.0,5695.0,5695.0,5695.0,0.0,0.0,5615.0,5985.0,1.5,1.5,,0.64212799,5795.0,0.58853149,0.80259026,3.791e-05,34.58119195,-16.06746067,27.72,828926.76849222
2023-06-22,4,BTC-230825-25000-C,BTCUSDT,C,230825-25000,5500.0,5695.0,5500.0,5695.0,0.27,0.27,6055.0,6200.0,1.5,0.01,,0.59514046,6126.0,0.57318687,0.82287113,3.563e-05,33.03659939,-14.76502279,27.72,840828.37181528
2023-06-22,10,BTC-230825-25000-C,BTCUSDT,C,230825-25000,5500.0,5695.0,5500.0,5695.0,0.27,0.27,5935.0,6200.0,1.5,0.01,,0.63479185,6065.0,0.59601426,0.81049395,3.601e-05,34.20404223,-15.95780295,27.72,836749.10879988
2023-06-23,8,BTC-230825-25000-C,BTCUSDT,C,230825-25000,5695.0,5800.0,5695.0,5800.0,0.01,0.01,5575.0,5995.0,0.35,1.5,,0.61933994,5777.0,0.55538893,0.81785414,3.819e-05,32.94854719,-14.53282985,27.73,832479.62708674
2023-06-23,11,BTC-230825-25000-C,BTCUSDT,C,230825-25000,5695.0,5800.0,5695.0,5800.0,0.01,0.01,5740.0,6180.0,0.35,1.5,,0.64240456,5952.0,0.57593107,0.81657519,3.686e-05,33.20646863,-15.21854129,27.73,836068.79412101
2023-06-23,13,BTC-230825-25000-C,BTCUSDT,C,230825-25000,5695.0,5800.0,5695.0,5800.0,0.01,0.01,5715.0,6160.0,0.35,1.5,,0.6513381,5930.0,0.58504462,0.81162548,3.699e-05,33.66652905,-15.69435709,27.73,834124.73219125
2023-06-23,15,BTC-230825-25000-C,BTCUSDT,C,230825-25000,5800.0,6200.0,5800.0,6200.0,0.28,0.28,0.0,0.0,0.0,0.0,,-1e-08,7252.0,0.7,0.81905944,2.907e-05,34.06291783,-19.02449846,27.47,857253.9807089
2023-06-23,20,BTC-230825-25000-C,BTCUSDT,C,230825-25000,5800.0,6200.0,5800.0,6200.0,0.28,0.28,6500.0,7015.0,0.09,1.5,,0.70677996,6746.0,0.62735915,0.82831166,3.175e-05,32.56223132,-16.35347034,27.47,849306.38143965
2023-06-23,19,BTC-230825-25000-C,BTCUSDT,C,230825-25000,5800.0,6200.0,5800.0,6200.0,0.28,0.28,6425.0,6950.0,0.09,1.5,,0.69499969,6675.0,0.61299801,0.83135835,3.214e-05,32.16951313,-15.77587507,27.47,847911.87827185
2023-06-23,9,BTC-230825-25000-C,BTCUSDT,C,230825-25000,5695.0,5800.0,5695.0,5800.0,0.01,0.01,5670.0,6105.0,0.35,1.5,,0.62078953,5878.0,0.55346012,0.82352432,3.742e-05,32.43094379,-14.26428936,27.73,835307.77321975
2023-06-23,5,BTC-230825-25000-C,BTCUSDT,C,230825-25000,5695.0,5695.0,5695.0,5695.0,0.0,0.0,5760.0,5975.0,0.34,0.26,,0.60530901,5865.0,0.57321906,0.81334592,3.749e-05,33.52384339,-15.23104558,27.72,832770.88975385
2023-06-23,18,BTC-230825-25000-C,BTCUSDT,C,230825-25000,5800.0,6200.0,5800.0,6200.0,0.28,0.28,6515.0,7040.0,0.09,1.5,,0.7060957,6766.0,0.62475204,0.82993448,3.163e-05,32.41988881,-16.19271532,27.47,850310.46427586
2023-06-23,12,BTC-230825-25000-C,BTCUSDT,C,230825-25000,5695.0,5800.0,5695.0,5800.0,0.01,0.01,5770.0,6200.0,0.35,0.01,,0.65631151,5978.0,0.59261918,0.81034897,3.663e-05,33.84859509,-15.97291811,27.73,834953.325922
2023-06-23,7,BTC-230825-25000-C,BTCUSDT,C,230825-25000,5695.0,5695.0,5695.0,5695.0,0.0,0.0,5800.0,5975.0,0.01,0.26,,0.63056469,5886.0,0.60541749,0.8000862,3.717e-05,34.80816313,-16.72497372,27.72,829917.30766163
2023-06-23,16,BTC-230825-25000-C,BTCUSDT,C,230825-25000,5800.0,6200.0,5800.0,6200.0,0.28,0.28,6615.0,7160.0,0.09,1.5,,0.70529938,6873.0,0.61923385,0.83606209,3.1e-05,31.83553207,-15.73942941,27.47,853351.92456379
2023-06-23,6,BTC-230825-25000-C,BTCUSDT,C,230825-25000,5695.0,5695.0,5695.0,5695.0,0.0,0.0,5645.0,5975.0,0.34,1.76,,0.61249733,5805.0,0.56275845,0.81550723,3.796e-05,33.23799604,-14.83539151,27.72,832333.15135389
2023-06-23,14,BTC-230825-25000-C,BTCUSDT,C,230825-25000,5695.0,5800.0,5695.0,5800.0,0.01,0.01,5850.0,6200.0,0.35,1.51,,0.61785698,6019.0,0.56352019,0.82553225,3.638e-05,32.28682552,-14.50706296,27.73,838684.47969774
2023-06-23,1,BTC-230825-25000-C,BTCUSDT,C,230825-25000,5695.0,5695.0,5695.0,5695.0,0.0,0.0,5630.0,6065.0,1.5,1.5,,0.65397263,5841.0,0.59071302,0.80393587,3.758e-05,34.47226118,-16.09739915,27.72,830234.99409238
2023-06-23,22,BTC-230825-25000-C,BTCUSDT,C,230825-25000,5800.0,6200.0,5800.0,6200.0,0.28,0.28,6245.0,6740.0,0.09,1.5,,0.68985939,6482.0,0.61417818,0.82350552,3.331e-05,32.83196112,-16.16406445,27.47,841830.24283736
2023-06-23,21,BTC-230825-25000-C,BTCUSDT,C,230825-25000,5800.0,6200.0,5800.0,6200.0,0.28,0.28,6210.0,6705.0,0.09,1.5,,0.6760025,6446.0,0.59898138,0.82838893,3.352e-05,32.27858188,-15.48806351,27.47,842708.82399771
2023-06-23,3,BTC-230825-25000-C,BTCUSDT,C,230825-25000,5695.0,5695.0,5695.0,5695.0,0.0,0.0,5695.0,6055.0,1.5,1.5,,0.63562393,5870.0,0.58253288,0.80913936,3.742e-05,33.97081312,-15.6642048,27.72,831842.23929234
2023-06-23,17,BTC-230825-25000-C,BTCUSDT,C,230825-25000,5800.0,6200.0,5800.0,6200.0,0.28,0.28,6770.0,7320.0,0.09,1.5,,0.71615696,7031.0,0.62903881,0.83795028,3.015e-05,31.74000171,-15.95128301,27.47,858356.50878017
2023-06-23,0,BTC-230825-25000-C,BTCUSDT,C,230825-25000,5695.0,5695.0,5695.0,5695.0,0.0,0.0,5700.0,6135.0,1.5,1.5,,0.65666676,5911.0,0.59318066,0.80599144,3.708e-05,34.34971664,-16.09657702,27.72,831881.98855377
2023-06-23,2,BTC-230825-25000-C,BTCUSDT,C,230825-25000,5695.0,5695.0,5695.0,5695.0,0.0,0.0,5670.0,6100.0,1.5,1.5,,0.6536293,5878.0,0.59082985,0.8057157,3.732e-05,34.32417731,-16.04198371,27.72,831024.63332298
2023-06-23,23,BTC-230825-25000-C,BTCUSDT,C,230825-25000,5800.0,6200.0,5800.0,6200.0,0.28,0.28,6255.0,6750.0,0.09,1.5,,0.68456173,6492.0,0.60809135,0.82652605,3.325e-05,32.50200968,-15.85362627,27.47,842699.75889771
2023-06-23,4,BTC-230825-25000-C,BTCUSDT,C,230825-25000,5695.0,5695.0,5695.0,5695.0,0.0,0.0,5695.0,5975.0,0.34,0.26,,0.61486244,5832.0,0.57322979,0.81169551,3.773e-05,33.67043609,-15.2878336,27.72,831546.93295397
2023-06-23,10,BTC-230825-25000-C,BTCUSDT,C,230825-25000,5695.0,5800.0,5695.0,5800.0,0.01,0.01,5555.0,6155.0,3.51,5.35,,0.65083265,5839.0,0.55882573,0.81926662,3.772e-05,32.83564264,-14.5919671,27.73,834834.54705726
2023-06-24,8,BTC-230825-25000-C,BTCUSDT,C,230825-25000,6160.0,6200.0,6160.0,6200.0,0.27,0.27,6165.0,6645.0,0.09,1.5,,0.67316532,6394.0,0.59834361,0.82750079,3.385e-05,32.21179492,-15.55377384,27.47,840961.70784828
2023-06-24,11,BTC-230825-25000-C,BTCUSDT,C,230825-25000,6160.0,6200.0,6160.0,6200.0,0.27,0.27,6250.0,6745.0,0.09,1.5,,0.68508863,6487.0,0.60807586,0.82735595,3.328e-05,32.27622564,-15.87039318,27.47,842952.21121638
2023-06-24,13,BTC-230825-25000-C,BTCUSDT,C,230825-25000,6160.0,6200.0,6160.0,6200.0,0.27,0.27,6225.0,6715.0,0.09,1.5,,0.68655968,6460.0,0.61075687,0.82531193,3.345e-05,32.45292052,-16.04926363,27.47,841815.38488793
2023-06-24,15,BTC-230825-25000-C,BTCUSDT,C,230825-25000,6200.0,6200.0,6200.0,6200.0,0.0,0.0,5995.0,6465.0,0.09,1.5,,0.67110062,6221.0,0.5990243,0.82055751,3.499e-05,32.72511025,-15.89443171,27.47,835458.27145057
2023-06-24,20,BTC-230825-25000-C,BTCUSDT,C,230825-25000,6200.0,6200.0,6200.0,6200.0,0.0,0.0,6115.0,6595.0,0.09,1.5,,0.68503141,6346.0,0.61145425,0.82094077,3.417e-05,32.74030266,-16.2868014,27.47,837861.73646035
2023-06-24,19,BTC-230825-25000-C,BTCUSDT,C,230825-25000,6200.0,6200.0,6200.0,6200.0,0.0,0.0,6195.0,6680.0,0.09,1.5,,0.68161488,6427.0,0.6060648,0.82648852,3.365e-05,32.23121705,-15.88146531,27.47,841259.25020978
2023-06-24,9,BTC-230825-25000-C,BTCUSDT,C,230825-25000,6160.0,6200.0,6160.0,6200.0,0.27,0.27,6195.0,6675.0,0.09,1.5,,0.67898273,6425.0,0.60454607,0.82617475,3.366e-05,32.37238395,-15.80397888,27.47,841172.33633736
2023-06-24,5,BTC-230825-25000-C,BTCUSDT,C,230825-25000,5800.0,6200.0,5800.0,6200.0,0.28,0.28,6305.0,6800.0,0.09,1.5,,0.68959713,6542.0,0.61295748,0.82700325,3.294e-05,32.42870077,-16.00865309,27.47,844148.23086696
2023-06-24,18,BTC-230825-25000-C,BTCUSDT,C,230825-25000,6200.0,6200.0,6200.0,6200.0,0.0,0.0,6250.0,6740.0,0.09,1.5,,0.69602966,6485.0,0.62085271,0.82257423,3.329e-05,32.7135416,-16.50124883,27.47,841597.99153419
2023-06-24,12,BTC-230825-25000-C,BTCUSDT,C,230825-25000,6160.0,6200.0,6160.0,6200.0,0.27,0.27,6295.0,6790.0,0.09,1.5,,0.69512606,6532.0,0.61887145,0.82476617,3.3e-05,32.58674712,-16.31854647,27.47,843257.92816696
2023-06-24,7,BTC-230825-25000-C,BTCUSDT,C,230825-25000,5800.0,6200.0,5800.0,6200.0,0.28,0.28,2150.0,6560.0,3.79,3.12,,0.65767765,5878.0,0.42883883,0.88992977,3.482e-05,23.70079737,-8.1966292,27.47,839734.15505287
2023-06-24,16,BTC-230825-25000-C,BTCUSDT,C,230825-25000,6200.0,6200.0,6200.0,6200.0,0.0,0.0,6095.0,6575.0,0.09,1.5,,0.67836046,6325.0,0.60440183,0.82273787,3.43e-05,32.57686917,-15.97526616,27.47,837559.54231092
2023-06-24,6,BTC-230825-25000-C,BTCUSDT,C,230825-25000,5800.0,6200.0,5800.0,6200.0,0.28,0.28,6250.0,6745.0,0.09,1.5,,0.68053722,6486.0,0.60321808,0.82896665,3.327e-05,32.15283919,-15.6307618,27.47,843543.64333506
2023-06-24,14,BTC-230825-25000-C,BTCUSDT,C,230825-25000,6160.0,6200.0,6160.0,6200.0,0.27,0.27,6280.0,6775.0,0.09,1.5,,0.6934166,6517.0,0.61698675,0.82511469,3.31e-05,32.51389395,-16.2543995,27.47,842973.37217242
2023-06-24,1,BTC-230825-25000-C,BTCUSDT,C,230825-25000,5800.0,6200.0,5800.0,6200.0,0.28,0.28,6190.0,6675.0,0.09,1.5,,0.68083763,6422.0,0.60619831,0.82468411,3.368e-05,32.61899874,-15.88239218,27.47,840657.69645287
2023-06-24,22,BTC-230825-25000-C,BTCUSDT,C,230825-25000,6200.0,6200.0,6200.0,6200.0,0.0,0.0,6065.0,6515.0,0.09,1.5,,0.65954208,6280.0,0.58869839,0.82818875,3.458e-05,31.88446323,-15.29151001,27.47,838340.92193304
2023-06-24,21,BTC-230825-25000-C,BTCUSDT,C,230825-25000,6200.0,6200.0,6200.0,6200.0,0.0,0.0,6115.0,6595.0,0.09,1.5,,0.68417549,6345.0,0.61045051,0.82144874,3.417e-05,32.67578164,-16.23903149,27.47,838063.77680115
2023-06-24,3,BTC-230825-25000-C,BTCUSDT,C,230825-25000,5800.0,6200.0,5800.0,6200.0,0.28,0.28,6330.0,6835.0,0.09,1.5,,0.69856644,6572.0,0.62111139,0.82465252,3.277e-05,32.73285336,-16.35180512,27.47,844506.71134828
2023-06-24,17,BTC-230825-25000-C,BTCUSDT,C,230825-25000,6200.0,6200.0,6200.0,6200.0,0.0,0.0,6200.0,6690.0,0.09,1.5,,0.6932044,6435.0,0.61819911,0.8215553,3.36e-05,32.78831855,-16.45713576,27.47,840346.35268017
2023-06-24,0,BTC-230825-25000-C,BTCUSDT,C,230825-25000,5800.0,6200.0,5800.0,6200.0,0.28,0.28,6070.0,6575.0,0.09,1.5,,0.67909718,6312.0,0.60186386,0.82187616,3.439e-05,32.83241807,-15.86138507,27.47,837270.04171638
2023-06-24,2,BTC-230825-25000-C,BTCUSDT,C,230825-25000,5800.0,6200.0,5800.0,6200.0,0.28,0.28,6360.0,6865.0,0.09,1.5,,0.70090771,6602.0,0.62351465,0.82477156,3.259e-05,32.7574878,-16.41642584,27.47,844607.04627815
2023-06-24,23,BTC-230825-25000-C,BTCUSDT,C,230825-25000,6200.0,6200.0,6200.0,6200.0,0.0,0.0,6080.0,6560.0,0.09,1.5,,0.67061901,6309.0,0.59548616,0.82653062,3.44e-05,32.07962028,-15.57307045,27.47,838699.8250296
2023-06-24,4,BTC-230825-25000-C,BTCUSDT,C,230825-25000,5800.0,6200.0,5800.0,6200.0,0.28,0.28,6305.0,6800.0,0.09,1.5,,0.69526196,6542.0,0.61936021,0.82428029,3.294e-05,32.73589651,-16.31815526,27.47,843607.50051983
2023-06-24,10,BTC-230825-25000-C,BTCUSDT,C,230825-25000,6160.0,6200.0,6160.0,6200.0,0.27,0.27,6300.0,6795.0,0.09,1.5,,0.68694115,6537.0,0.60973883,0.82856713,3.297e-05,32.19782683,-15.86445372,27.47,844141.16715287
2023-06-25,8,BTC-230825-25000-C,BTCUSDT,C,230825-25000,6200.0,6200.0,6200.0,6200.0,0.0,0.0,6330.0,6840.0,0.09,1.5,,0.70521355,6574.0,0.62606812,0.82521614,3.275e-05,32.35467303,-16.61481229,27.47,844489.10941753
2023-06-25,11,BTC-230825-25000-C,BTCUSDT,C,230825-25000,6200.0,6200.0,6200.0,6200.0,0.0,0.0,6250.0,6740.0,0.09,1.5,,0.68191528,6484.0,0.60405254,0.83102156,3.328e-05,31.60928252,-15.69342236,27.47,843422.22593506
2023-06-25,13,BTC-230825-25000-C,BTCUSDT,C,230825-25000,6200.0,6200.0,6200.0,6200.0,0.0,0.0,6205.0,6695.0,0.09,1.5,,0.67881584,6439.0,0.60087562,0.8307349,3.356e-05,31.58024064,-15.61793657,27.47,841889.43314052
2023-06-25,15,BTC-230825-25000-C,BTCUSDT,C,230825-25000,6200.0,6200.0,6200.0,6200.0,0.0,0.0,6150.0,6635.0,0.09,1.5,,0.68288326,6382.0,0.60682297,0.8260793,3.393e-05,32.01681513,-16.0125289,27.47,840177.58726379
2023-06-25,20,BTC-230825-25000-C,BTCUSDT,C,230825-25000,6200.0,6200.0,6200.0,6200.0,0.0,0.0,5930.0,6390.0,0.09,1.5,,0.66213131,6150.0,0.58990479,0.82409556,3.546e-05,31.97035443,-15.59707356,27.47,834297.83676105
2023-06-25,19,BTC-230825-25000-C,BTCUSDT,C,230825-25000,6200.0,6200.0,6200.0,6200.0,0.0,0.0,5995.0,6465.0,0.09,1.5,,0.67101955,6220.0,0.59749007,0.82367626,3.499e-05,32.08705409,-15.84437405,27.47,835290.9610385
2023-06-25,9,BTC-230825-25000-C,BTCUSDT,C,230825-25000,6200.0,6200.0,6200.0,6200.0,0.0,0.0,6275.0,6700.0,0.09,1.5,,0.67738056,6479.0,0.61070681,0.82786862,3.332e-05,31.97391886,-16.02737578,27.47,842849.80849022
2023-06-25,5,BTC-230825-25000-C,BTCUSDT,C,230825-25000,6200.0,6200.0,6200.0,6200.0,0.0,0.0,6465.0,6980.0,0.09,1.5,,0.71721077,6712.0,0.63754082,0.82571974,3.195e-05,32.45374816,-16.93635897,27.47,847677.25950546
2023-06-25,18,BTC-230825-25000-C,BTCUSDT,C,230825-25000,6200.0,6200.0,6200.0,6200.0,0.0,0.0,6015.0,6485.0,0.09,1.5,,0.67069292,6240.0,0.59698701,0.82464773,3.486e-05,32.01254732,-15.78340363,27.47,836648.24166379
2023-06-25,12,BTC-230825-25000-C,BTCUSDT,C,230825-25000,6200.0,6200.0,6200.0,6200.0,0.0,0.0,6235.0,6725.0,0.09,1.5,,0.6886816,6469.0,0.61178684,0.82727621,3.338e-05,31.99674727,-16.10022091,27.47,842485.57138362
2023-06-25,7,BTC-230825-25000-C,BTCUSDT,C,230825-25000,6200.0,6200.0,6200.0,6200.0,0.0,0.0,2170.0,6735.0,5.01,3.84,,0.67714214,6033.0,0.43857107,0.89247751,3.358e-05,23.23496064,-8.35260628,27.47,843954.51604943
2023-06-25,16,BTC-230825-25000-C,BTCUSDT,C,230825-25000,6200.0,6200.0,6200.0,6200.0,0.0,0.0,6175.0,6660.0,0.09,1.5,,0.68903446,6407.0,0.6134367,0.82441935,3.378e-05,32.20551819,-16.29364371,27.47,840493.69149683
2023-06-25,6,BTC-230825-25000-C,BTCUSDT,C,230825-25000,6200.0,6200.0,6200.0,6200.0,0.0,0.0,6410.0,6920.0,0.09,1.5,,0.69580078,6653.0,0.61475039,0.83277307,3.226e-05,31.6143209,-15.91938207,27.47,848124.07263965
2023-06-25,14,BTC-230825-25000-C,BTCUSDT,C,230825-25000,6200.0,6200.0,6200.0,6200.0,0.0,0.0,6145.0,6585.0,0.09,1.5,,0.67525387,6356.0,0.60651541,0.82506622,3.41e-05,32.11399229,-16.04197178,27.47,839130.69348908
2023-06-25,1,BTC-230825-25000-C,BTCUSDT,C,230825-25000,6200.0,6200.0,6200.0,6200.0,0.0,0.0,6180.0,6665.0,0.09,1.5,,0.68523407,6412.0,0.60994148,0.82477281,3.374e-05,32.33760732,-16.10125771,27.47,840492.18215603
2023-06-25,22,BTC-230825-25000-C,BTCUSDT,C,230825-25000,6200.0,6200.0,6200.0,6200.0,0.0,0.0,6085.0,6565.0,0.09,1.5,,0.68358898,6315.0,0.60875416,0.8231097,3.437e-05,32.19682789,-16.2318419,27.47,837936.99218564
2023-06-25,21,BTC-230825-25000-C,BTCUSDT,C,230825-25000,6200.0,6200.0,6200.0,6200.0,0.0,0.0,6025.0,6495.0,0.09,1.5,,0.67530155,6250.0,0.60189486,0.82322971,3.479e-05,32.13850126,-16.00882334,27.47,836235.52151638
2023-06-25,3,BTC-230825-25000-C,BTCUSDT,C,230825-25000,6200.0,6200.0,6200.0,6200.0,0.0,0.0,6335.0,6835.0,0.09,1.5,,0.70001125,6574.0,0.62226295,0.82634512,3.275e-05,32.28822579,-16.42378445,27.47,844591.02311753
2023-06-25,17,BTC-230825-25000-C,BTCUSDT,C,230825-25000,6200.0,6200.0,6200.0,6200.0,0.0,0.0,6130.0,6570.0,0.09,1.5,,0.67814112,6342.0,0.60969472,0.82337179,3.42e-05,32.24794124,-16.2267334,27.47,838563.3927089
2023-06-25,0,BTC-230825-25000-C,BTCUSDT,C,230825-25000,6200.0,6200.0,6200.0,6200.0,0.0,0.0,6070.0,6510.0,0.09,1.5,,0.65980911,6281.0,0.59066534,0.82752453,3.458e-05,31.9357055,-15.38815293,27.47,838228.97715489
2023-06-25,2,BTC-230825-25000-C,BTCUSDT,C,230825-25000,6200.0,6200.0,6200.0,6200.0,0.0,0.0,6240.0,6730.0,0.09,1.5,,0.69888115,6475.0,0.62369704,0.82169816,3.335e-05,32.70860833,-16.66460865,27.47,841266.3048681
2023-06-25,23,BTC-230825-25000-C,BTCUSDT,C,230825-25000,6200.0,6200.0,6200.0,6200.0,0.0,0.0,6030.0,6505.0,0.09,1.5,,0.67507505,6257.0,0.60058355,0.82427384,3.474e-05,32.01230708,-15.9332001,27.47,836967.20760661
2023-06-25,4,BTC-230825-25000-C,BTCUSDT,C,230825-25000,6200.0,6200.0,6200.0,6200.0,0.0,0.0,6435.0,6950.0,0.09,1.5,,0.70088387,6680.0,0.61946392,0.83172709,3.211e-05,31.77715624,-16.10208431,27.47,848157.52566581
2023-06-25,10,BTC-230825-25000-C,BTCUSDT,C,230825-25000,6200.0,6200.0,6200.0,6200.0,0.0,0.0,6225.0,6720.0,0.09,1.5,,0.69796562,6462.0,0.62149763,0.8227812,3.343e-05,32.49402151,-16.58723084,27.47,841173.28118449
2023-06-26,8,BTC-230825-25000-C,BTCUSDT,C,230825-25000,6200.0,6200.0,6200.0,6200.0,0.0,0.0,5900.0,6370.0,0.09,1.5,,0.65140247,6124.0,0.57556391,0.83041859,3.562e-05,31.13597984,-14.94433031,27.47,835397.94310431
2023-06-26,11,BTC-230825-25000-C,BTCUSDT,C,230825-25000,6200.0,6200.0,6200.0,6200.0,0.0,0.0,5920.0,6380.0,0.09,1.5,,0.6742239,6141.0,0.60271263,0.81946027,3.553e-05,32.27795493,-16.25709809,27.47,833228.38061638
2023-06-26,13,BTC-230825-25000-C,BTCUSDT,C,230825-25000,6200.0,6200.0,6200.0,6200.0,0.0,0.0,6180.0,6605.0,0.09,1.5,,0.66523552,6383.0,0.59661627,0.83245222,3.389e-05,31.08255382,-15.51828759,27.47,840136.56036581
2023-06-26,15,BTC-230825-25000-C,BTCUSDT,C,230825-25000,6200.0,6200.0,6200.0,6200.0,0.0,0.0,5940.0,6405.0,0.09,1.5,,0.66017628,6162.0,0.58565259,0.82818166,3.537e-05,31.33567039,-15.37861421,27.47,835648.09518793
2023-06-26,20,BTC-230825-25000-C,BTCUSDT,C,230825-25000,6200.0,6200.0,6200.0,6200.0,0.0,0.0,5725.0,6165.0,0.09,1.5,,0.6517458,5936.0,0.58259845,0.82009805,3.699e-05,31.9318971,-15.64412339,27.47,829012.95214511
2023-06-26,19,BTC-230825-25000-C,BTCUSDT,C,230825-25000,6200.0,6200.0,6200.0,6200.0,0.0,0.0,5850.0,6245.0,0.09,1.5,,0.65411806,6041.0,0.5922401,0.82036128,3.623e-05,32.0076031,-15.92956489,27.47,832441.45265833
2023-06-26,9,BTC-230825-25000-C,BTCUSDT,C,230825-25000,6200.0,6200.0,6200.0,6200.0,0.0,0.0,5900.0,6365.0,0.09,1.5,,0.68272114,6124.0,0.61151266,0.81476287,3.562e-05,32.76015603,-16.71759081,27.47,831805.93269885
2023-06-26,5,BTC-230825-25000-C,BTCUSDT,C,230825-25000,6200.0,6200.0,6200.0,6200.0,0.0,0.0,5865.0,6315.0,0.09,1.5,,0.67930222,6082.0,0.61082482,0.81285664,3.59e-05,32.95774874,-16.75290472,27.47,830031.89594943
2023-06-26,18,BTC-230825-25000-C,BTCUSDT,C,230825-25000,6200.0,6200.0,6200.0,6200.0,0.0,0.0,5805.0,6250.0,0.09,1.5,,0.66396952,6019.0,0.59466481,0.81824865,3.638e-05,32.2154135,-16.08736383,27.47,829968.9926681
2023-06-26,12,BTC-230825-25000-C,BTCUSDT,C,230825-25000,6200.0,6200.0,6200.0,6200.0,0.0,0.0,5895.0,6355.0,0.09,1.5,,0.65942287,6115.0,0.58634758,0.82558505,3.57e-05,31.60533543,-15.49689897,27.47,833749.47444167
2023-06-26,7,BTC-230825-25000-C,BTCUSDT,C,230825-25000,6200.0,6200.0,6200.0,6200.0,0.0,0.0,2155.0,6640.0,2.66,4.31,,0.73015213,5804.0,0.46507607,0.87114383,3.668e-05,25.91657198,-10.04431249,27.47,835055.98386581
2023-06-26,16,BTC-230825-25000-C,BTCUSDT,C,230825-25000,6200.0,6200.0,6200.0,6200.0,0.0,0.0,5575.0,6035.0,0.09,1.5,,0.62816858,5794.0,0.5540669,0.826446,3.805e-05,31.18966423,-14.49153636,27.47,826404.69375718
2023-06-26,6,BTC-230825-25000-C,BTCUSDT,C,230825-25000,6200.0,6200.0,6200.0,6200.0,0.0,0.0,6040.0,6520.0,0.09,1.5,,0.6782937,6270.0,0.60280681,0.8244621,3.466e-05,31.92565808,-16.02637081,27.47,836744.45005604
2023-06-26,14,BTC-230825-25000-C,BTCUSDT,C,230825-25000,6200.0,6200.0,6200.0,6200.0,0.0,0.0,5890.0,6345.0,0.09,1.5,,0.64901829,6107.0,0.57546854,0.83028077,3.574e-05,31.07144768,-14.97331794,27.47,834682.66656581
2023-06-26,1,BTC-230825-25000-C,BTCUSDT,C,230825-25000,6200.0,6200.0,6200.0,6200.0,0.0,0.0,5775.0,6255.0,0.09,1.5,,0.67124844,6006.0,0.59767723,0.81478511,3.646e-05,32.74416448,-16.24102721,27.47,828495.85505374
2023-06-26,22,BTC-230825-25000-C,BTCUSDT,C,230825-25000,6200.0,6200.0,6200.0,6200.0,0.0,0.0,5795.0,6240.0,0.09,1.5,,0.65876484,6009.0,0.5887723,0.82075865,3.646e-05,31.90525307,-15.81888461,27.47,830309.95574167
2023-06-26,21,BTC-230825-25000-C,BTCUSDT,C,230825-25000,6200.0,6200.0,6200.0,6200.0,0.0,0.0,5700.0,6080.0,0.09,1.5,,0.62679529,5883.0,0.56595445,0.82537539,3.738e-05,31.32572462,-14.91915542,27.47,828494.15855489
2023-06-26,3,BTC-230825-25000-C,BTCUSDT,C,230825-25000,6200.0,6200.0,6200.0,6200.0,0.0,0.0,5895.0,6355.0,0.09,1.5,,0.67150116,6116.0,0.60031414,0.81869087,3.57e-05,32.42460431,-16.17585433,27.47,832575.32211868
2023-06-26,17,BTC-230825-25000-C,BTCUSDT,C,230825-25000,6200.0,6200.0,6200.0,6200.0,0.0,0.0,5635.0,6005.0,0.09,1.5,,0.62154531,5813.0,0.56268334,0.8233566,3.791e-05,31.52049493,-14.88340199,27.47,827011.98904626
2023-06-26,0,BTC-230825-25000-C,BTCUSDT,C,230825-25000,6200.0,6200.0,6200.0,6200.0,0.0,0.0,6005.0,6475.0,0.09,1.5,,0.68194389,6231.0,0.60932398,0.81949472,3.492e-05,32.47689864,-16.41101215,27.47,835639.43760978
2023-06-26,2,BTC-230825-25000-C,BTCUSDT,C,230825-25000,6200.0,6200.0,6200.0,6200.0,0.0,0.0,5840.0,6225.0,0.09,1.5,,0.6505537,6026.0,0.59089065,0.81876807,3.633e-05,32.34841398,-15.87352655,27.47,830233.9815704
2023-06-26,23,BTC-230825-25000-C,BTCUSDT,C,230825-25000,6200.0,6200.0,6200.0,6200.0,0.0,0.0,5835.0,6285.0,0.09,1.5,,0.66261053,6051.0,0.59173465,0.82140931,3.616e-05,31.86411848,-15.88912858,27.47,831401.58033621
2023-06-26,4,BTC-230825-25000-C,BTCUSDT,C,230825-25000,6200.0,6200.0,6200.0,6200.0,0.0,0.0,5875.0,6335.0,0.09,1.5,,0.67792892,6097.0,0.60755134,0.81480429,3.581e-05,32.78871601,-16.56617413,27.47,830850.48987471
2023-06-26,10,BTC-230825-25000-C,BTCUSDT,C,230825-25000,6200.0,6200.0,6200.0,6200.0,0.0,0.0,5805.0,6255.0,0.09,1.5,,0.65127611,6020.0,0.58001637,0.82410173,3.637e-05,31.70142653,-15.35477489,27.47,831269.26247815
2023-06-27,8,BTC-230825-25000-C,BTCUSDT,C,230825-25000,6200.0,6200.0,6200.0,6200.0,0.0,0.0,5930.0,6390.0,0.09,1.5,,0.66539288,6150.0,0.59162378,0.82658417,3.546e-05,31.30891088,-15.70862982,27.47,834943.43346948
2023-06-27,11,BTC-230825-25000-C,BTCUSDT,C,230825-25000,6200.0,6200.0,6200.0,6200.0,0.0,0.0,6230.0,6725.0,0.09,1.5,,0.68475246,6465.0,0.60361385,0.83473752,3.336e-05,30.65985597,-15.7280823,27.47,844271.90290237
2023-06-27,13,BTC-230825-25000-C,BTCUSDT,C,230825-25000,6200.0,6200.0,6200.0,6200.0,0.0,0.0,6120.0,6600.0,0.09,1.5,,0.67846298,6349.0,0.60039639,0.83157418,3.412e-05,30.88774627,-15.78288328,27.47,840699.51666
2023-06-27,15,BTC-230825-25000-C,BTCUSDT,C,230825-25000,6200.0,6200.0,6200.0,6200.0,0.0,0.0,6055.0,6530.0,0.09,1.5,,0.6836462,6282.0,0.60774446,0.82587144,3.458e-05,31.42071667,-16.27479764,27.47,838332.37505185
2023-06-27,20,BTC-230825-25000-C,BTCUSDT,C,230825-25000,6200.0,6200.0,6200.0,6200.0,0.0,0.0,6165.0,6650.0,0.09,1.5,,0.68437815,6396.0,0.60526133,0.83207186,3.382e-05,30.79696345,-15.94315658,27.47,841951.51846579
2023-06-27,19,BTC-230825-25000-C,BTCUSDT,C,230825-25000,6200.0,6200.0,6200.0,6200.0,0.0,0.0,6205.0,6690.0,0.09,1.5,,0.69576502,6437.0,0.61781287,0.8283721,3.358e-05,31.24303576,-16.49773148,27.47,842759.23341895
2023-06-27,9,BTC-230825-25000-C,BTCUSDT,C,230825-25000,6200.0,6200.0,6200.0,6200.0,0.0,0.0,5930.0,6390.0,0.09,1.5,,0.66996098,6150.0,0.5967021,0.82447204,3.546e-05,31.52068087,-15.9619118,27.47,834218.39675289
2023-06-27,5,BTC-230825-25000-C,BTCUSDT,C,230825-25000,6200.0,6200.0,6200.0,6200.0,0.0,0.0,5865.0,6315.0,0.09,1.5,,0.66076756,6081.0,0.58907986,0.82442884,3.595e-05,31.50918278,-15.7078318,27.47,832753.27622342
2023-06-27,18,BTC-230825-25000-C,BTCUSDT,C,230825-25000,6200.0,6200.0,6200.0,6200.0,0.0,0.0,6235.0,6730.0,0.09,1.5,,0.69887161,6471.0,0.61920166,0.82909914,3.337e-05,31.20562824,-16.50326519,27.47,843207.39515763
2023-06-27,12,BTC-230825-25000-C,BTCUSDT,C,230825-25000,6200.0,6200.0,6200.0,6200.0,0.0,0.0,6230.0,6720.0,0.09,1.5,,0.6878233,6463.0,0.60802937,0.83289024,3.339e-05,30.85205957,-15.95375295,27.47,843689.89116474
2023-06-27,7,BTC-230825-25000-C,BTCUSDT,C,230825-25000,6200.0,6200.0,6200.0,6200.0,0.0,0.0,5780.0,6395.0,2.01,2.57,,0.66324472,6065.0,0.56007028,0.83707666,3.595e-05,30.10111497,-14.287062,27.47,835350.28356
2023-06-27,16,BTC-230825-25000-C,BTCUSDT,C,230825-25000,6200.0,6200.0,6200.0,6200.0,0.0,0.0,6220.0,6705.0,0.09,1.5,,0.68380594,6451.0,0.60426831,0.83433507,3.346e-05,30.63796537,-15.78980326,27.47,842934.55019052
2023-06-27,6,BTC-230825-25000-C,BTCUSDT,C,230825-25000,6200.0,6200.0,6200.0,6200.0,0.0,0.0,5805.0,6255.0,0.09,1.5,,0.64227104,6019.0,0.56874633,0.83099302,3.635e-05,30.74472662,-14.80814139,27.47,832848.08327289
2023-06-27,14,BTC-230825-25000-C,BTCUSDT,C,230825-25000,6200.0,6200.0,6200.0,6200.0,0.0,0.0,6305.0,6800.0,0.09,1.5,,0.6891799,6540.0,0.60766578,0.83627112,3.289e-05,30.51916714,-15.79456332,27.47,846156.61960237
2023-06-27,1,BTC-230825-25000-C,BTCUSDT,C,230825-25000,6200.0,6200.0,6200.0,6200.0,0.0,0.0,5925.0,6390.0,0.09,1.5,,0.66885471,6148.0,0.59502363,0.82435513,3.548e-05,31.61965271,-15.87716196,27.47,834383.12583736
2023-06-27,22,BTC-230825-25000-C,BTCUSDT,C,230825-25000,6200.0,6200.0,6200.0,6200.0,0.0,0.0,6130.0,6640.0,0.09,1.5,,0.69699287,6373.0,0.61508417,0.82719099,3.399e-05,31.28110602,-16.48009367,27.47,840480.29636474
2023-06-27,21,BTC-230825-25000-C,BTCUSDT,C,230825-25000,6200.0,6200.0,6200.0,6200.0,0.0,0.0,6215.0,6640.0,0.09,1.5,,0.6651783,6418.0,0.59449553,0.83763695,3.363e-05,30.18664715,-15.3601912,27.47,843696.86854474
2023-06-27,3,BTC-230825-25000-C,BTCUSDT,C,230825-25000,6200.0,6200.0,6200.0,6200.0,0.0,0.0,5965.0,6435.0,0.09,1.5,,0.68332195,6191.0,0.60980558,0.82001609,3.519e-05,32.08422452,-16.53391728,27.47,834285.48495658
2023-06-27,17,BTC-230825-25000-C,BTCUSDT,C,230825-25000,6200.0,6200.0,6200.0,6200.0,0.0,0.0,6270.0,6740.0,0.09,1.5,,0.69052219,6494.0,0.61419487,0.83201119,3.321e-05,30.92032186,-16.20861961,27.47,844836.08499421
2023-06-27,0,BTC-230825-25000-C,BTCUSDT,C,230825-25000,6200.0,6200.0,6200.0,6200.0,0.0,0.0,5910.0,6365.0,0.09,1.5,,0.66586018,6128.0,0.59370279,0.82399713,3.562e-05,31.65127359,-15.84661633,27.47,834049.52532758
2023-06-27,2,BTC-230825-25000-C,BTCUSDT,C,230825-25000,6200.0,6200.0,6200.0,6200.0,0.0,0.0,6010.0,6475.0,0.09,1.5,,0.66799641,6232.0,0.59316158,0.82885186,3.49e-05,31.20353982,-15.63017941,27.47,837382.89209885
2023-06-27,23,BTC-230825-25000-C,BTCUSDT,C,230825-25000,6200.0,6200.0,6200.0,6200.0,0.0,0.0,6205.0,6645.0,0.09,1.5,,0.67334175,6415.0,0.60081005,0.83500832,3.367e-05,30.45687058,-15.68467743,27.47,842829.85717289
2023-06-27,4,BTC-230825-25000-C,BTCUSDT,C,230825-25000,6200.0,6200.0,6200.0,6200.0,0.0,0.0,5940.0,6400.0,0.09,1.5,,0.67775249,6161.0,0.60557723,0.82063451,3.539e-05,31.98365615,-16.37934048,27.47,834082.29744579
2023-06-27,10,BTC-230825-25000-C,BTCUSDT,C,230825-25000,6200.0,6200.0,6200.0,6200.0,0.0,0.0,6155.0,6640.0,0.09,1.5,,0.67749977,6385.0,0.59814215,0.83377376,3.387e-05,30.71012064,-15.60001179,27.47,842081.87815895
2023-06-28,8,BTC-230825-25000-C,BTCUSDT,C,230825-25000,6200.0,6200.0,6200.0,6200.0,0.0,0.0,5745.0,6190.0,0.09,1.5,,0.63975811,5957.0,0.56599379,0.83191681,3.679e-05,30.30826222,-14.79880775,27.47,831711.50532845
2023-06-28,11,BTC-230825-25000-C,BTCUSDT,C,230825-25000,6200.0,6200.0,6200.0,6200.0,0.0,0.0,5705.0,0.0,5.99,0.0,,-1e-08,6036.0,0.5827466,0.82808677,3.625e-05,30.7528362,-15.49375261,27.47,832907.56724052
2023-06-28,13,BTC-230825-25000-C,BTCUSDT,C,230825-25000,6200.0,6200.0,6200.0,6200.0,0.0,0.0,5720.0,6165.0,0.09,1.5,,0.65203667,5933.0,0.57988644,0.82498705,3.701e-05,30.96670984,-15.54733456,27.47,829451.46692414
2023-06-28,15,BTC-230825-25000-C,BTCUSDT,C,230825-25000,6200.0,6200.0,6200.0,6200.0,0.0,0.0,5940.0,6405.0,0.09,1.5,,0.6733942,6162.0,0.59782982,0.82727273,3.537e-05,30.90212007,-16.01809693,27.47,835327.93082845
2023-06-28,20,BTC-230825-25000-C,BTCUSDT,C,230825-25000,6200.0,6200.0,6200.0,6200.0,0.0,0.0,5660.0,6095.0,0.09,1.5,,0.65507889,5869.0,0.5853653,0.82028485,3.749e-05,31.31316921,-15.95037464,27.47,826855.4040089
2023-06-28,19,BTC-230825-25000-C,BTCUSDT,C,230825-25000,6200.0,6200.0,6200.0,6200.0,0.0,0.0,5620.0,5980.0,0.09,1.5,,0.62214851,5793.0,0.56310654,0.82691924,3.805e-05,30.57863971,-14.97306821,27.47,827240.02023304
2023-06-28,9,BTC-230825-25000-C,BTCUSDT,C,230825-25000,6200.0,6200.0,6200.0,6200.0,0.0,0.0,5705.0,0.0,5.99,0.0,,-1e-08,6035.0,0.58382664,0.82735451,3.626e-05,30.85113354,-15.54967765,27.47,832618.09985172
2023-06-28,5,BTC-230825-25000-C,BTCUSDT,C,230825-25000,6200.0,6200.0,6200.0,6200.0,0.0,0.0,5965.0,6425.0,0.09,1.5,,0.66710949,6184.0,0.59200764,0.82982629,3.521e-05,30.7607666,-15.67627413,27.47,836564.31429873
2023-06-28,18,BTC-230825-25000-C,BTCUSDT,C,230825-25000,6200.0,6200.0,6200.0,6200.0,0.0,0.0,5730.0,6170.0,0.09,1.5,,0.6552434,5941.0,0.58405519,0.82393786,3.695e-05,31.02592067,-15.74584753,27.47,829439.46162845
2023-06-28,12,BTC-230825-25000-C,BTCUSDT,C,230825-25000,6200.0,6200.0,6200.0,6200.0,0.0,0.0,5705.0,0.0,5.99,0.0,,-1e-08,5967.0,0.6154624,0.81079853,3.671e-05,32.42028228,-17.26326809,27.47,826893.89823304
2023-06-28,7,BTC-230825-25000-C,BTCUSDT,C,230825-25000,6200.0,6200.0,6200.0,6200.0,0.0,0.0,5680.0,6340.0,2.99,3.63,,0.70537567,5992.0,0.60087204,0.81774477,3.658e-05,31.82220424,-16.48368013,27.47,829190.31057526
2023-06-28,16,BTC-230825-25000-C,BTCUSDT,C,230825-25000,6200.0,6200.0,6200.0,6200.0,0.0,0.0,5820.0,6270.0,0.09,1.5,,0.66959381,6036.0,0.59749484,0.82202764,3.627e-05,31.32607803,-16.24049131,27.47,832031.60931436
2023-06-28,6,BTC-230825-25000-C,BTCUSDT,C,230825-25000,6200.0,6200.0,6200.0,6200.0,0.0,0.0,5925.0,6385.0,0.09,1.5,,0.67360163,6145.0,0.5996716,0.82490723,3.55e-05,31.23608308,-16.13615643,27.47,834465.54370889
2023-06-28,14,BTC-230825-25000-C,BTCUSDT,C,230825-25000,6200.0,6200.0,6200.0,6200.0,0.0,0.0,5855.0,6315.0,0.09,1.5,,0.6698513,6075.0,0.59569597,0.82435068,3.599e-05,31.14382803,-16.07415094,27.47,833659.29435604
2023-06-28,1,BTC-230825-25000-C,BTCUSDT,C,230825-25000,6200.0,6200.0,6200.0,6200.0,0.0,0.0,5995.0,6460.0,0.09,1.5,,0.66576481,6216.0,0.58943987,0.83192925,3.498e-05,30.60483477,-15.48472636,27.47,837718.91501185
2023-06-28,22,BTC-230825-25000-C,BTCUSDT,C,230825-25000,6200.0,6200.0,6200.0,6200.0,0.0,0.0,5635.0,6030.0,0.09,1.5,,0.63599825,5825.0,0.57166696,0.82468396,3.782e-05,30.80437555,-15.34626584,27.47,827022.47292643
2023-06-28,21,BTC-230825-25000-C,BTCUSDT,C,230825-25000,6200.0,6200.0,6200.0,6200.0,0.0,0.0,5655.0,6090.0,0.09,1.5,,0.64690113,5863.0,0.57621002,0.82426854,3.753e-05,30.89152659,-15.50072885,27.47,827867.4833319
2023-06-28,3,BTC-230825-25000-C,BTCUSDT,C,230825-25000,6200.0,6200.0,6200.0,6200.0,0.0,0.0,5960.0,6420.0,0.09,1.5,,0.66506863,6179.0,0.58986306,0.83036329,3.524e-05,30.7207267,-15.57680657,27.47,836600.12008342
2023-06-28,17,BTC-230825-25000-C,BTCUSDT,C,230825-25000,6200.0,6200.0,6200.0,6200.0,0.0,0.0,5680.0,6115.0,0.09,1.5,,0.64907551,5888.0,0.57862163,0.82393145,3.734e-05,30.99268175,-15.57137392,27.47,828304.56121868
2023-06-28,0,BTC-230825-25000-C,BTCUSDT,C,230825-25000,6200.0,6200.0,6200.0,6200.0,0.0,0.0,6100.0,6575.0,0.09,1.5,,0.67187309,6326.0,0.59338331,0.83465761,3.424e-05,30.40928379,-15.47764799,27.47,840977.72958815
2023-06-28,2,BTC-230825-25000-C,BTCUSDT,C,230825-25000,6200.0,6200.0,6200.0,6200.0,0.0,0.0,5910.0,6365.0,0.09,1.5,,0.6563139,6127.0,0.58147192,0.83173739,3.559e-05,30.53822795,-15.25307245,27.47,835423.60906948
2023-06-28,23,BTC-230825-25000-C,BTCUSDT,C,230825-25000,6200.0,6200.0,6200.0,6200.0,0.0,0.0,5610.0,6040.0,0.09,1.5,,0.64607382,5816.0,0.57655692,0.82214535,3.789e-05,31.04560851,-15.61007864,27.47,826307.70654511
2023-06-28,4,BTC-230825-25000-C,BTCUSDT,C,230825-25000,6200.0,6200.0,6200.0,6200.0,0.0,0.0,5985.0,6450.0,0.09,1.5,,0.6675148,6207.0,0.59135675,0.83095366,3.505e-05,30.66929121,-15.60128077,27.47,837255.39915895
2023-06-28,10,BTC-230825-25000-C,BTCUSDT,C,230825-25000,6200.0,6200.0,6200.0,6200.0,0.0,0.0,5705.0,0.0,5.99,0.0,,-1e-08,6044.0,0.57818089,0.83038866,3.618e-05,30.52548642,-15.24773152,27.47,833257.71918017
2023-06-29,8,BTC-230825-25000-C,BTCUSDT,C,230825-25000,6200.0,6200.0,6200.0,6200.0,0.0,0.0,5835.0,6435.0,0.09,1.5,,0.69335938,6117.0,0.59441328,0.82843992,3.568e-05,30.55115368,-15.94148453,27.47,834561.17671753
2023-06-29,11,BTC-230825-25000-C,BTCUSDT,C,230825-25000,6200.0,6200.0,6200.0,6200.0,0.0,0.0,6125.0,6745.0,0.09,1.5,,0.71834564,6416.0,0.6154561,0.83222475,3.369e-05,30.36641672,-16.44210504,27.47,842400.7464385
2023-06-29,13,BTC-230825-25000-C,BTCUSDT,C,230825-25000,6200.0,6200.0,6200.0,6200.0,0.0,0.0,5975.0,6535.0,0.09,4.8,,0.68291187,6237.0,0.58788538,0.83685797,3.479e-05,29.68934756,-15.37791172,27.47,838414.88264397
2023-06-29,15,BTC-230825-25000-C,BTCUSDT,C,230825-25000,6200.0,6200.0,6200.0,6200.0,0.0,0.0,2155.0,6375.0,3.6,2.26,,0.65356493,5749.0,0.42678246,0.89656943,3.509e-05,21.59922722,-8.13367902,27.47,837245.6990704
2023-06-29,20,BTC-230825-25000-C,BTCUSDT,C,230825-25000,6200.0,6200.0,6200.0,6200.0,0.0,0.0,5840.0,6435.0,0.09,1.5,,0.69235802,6119.0,0.59318066,0.83021948,3.565e-05,30.23112881,-15.881196,27.47,835331.63475057
2023-06-29,19,BTC-230825-25000-C,BTCUSDT,C,230825-25000,6200.0,6200.0,6200.0,6200.0,0.0,0.0,6045.0,6665.0,0.09,1.5,,0.71383715,6336.0,0.6105721,0.83175357,3.42e-05,30.26068866,-16.35073312,27.47,840681.01878449
2023-06-29,9,BTC-230825-25000-C,BTCUSDT,C,230825-25000,6200.0,6200.0,6200.0,6200.0,0.0,0.0,5865.0,6470.0,0.09,1.5,,0.69178581,6149.0,0.59098244,0.83138024,3.544e-05,30.2543344,-15.70697801,27.47,836287.8896
2023-06-29,5,BTC-230825-25000-C,BTCUSDT,C,230825-25000,6200.0,6200.0,6200.0,6200.0,0.0,0.0,5670.0,6105.0,0.09,1.5,,0.64144611,5877.0,0.56945562,0.8287745,3.74e-05,30.34540661,-15.13608082,27.47,829168.74930661
2023-06-29,18,BTC-230825-25000-C,BTCUSDT,C,230825-25000,6200.0,6200.0,6200.0,6200.0,0.0,0.0,6060.0,6630.0,0.09,1.5,,0.71031094,6330.0,0.6164813,0.82892126,3.426e-05,30.56772804,-16.6641966,27.47,839790.14555374
2023-06-29,12,BTC-230825-25000-C,BTCUSDT,C,230825-25000,6200.0,6200.0,6200.0,6200.0,0.0,0.0,6070.0,6690.0,0.09,1.5,,0.71245193,6361.0,0.60916662,0.83270021,3.403e-05,30.25750001,-16.22760556,27.47,841386.42423506
2023-06-29,7,BTC-230825-25000-C,BTCUSDT,C,230825-25000,6200.0,6200.0,6200.0,6200.0,0.0,0.0,5630.0,6270.0,2.96,5.53,,0.65331936,5921.0,0.53988218,0.84479615,3.684e-05,28.59649943,-13.54275211,27.47,833422.70218908
2023-06-29,16,BTC-230825-25000-C,BTCUSDT,C,230825-25000,6200.0,6200.0,6200.0,6200.0,0.0,0.0,5990.0,6595.0,0.09,1.5,,0.71524143,6276.0,0.61631918,0.8265555,3.462e-05,30.79261933,-16.75768477,27.47,837911.38471207
2023-06-29,6,BTC-230825-25000-C,BTCUSDT,C,230825-25000,6200.0,6200.0,6200.0,6200.0,0.0,0.0,5700.0,6190.0,0.09,1.5,,0.65445423,5932.0,0.57311058,0.82965536,3.699e-05,30.28799261,-15.21551395,27.47,830657.37879339
2023-06-29,14,BTC-230825-25000-C,BTCUSDT,C,230825-25000,6200.0,6200.0,6200.0,6200.0,0.0,0.0,5875.0,6480.0,0.09,1.5,,0.6912756,6158.0,0.58978319,0.83278742,3.536e-05,30.05593802,-15.6295225,27.47,836679.74462185
2023-06-29,1,BTC-230825-25000-C,BTCUSDT,C,230825-25000,6200.0,6200.0,6200.0,6200.0,0.0,0.0,5675.0,6110.0,0.09,1.5,,0.64567566,5883.0,0.57440877,0.82636645,3.737e-05,30.6465896,-15.37437791,27.47,828703.47693621
2023-06-29,22,BTC-230825-25000-C,BTCUSDT,C,230825-25000,6200.0,6200.0,6200.0,6200.0,0.0,0.0,5865.0,6460.0,0.09,1.5,,0.69879532,6145.0,0.60026884,0.82843055,3.548e-05,30.41884869,-16.19466367,27.47,835019.39744828
2023-06-29,21,BTC-230825-25000-C,BTCUSDT,C,230825-25000,6200.0,6200.0,6200.0,6200.0,0.0,0.0,5865.0,6460.0,0.09,1.5,,0.69606304,6145.0,0.5971241,0.82968015,3.548e-05,30.29829097,-16.03412349,27.47,835571.20937471
2023-06-29,3,BTC-230825-25000-C,BTCUSDT,C,230825-25000,6200.0,6200.0,6200.0,6200.0,0.0,0.0,5700.0,6135.0,0.09,1.5,,0.65252304,5908.0,0.5817461,0.82437438,3.719e-05,30.85200363,-15.69798472,27.47,828755.77559022
2023-06-29,17,BTC-230825-25000-C,BTCUSDT,C,230825-25000,6200.0,6200.0,6200.0,6200.0,0.0,0.0,6020.0,6630.0,0.09,1.5,,0.71601391,6308.0,0.6157279,0.82822622,3.44e-05,30.63354443,-16.66738513,27.47,838928.82521322
2023-06-29,0,BTC-230825-25000-C,BTCUSDT,C,230825-25000,6200.0,6200.0,6200.0,6200.0,0.0,0.0,5615.0,6045.0,0.09,1.5,,0.64795256,5821.0,0.57855487,0.82156439,3.785e-05,31.0976098,-15.70182102,27.47,826040.94265833
2023-06-29,2,BTC-230825-25000-C,BTCUSDT,C,230825-25000,6200.0,6200.0,6200.0,6200.0,0.0,0.0,5650.0,6085.0,0.09,1.5,,0.65041065,5858.0,0.57992339,0.82283976,3.757e-05,30.97753666,-15.70102941,27.47,827357.47108564
2023-06-29,23,BTC-230825-25000-C,BTCUSDT,C,230825-25000,6200.0,6200.0,6200.0,6200.0,0.0,0.0,5900.0,6500.0,0.09,1.5,,0.70128918,6182.0,0.6016016,0.82953006,3.523e-05,30.32322154,-16.19156349,27.47,836376.56940115
2023-06-29,4,BTC-230825-25000-C,BTCUSDT,C,230825-25000,6200.0,6200.0,6200.0,6200.0,0.0,0.0,5720.0,6160.0,0.09,1.5,,0.64861298,5930.0,0.57613134,0.82798696,3.701e-05,30.48409213,-15.37228657,27.47,830201.18963506
2023-06-29,10,BTC-230825-25000-C,BTCUSDT,C,230825-25000,6200.0,6200.0,6200.0,6200.0,0.0,0.0,6185.0,6815.0,0.09,1.5,,0.7316494,6482.0,0.62838078,0.82945278,3.33e-05,30.72954671,-16.97569447,27.47,843186.32806494
2023-06-30,8,BTC-230825-25000-C,BTCUSDT,C,230825-25000,6200.0,6200.0,6200.0,6200.0,0.0,0.0,6315.0,6805.0,0.09,1.5,,0.69543839,6546.0,0.61123371,0.84113981,3.279e-05,29.25966823,-15.98018636,27.47,848025.89304828
2023-06-30,11,BTC-230825-25000-C,BTCUSDT,C,230825-25000,6200.0,6200.0,6200.0,6200.0,0.0,0.0,6385.0,6880.0,0.09,1.5,,0.70523262,6619.0,0.62048912,0.84042836,3.238e-05,29.36631634,-16.31773972,27.47,849704.46098247
2023-06-30,13,BTC-230825-25000-C,BTCUSDT,C,230825-25000,6200.0,6200.0,6200.0,6200.0,0.0,0.0,5675.0,6110.0,0.09,1.5,,0.66658497,5884.0,0.5958426,0.82027417,3.738e-05,30.85801818,-16.49015064,27.47,824170.31350474
2023-06-30,15,BTC-230825-25000-C,BTCUSDT,C,230825-25000,6200.0,6200.0,6200.0,6200.0,0.0,0.0,5625.0,6055.0,0.09,1.5,,0.66348076,5832.0,0.59368491,0.81903133,3.777e-05,30.91311278,-16.48441151,27.47,825812.89346579
2023-06-30,20,BTC-230825-25000-C,BTCUSDT,C,230825-25000,6200.0,6200.0,6200.0,6200.0,0.0,0.0,5875.0,30575.0,0.09,1.5,,9.9999994,6974.0,0.85643349,0.77412764,2.962e-05,35.61423231,-27.49921695,27.47,834927.87252237
2023-06-30,19,BTC-230825-25000-C,BTCUSDT,C,230825-25000,6200.0,6200.0,6200.0,6200.0,0.0,0.0,5905.0,6355.0,0.09,1.5,,0.67881823,6120.0,0.60408592,0.82773675,3.566e-05,30.23280919,-16.4533429,27.47,836307.14768579
2023-06-30,9,BTC-230825-25000-C,BTCUSDT,C,230825-25000,6200.0,6200.0,6200.0,6200.0,0.0,0.0,6245.0,6730.0,0.09,1.5,,0.69402218,6475.0,0.6113863,0.83834758,3.326e-05,29.50207946,-16.12860779,27.47,845266.50739885
2023-06-30,5,BTC-230825-25000-C,BTCUSDT,C,230825-25000,6200.0,6200.0,6200.0,6200.0,0.0,0.0,6085.0,6710.0,0.09,4.06,,0.69592476,6373.0,0.58603764,0.84470519,3.379e-05,28.74476511,-15.01828592,27.47,844103.80795287
2023-06-30,18,BTC-230825-25000-C,BTCUSDT,C,230825-25000,6200.0,6200.0,6200.0,6200.0,0.0,0.0,5880.0,6335.0,0.09,1.5,,0.67844868,6097.0,0.60302019,0.82711929,3.582e-05,30.28897058,-16.44248194,27.47,833239.08478948
2023-06-30,12,BTC-230825-25000-C,BTCUSDT,C,230825-25000,6200.0,6200.0,6200.0,6200.0,0.0,0.0,6490.0,7005.0,0.09,1.5,,0.71954727,6733.0,0.63162327,0.84038675,3.172e-05,29.45330897,-16.67219544,27.47,851620.88736711
2023-06-30,7,BTC-230825-25000-C,BTCUSDT,C,230825-25000,6200.0,6200.0,6200.0,6200.0,0.0,0.0,5975.0,6610.0,5.71,2.68,,0.65657139,6255.0,0.53380251,0.86375627,3.396e-05,26.33088189,-12.54954279,27.47,845851.84178132
2023-06-30,16,BTC-230825-25000-C,BTCUSDT,C,230825-25000,6200.0,6200.0,6200.0,6200.0,0.0,0.0,5935.0,6390.0,0.09,1.5,,0.68450928,6153.0,0.60940504,0.82656768,3.544e-05,30.41496165,-16.66069851,27.47,835563.46691895
2023-06-30,6,BTC-230825-25000-C,BTCUSDT,C,230825-25000,6200.0,6200.0,6200.0,6200.0,0.0,0.0,6040.0,6660.0,0.09,5.99,,0.69838047,6327.0,0.59092999,0.84083784,3.415e-05,29.13586628,-15.36111834,27.47,842334.09999224
2023-06-30,14,BTC-230825-25000-C,BTCUSDT,C,230825-25000,6200.0,6200.0,6200.0,6200.0,0.0,0.0,5590.0,6015.0,0.09,1.5,,0.64471245,5793.0,0.57403564,0.82602831,3.806e-05,30.18992405,-15.55430568,27.47,826924.99864105
2023-06-30,1,BTC-230825-25000-C,BTCUSDT,C,230825-25000,6200.0,6200.0,6200.0,6200.0,0.0,0.0,5825.0,6315.0,0.09,1.5,,0.66034794,6056.0,0.5770731,0.83512552,3.604e-05,29.59677987,-15.18177948,27.47,834644.74890978
2023-06-30,22,BTC-230825-25000-C,BTCUSDT,C,230825-25000,6200.0,6200.0,6200.0,6200.0,0.0,0.0,5970.0,6430.0,0.09,1.5,,0.67843199,6189.0,0.60081124,0.83237579,3.516e-05,29.76983045,-16.14992785,27.47,837027.67932237
2023-06-30,21,BTC-230825-25000-C,BTCUSDT,C,230825-25000,6200.0,6200.0,6200.0,6200.0,0.0,0.0,5925.0,6385.0,0.09,1.5,,0.66346169,6143.0,0.58423042,0.83755474,3.541e-05,29.18431263,-15.38378002,27.47,837129.14057526
2023-06-30,3,BTC-230825-25000-C,BTCUSDT,C,230825-25000,6200.0,6200.0,6200.0,6200.0,0.0,0.0,6135.0,6760.0,0.09,3.85,,0.71027756,6426.0,0.60306072,0.83932263,3.355e-05,29.41895862,-15.79354431,27.47,844382.10320229
2023-06-30,17,BTC-230825-25000-C,BTCUSDT,C,230825-25000,6200.0,6200.0,6200.0,6200.0,0.0,0.0,5965.0,6425.0,0.09,1.5,,0.68419456,6185.0,0.60771704,0.82874902,3.522e-05,30.20434681,-16.51186716,27.47,836697.18290474
2023-06-30,0,BTC-230825-25000-C,BTCUSDT,C,230825-25000,6200.0,6200.0,6200.0,6200.0,0.0,0.0,5880.0,6480.0,0.09,1.5,,0.697155,6162.0,0.59690714,0.83078334,3.536e-05,30.16220299,-15.99173701,27.47,836172.25599339
2023-06-30,2,BTC-230825-25000-C,BTCUSDT,C,230825-25000,6200.0,6200.0,6200.0,6200.0,0.0,0.0,6075.0,6705.0,0.09,5.68,,0.71184158,6369.0,0.60495138,0.83613603,3.395e-05,29.73546618,-16.00163764,27.47,842218.19470431
2023-06-30,23,BTC-230825-25000-C,BTCUSDT,C,230825-25000,6200.0,6200.0,6200.0,6200.0,0.0,0.0,6015.0,6475.0,0.09,1.5,,0.69373131,6235.0,0.61758518,0.82729561,3.488e-05,30.32907415,-16.9254062,27.47,837058.89493763
2023-06-30,4,BTC-230825-25000-C,BTCUSDT,C,230825-25000,6200.0,6200.0,6200.0,6200.0,0.0,0.0,6175.0,6815.0,0.09,2.76,,0.69234133,6466.0,0.57617784,0.8525618,3.304e-05,27.90748816,-14.32487555,27.47,854032.30212758
2023-06-30,10,BTC-230825-25000-C,BTCUSDT,C,230825-25000,6200.0,6200.0,6200.0,6200.0,0.0,0.0,6310.0,6790.0,0.09,1.5,,0.70264339,6538.0,0.62148809,0.8367679,3.29e-05,29.71753504,-16.52715024,27.47,846475.35644511
2023-07-01,8,BTC-230825-25000-C,BTCUSDT,C,230825-25000,6200.0,6200.0,6200.0,6200.0,0.0,0.0,5975.0,30600.0,0.09,1.5,,9.9999994,7040.0,0.86942015,0.77406971,2.927e-05,35.50839345,-28.08646504,27.47,836188.25752579
2023-07-01,11,BTC-230825-25000-C,BTCUSDT,C,230825-25000,6200.0,6200.0,6200.0,6200.0,0.0,0.0,6060.0,30745.0,0.09,1.5,,9.9999994,7111.0,0.87228594,0.77622707,2.897e-05,35.37216714,-28.1349278,27.47,838489.06393185
2023-07-01,13,BTC-230825-25000-C,BTCUSDT,C,230825-25000,6200.0,6200.0,6200.0,6200.0,0.0,0.0,6095.0,30790.0,0.09,1.5,,9.9999994,7141.0,0.87254343,0.77746134,2.886e-05,35.28108104,-28.11348764,27.47,839632.83716948
2023-07-01,15,BTC-230825-25000-C,BTCUSDT,C,230825-25000,6200.0,6200.0,6200.0,6200.0,0.0,0.0,6080.0,30740.0,0.09,1.5,,9.9999994,7132.0,0.86848555,0.77841687,2.893e-05,35.1782493,-27.94371456,27.47,839832.09808579
2023-07-01,20,BTC-230825-25000-C,BTCUSDT,C,230825-25000,6200.0,6200.0,6200.0,6200.0,0.0,0.0,6125.0,30775.0,0.09,1.5,,9.9999994,7159.0,0.8757597,0.77789219,2.878e-05,35.17040413,-28.2792495,27.47,840082.69881658
2023-07-01,19,BTC-230825-25000-C,BTCUSDT,C,230825-25000,6200.0,6200.0,6200.0,6200.0,0.0,0.0,6125.0,30775.0,0.09,1.5,,9.9999994,7166.0,0.87123928,0.7793014,2.878e-05,35.0877758,-28.04572666,27.47,841073.50293526
2023-07-01,9,BTC-230825-25000-C,BTCUSDT,C,230825-25000,6200.0,6200.0,6200.0,6200.0,0.0,0.0,5975.0,6890.0,0.09,1.5,,0.82664967,6405.0,0.68255424,0.80956892,3.372e-05,32.08802131,-19.94095042,27.47,836270.21831052
2023-07-01,5,BTC-230825-25000-C,BTCUSDT,C,230825-25000,6200.0,6200.0,6200.0,6200.0,0.0,0.0,5865.0,30550.0,0.09,1.5,,9.9999994,6966.0,0.85007963,0.77645116,2.974e-05,35.32305073,-27.25633856,27.47,835892.61892237
2023-07-01,18,BTC-230825-25000-C,BTCUSDT,C,230825-25000,6200.0,6200.0,6200.0,6200.0,0.0,0.0,6105.0,30770.0,0.09,1.5,,9.9999994,7153.0,0.86765108,0.77973158,2.886e-05,35.05988494,-27.88669881,27.47,840839.88189658
2023-07-01,12,BTC-230825-25000-C,BTCUSDT,C,230825-25000,6200.0,6200.0,6200.0,6200.0,0.0,0.0,6105.0,30770.0,0.09,1.5,,9.9999994,7149.0,0.87394414,0.77727241,2.881e-05,35.31408685,-28.16352796,27.47,839681.84041763
2023-07-01,7,BTC-230825-25000-C,BTCUSDT,C,230825-25000,6200.0,6200.0,6200.0,6200.0,0.0,0.0,2140.0,30740.0,4.47,2.59,,9.9999994,6476.0,0.7,0.80581927,3.323e-05,32.51428261,-20.69090276,27.47,836671.73598948
2023-07-01,16,BTC-230825-25000-C,BTCUSDT,C,230825-25000,6200.0,6200.0,6200.0,6200.0,0.0,0.0,6070.0,30740.0,0.09,1.5,,9.9999994,7124.0,0.86680946,0.77869397,2.898e-05,35.13891417,-27.87985069,27.47,839831.29337658
2023-07-01,6,BTC-230825-25000-C,BTCUSDT,C,230825-25000,6200.0,6200.0,6200.0,6200.0,0.0,0.0,5890.0,30590.0,0.09,1.5,,9.9999994,6987.0,0.85146008,0.77692295,2.964e-05,35.2919277,-27.2971883,27.47,836532.72163052
2023-07-01,14,BTC-230825-25000-C,BTCUSDT,C,230825-25000,6200.0,6200.0,6200.0,6200.0,0.0,0.0,6110.0,30765.0,0.09,1.5,,9.9999994,7160.0,0.8679944,0.77951856,2.882e-05,35.13425717,-27.87174302,27.47,840912.17970474
2023-07-01,1,BTC-230825-25000-C,BTCUSDT,C,230825-25000,6200.0,6200.0,6200.0,6200.0,0.0,0.0,5880.0,30610.0,0.09,1.5,,9.9999994,6983.0,0.84956703,0.77687216,2.966e-05,35.35954712,-27.18579114,27.47,836356.34484
2023-07-01,22,BTC-230825-25000-C,BTCUSDT,C,230825-25000,6200.0,6200.0,6200.0,6200.0,0.0,0.0,6075.0,30775.0,0.09,1.5,,9.9999994,7123.0,0.86767969,0.7789828,2.899e-05,35.03708454,-27.95490596,27.47,839806.01128105
2023-07-01,21,BTC-230825-25000-C,BTCUSDT,C,230825-25000,6200.0,6200.0,6200.0,6200.0,0.0,0.0,6125.0,30775.0,0.09,1.5,,9.9999994,7159.0,0.87542353,0.77807007,2.878e-05,35.14407862,-28.26886374,27.47,840215.62129895
2023-07-01,3,BTC-230825-25000-C,BTCUSDT,C,230825-25000,6200.0,6200.0,6200.0,6200.0,0.0,0.0,5845.0,30560.0,0.09,1.5,,9.9999994,6948.0,0.85129437,0.77523556,2.979e-05,35.4221498,-27.3305171,27.47,835033.12463526
2023-07-01,17,BTC-230825-25000-C,BTCUSDT,C,230825-25000,6200.0,6200.0,6200.0,6200.0,0.0,0.0,6085.0,30745.0,0.09,1.5,,9.9999994,7133.0,0.86956081,0.77836862,2.892e-05,35.15630171,-28.00353835,27.47,839869.35386948
2023-07-01,0,BTC-230825-25000-C,BTCUSDT,C,230825-25000,6200.0,6200.0,6200.0,6200.0,0.0,0.0,5990.0,6450.0,0.09,1.5,,0.68642616,6209.0,0.60954094,0.82970873,3.504e-05,30.04563808,-16.56130456,27.47,837134.12395658
2023-07-01,2,BTC-230825-25000-C,BTCUSDT,C,230825-25000,6200.0,6200.0,6200.0,6200.0,0.0,0.0,5885.0,30635.0,0.09,1.5,,9.9999994,6981.0,0.85473118,0.77542111,2.962e-05,35.44820758,-27.44031567,27.47,835555.49415526
2023-07-01,23,BTC-230825-25000-C,BTCUSDT,C,230825-25000,6200.0,6200.0,6200.0,6200.0,0.0,0.0,6090.0,30775.0,0.09,1.5,,9.9999994,7135.0,0.86904583,0.77911042,2.894e-05,35.02318812,-28.00927235,27.47,840224.24364711
2023-07-01,4,BTC-230825-25000-C,BTCUSDT,C,230825-25000,6200.0,6200.0,6200.0,6200.0,0.0,0.0,5835.0,30520.0,0.09,1.5,,9.9999994,6939.0,0.85101662,0.77504663,2.984e-05,35.41474898,-27.33653835,27.47,834751.47634105
2023-07-01,10,BTC-230825-25000-C,BTCUSDT,C,230825-25000,6200.0,6200.0,6200.0,6200.0,0.0,0.0,5995.0,30635.0,0.09,1.5,,9.9999994,7057.0,0.86879072,0.77509601,2.921e-05,35.42354703,-28.0415877,27.47,836909.67466579
2023-07-02,8,BTC-230825-25000-C,BTCUSDT,C,230825-25000,6200.0,6200.0,6200.0,6200.0,0.0,0.0,5990.0,6350.0,0.09,1.5,,0.65964699,6163.0,0.59731722,0.83611703,3.53e-05,28.96845784,-16.03399687,27.47,837596.18874711
2023-07-02,11,BTC-230825-25000-C,BTCUSDT,C,230825-25000,6200.0,6200.0,6200.0,6200.0,0.0,0.0,6045.0,6505.0,0.09,1.5,,0.69468975,6264.0,0.616045,0.83270686,3.466e-05,29.37923488,-16.81014874,27.47,839053.64353052
2023-07-02,13,BTC-230825-25000-C,BTCUSDT,C,230825-25000,6200.0,6200.0,6200.0,6200.0,0.0,0.0,2155.0,6390.0,3.66,4.79,,0.66523075,5774.0,0.43261538,0.90050021,3.451e-05,20.47784955,-8.24095876,27.47,838370.57451052
2023-07-02,15,BTC-230825-25000-C,BTCUSDT,C,230825-25000,6200.0,6200.0,6200.0,6200.0,0.0,0.0,6000.0,6465.0,0.09,1.5,,0.69478512,6221.0,0.61537385,0.83160528,3.495e-05,29.4140638,-16.86395197,27.47,837548.40710579
2023-07-02,20,BTC-230825-25000-C,BTCUSDT,C,230825-25000,6200.0,6200.0,6200.0,6200.0,0.0,0.0,6030.0,30770.0,0.09,1.5,,9.9999994,7078.0,0.85912285,0.78174151,2.931e-05,34.50451406,-27.72589577,27.47,840318.98929289
2023-07-02,19,BTC-230825-25000-C,BTCUSDT,C,230825-25000,6200.0,6200.0,6200.0,6200.0,0.0,0.0,5990.0,30715.0,0.09,1.5,,9.9999994,7045.0,0.85636911,0.78120974,2.946e-05,34.5315405,-27.63713864,27.47,839441.27108474
2023-07-02,9,BTC-230825-25000-C,BTCUSDT,C,230825-25000,6200.0,6200.0,6200.0,6200.0,0.0,0.0,2155.0,6380.0,3.66,4.63,,0.66083908,5771.0,0.43041954,0.90120905,3.445e-05,20.402942,-8.14388535,27.47,838379.05142948
2023-07-02,5,BTC-230825-25000-C,BTCUSDT,C,230825-25000,6200.0,6200.0,6200.0,6200.0,0.0,0.0,6025.0,6850.0,0.09,1.5,,0.81218958,6414.0,0.68026185,0.81277373,3.369e-05,31.55416755,-19.84446084,27.47,837586.61302815
2023-07-02,18,BTC-230825-25000-C,BTCUSDT,C,230825-25000,6200.0,6200.0,6200.0,6200.0,0.0,0.0,5970.0,30675.0,0.09,1.5,,9.9999994,7025.0,0.8588129,0.77966885,2.952e-05,34.64162812,-27.78272162,27.47,838402.69178815
2023-07-02,12,BTC-230825-25000-C,BTCUSDT,C,230825-25000,6200.0,6200.0,6200.0,6200.0,0.0,0.0,6050.0,6510.0,0.09,1.5,,0.70097446,6270.0,0.62304735,0.83012105,3.464e-05,29.64198664,-17.16655985,27.47,838632.82252105
2023-07-02,7,BTC-230825-25000-C,BTCUSDT,C,230825-25000,6200.0,6200.0,6200.0,6200.0,0.0,0.0,2150.0,7000.0,3.09,0.02,,0.84959984,5986.0,0.52479992,0.8617131,3.584e-05,25.90402494,-12.58743267,27.47,838170.05643763
2023-07-02,16,BTC-230825-25000-C,BTCUSDT,C,230825-25000,6200.0,6200.0,6200.0,6200.0,0.0,0.0,6080.0,6545.0,0.09,1.5,,0.70365429,6302.0,0.62450171,0.83125656,3.442e-05,29.50458395,-17.18010164,27.47,839647.44797763
2023-07-02,6,BTC-230825-25000-C,BTCUSDT,C,230825-25000,6200.0,6200.0,6200.0,6200.0,0.0,0.0,6035.0,6850.0,0.09,1.5,,0.81309795,6420.0,0.68306446,0.81205991,3.365e-05,31.61357096,-19.97912306,27.47,837272.71818579
2023-07-02,14,BTC-230825-25000-C,BTCUSDT,C,230825-25000,6200.0,6200.0,6200.0,6200.0,0.0,0.0,6100.0,6565.0,0.09,1.5,,0.70215702,6321.0,0.62272072,0.83260897,3.429e-05,29.40226543,-17.04520953,27.47,840414.49440342
2023-07-02,1,BTC-230825-25000-C,BTCUSDT,C,230825-25000,6200.0,6200.0,6200.0,6200.0,0.0,0.0,6115.0,30775.0,0.09,1.5,,9.9999994,7145.0,0.87726412,0.77740112,2.884e-05,35.12671432,-28.40128985,27.47,839578.05229421
2023-07-02,22,BTC-230825-25000-C,BTCUSDT,C,230825-25000,6200.0,6200.0,6200.0,6200.0,0.0,0.0,6125.0,6605.0,0.09,1.5,,0.70159435,6353.0,0.61816216,0.83656496,3.405e-05,28.91729443,-16.74526761,27.47,842019.36936579
2023-07-02,21,BTC-230825-25000-C,BTCUSDT,C,230825-25000,6200.0,6200.0,6200.0,6200.0,0.0,0.0,6030.0,6495.0,0.09,1.5,,0.6908226,6251.0,0.6100893,0.83565397,3.472e-05,28.94342677,-16.5286158,27.47,839311.52542711
2023-07-02,3,BTC-230825-25000-C,BTCUSDT,C,230825-25000,6200.0,6200.0,6200.0,6200.0,0.0,0.0,6020.0,6850.0,0.09,1.5,,0.80539227,6410.0,0.67145228,0.81575777,3.374e-05,31.29282714,-19.39535609,27.47,838179.38654237
2023-07-02,17,BTC-230825-25000-C,BTCUSDT,C,230825-25000,6200.0,6200.0,6200.0,6200.0,0.0,0.0,5970.0,6430.0,0.09,1.5,,0.69870949,6190.0,0.6210041,0.82811064,3.518e-05,29.7254254,-17.22513891,27.47,836409.10986237
2023-07-02,0,BTC-230825-25000-C,BTCUSDT,C,230825-25000,6200.0,6200.0,6200.0,6200.0,0.0,0.0,6115.0,30775.0,0.09,1.5,,9.9999994,7148.0,0.87579308,0.7778158,2.883e-05,35.11281751,-28.32069613,27.47,839858.34647895
2023-07-02,2,BTC-230825-25000-C,BTCUSDT,C,230825-25000,6200.0,6200.0,6200.0,6200.0,0.0,0.0,6105.0,30760.0,0.09,1.5,,9.9999994,7132.0,0.87914047,0.77651397,2.887e-05,35.16628382,-28.5160001,27.47,839245.79779658
2023-07-02,23,BTC-230825-25000-C,BTCUSDT,C,230825-25000,6200.0,6200.0,6200.0,6200.0,0.0,0.0,6100.0,6570.0,0.09,1.5,,0.69937229,6323.0,0.61790228,0.83557008,3.425e-05,28.9888389,-16.79226809,27.47,841041.62157658
2023-07-02,4,BTC-230825-25000-C,BTCUSDT,C,230825-25000,6200.0,6200.0,6200.0,6200.0,0.0,0.0,6040.0,6850.0,0.09,1.5,,0.8013916,6421.0,0.67031384,0.8167417,3.367e-05,31.19566244,-19.31720985,27.47,838644.59260815
2023-07-02,10,BTC-230825-25000-C,BTCUSDT,C,230825-25000,6200.0,6200.0,6200.0,6200.0,0.0,0.0,6045.0,6505.0,0.09,1.5,,0.70291042,6265.0,0.62541246,0.82874431,3.468e-05,29.80306812,-17.2985673,27.47,838135.93223421
2023-07-03,8,BTC-230825-25000-C,BTCUSDT,C,230825-25000,6200.0,6200.0,6200.0,6200.0,0.0,0.0,6140.0,6615.0,1.5,1.5,,0.71031809,6366.0,0.6282866,0.83394728,3.399e-05,29.09208514,-17.25711717,27.47,841739.81521983
2023-07-03,11,BTC-230825-25000-C,BTCUSDT,C,230825-25000,6200.0,6200.0,6200.0,6200.0,0.0,0.0,6165.0,6640.0,1.5,1.5,,0.7229948,6392.0,0.64219475,0.82968596,3.386e-05,29.52067101,-17.94133587,27.47,841870.39733621
2023-07-03,13,BTC-230825-25000-C,BTCUSDT,C,230825-25000,6200.0,6200.0,6200.0,6200.0,0.0,0.0,6175.0,6650.0,1.5,1.5,,0.72069645,6401.0,0.63934803,0.83142368,3.379e-05,29.32640896,-17.77230112,27.47,841826.76229771
2023-07-03,15,BTC-230825-25000-C,BTCUSDT,C,230825-25000,6200.0,6200.0,6200.0,6200.0,0.0,0.0,6555.0,7070.0,1.5,1.5,,0.74882507,6799.0,0.65882683,0.83948122,3.137e-05,28.76712731,-17.99292823,27.47,853143.99221895
2023-07-03,20,BTC-230825-25000-C,BTCUSDT,C,230825-25000,6200.0,6200.0,6200.0,6200.0,0.0,0.0,6605.0,7125.0,1.5,1.5,,0.74996471,6851.0,0.65806389,0.8421891,3.105e-05,28.45462404,-17.84745647,27.47,854930.1304
2023-07-03,19,BTC-230825-25000-C,BTCUSDT,C,230825-25000,6200.0,6200.0,6200.0,6200.0,0.0,0.0,6785.0,7325.0,1.5,1.5,,0.78116894,7041.0,0.68782806,0.83795339,3.009e-05,29.0788145,-19.04878121,27.47,858511.26564316
2023-07-03,9,BTC-230825-25000-C,BTCUSDT,C,230825-25000,6200.0,6200.0,6200.0,6200.0,0.0,0.0,6140.0,6615.0,1.5,1.5,,0.71804523,6367.0,0.63699961,0.83053927,3.401e-05,29.43574306,-17.71705763,27.47,840785.0033
2023-07-03,5,BTC-230825-25000-C,BTCUSDT,C,230825-25000,6200.0,6200.0,6200.0,6200.0,0.0,0.0,6175.0,6650.0,1.5,1.5,,0.71189404,6401.0,0.62990427,0.83440709,3.377e-05,29.10623684,-17.26920459,27.47,842606.11940317
2023-07-03,18,BTC-230825-25000-C,BTCUSDT,C,230825-25000,6200.0,6200.0,6200.0,6200.0,0.0,0.0,6680.0,7205.0,1.5,1.5,,0.75668335,6928.0,0.66403866,0.84255613,3.063e-05,28.49782145,-18.00781595,27.47,857665.16530254
2023-07-03,12,BTC-230825-25000-C,BTCUSDT,C,230825-25000,6200.0,6200.0,6200.0,6200.0,0.0,0.0,6155.0,6630.0,1.5,1.5,,0.71373701,6381.0,0.63172936,0.83356525,3.39e-05,29.09851468,-17.4103067,27.47,841909.42888564
2023-07-03,7,BTC-230825-25000-C,BTCUSDT,C,230825-25000,6200.0,6200.0,6200.0,6200.0,0.0,0.0,0.0,0.0,0.0,0.0,,-1e-08,6605.0,0.7,0.81579755,3.254e-05,31.11063693,-20.54475575,27.47,842319.00658564
2023-07-03,16,BTC-230825-25000-C,BTCUSDT,C,230825-25000,6200.0,6200.0,6200.0,6200.0,0.0,0.0,6535.0,7045.0,1.5,1.5,,0.74548244,6776.0,0.656178,0.83975769,3.149e-05,28.70792856,-17.89786882,27.47,852743.78340474
2023-07-03,6,BTC-230825-25000-C,BTCUSDT,C,230825-25000,6200.0,6200.0,6200.0,6200.0,0.0,0.0,6135.0,6610.0,1.5,1.5,,0.70592403,6361.0,0.62346458,0.83550415,3.401e-05,28.94618763,-17.01202096,27.47,841865.64895057
2023-07-03,14,BTC-230825-25000-C,BTCUSDT,C,230825-25000,6200.0,6200.0,6200.0,6200.0,0.0,0.0,6230.0,6715.0,1.5,1.5,,0.71881771,6460.0,0.63448191,0.83584853,3.338e-05,28.89869663,-17.39354572,27.47,843947.35616342
2023-07-03,1,BTC-230825-25000-C,BTCUSDT,C,230825-25000,6200.0,6200.0,6200.0,6200.0,0.0,0.0,6165.0,6640.0,0.09,1.5,,0.71089745,6391.0,0.62916517,0.83390446,3.383e-05,29.19691618,-17.24852471,27.47,842405.72360474
2023-07-03,22,BTC-230825-25000-C,BTCUSDT,C,230825-25000,6200.0,6200.0,6200.0,6200.0,0.0,0.0,6605.0,7275.0,1.5,4.6,,0.79883099,6919.0,0.68320751,0.83550393,3.076e-05,29.20960506,-19.05128132,27.47,855397.82975177
2023-07-03,21,BTC-230825-25000-C,BTCUSDT,C,230825-25000,6200.0,6200.0,6200.0,6200.0,0.0,0.0,6535.0,7045.0,1.5,1.5,,0.74476242,6776.0,0.65493822,0.84072438,3.148e-05,28.54553997,-17.8335996,27.47,853075.84281015
2023-07-03,3,BTC-230825-25000-C,BTCUSDT,C,230825-25000,6200.0,6200.0,6200.0,6200.0,0.0,0.0,6270.0,6755.0,1.5,1.5,,0.72314262,6501.0,0.63977718,0.83423284,3.315e-05,29.22815493,-17.58573526,27.47,845118.75452579
2023-07-03,17,BTC-230825-25000-C,BTCUSDT,C,230825-25000,6200.0,6200.0,6200.0,6200.0,0.0,0.0,6475.0,6980.0,1.5,1.5,,0.73588848,6714.0,0.64678907,0.84112609,3.182e-05,28.49745322,-17.52630738,27.47,851671.18348477
2023-07-03,0,BTC-230825-25000-C,BTCUSDT,C,230825-25000,6200.0,6200.0,6200.0,6200.0,0.0,0.0,6120.0,6590.0,0.09,1.5,,0.70137024,6343.0,0.61988592,0.83567071,3.412e-05,28.98258707,-16.85619433,27.47,841292.87835526
2023-07-03,2,BTC-230825-25000-C,BTCUSDT,C,230825-25000,6200.0,6200.0,6200.0,6200.0,0.0,0.0,6270.0,6755.0,1.5,1.5,,0.72371483,6501.0,0.64049959,0.83384785,3.315e-05,29.28031002,-17.6232005,27.47,844849.15425052
2023-07-03,23,BTC-230825-25000-C,BTCUSDT,C,230825-25000,6200.0,6200.0,6200.0,6200.0,0.0,0.0,6635.0,7160.0,1.5,1.5,,0.75447083,6883.0,0.66160202,0.84233089,3.087e-05,28.43043206,-17.97098133,27.47,855838.89711269
2023-07-03,4,BTC-230825-25000-C,BTCUSDT,C,230825-25000,6200.0,6200.0,6200.0,6200.0,0.0,0.0,6155.0,6630.0,1.5,1.5,,0.70404053,6380.0,0.62121391,0.8370301,3.387e-05,28.82206798,-16.8514501,27.47,842823.44212
2023-07-03,10,BTC-230825-25000-C,BTCUSDT,C,230825-25000,6200.0,6200.0,6200.0,6200.0,0.0,0.0,6165.0,6640.0,1.5,1.5,,0.71793556,6391.0,0.63653469,0.83184076,3.385e-05,29.30971428,-17.64221828,27.47,842006.25308908
2023-07-04,8,BTC-230825-25000-C,BTCUSDT,C,230825-25000,6200.0,6200.0,6200.0,6200.0,0.0,0.0,6420.0,6915.0,1.5,1.5,,0.73807716,6655.0,0.65088511,0.83879014,3.219e-05,28.53367596,-17.87214807,27.47,849333.7789911
2023-07-04,11,BTC-230825-25000-C,BTCUSDT,C,230825-25000,6200.0,6200.0,6200.0,6200.0,0.0,0.0,6535.0,7045.0,1.5,1.5,,0.74445724,6776.0,0.65340996,0.84270076,3.145e-05,28.16993659,-17.75547875,27.47,853587.81639683
2023-07-04,13,BTC-230825-25000-C,BTCUSDT,C,230825-25000,6200.0,6200.0,6200.0,6200.0,0.0,0.0,2190.0,6955.0,2.17,3.81,,0.73379517,6261.0,0.46689758,0.90516142,3.097e-05,19.70444318,-8.88884526,27.47,851584.23308247
2023-07-04,15,BTC-230825-25000-C,BTCUSDT,C,230825-25000,6200.0,6200.0,6200.0,6200.0,0.0,0.0,6420.0,6915.0,1.5,1.5,,0.73146343,6654.0,0.6426692,0.84267749,3.214e-05,28.0318003,-17.43403222,27.47,850123.02227815
2023-07-04,20,BTC-230825-25000-C,BTCUSDT,C,230825-25000,6200.0,6200.0,6200.0,6200.0,0.0,0.0,6270.0,6755.0,1.5,1.5,,0.72437286,6500.0,0.63806534,0.83903622,3.31e-05,28.24777053,-17.51311987,27.47,846018.42167242
2023-07-04,19,BTC-230825-25000-C,BTCUSDT,C,230825-25000,6200.0,6200.0,6200.0,6200.0,0.0,0.0,2165.0,6660.0,3.7,5.73,,0.71995258,5972.0,0.45997629,0.8987987,3.338e-05,20.41377945,-9.11636161,27.47,843399.42281638
2023-07-04,9,BTC-230825-25000-C,BTCUSDT,C,230825-25000,6200.0,6200.0,6200.0,6200.0,0.0,0.0,6500.0,7005.0,1.5,1.5,,0.7443428,6739.0,0.65495253,0.84052464,3.169e-05,28.40143882,-17.91485389,27.47,851925.83345289
2023-07-04,5,BTC-230825-25000-C,BTCUSDT,C,230825-25000,6200.0,6200.0,6200.0,6200.0,0.0,0.0,6495.0,7010.0,1.5,1.5,,0.75585842,6740.0,0.66649199,0.83573471,3.174e-05,28.96122809,-18.53032523,27.47,851175.47042643
2023-07-04,18,BTC-230825-25000-C,BTCUSDT,C,230825-25000,6200.0,6200.0,6200.0,6200.0,0.0,0.0,6405.0,6905.0,1.5,1.5,,0.74530602,6642.0,0.65752268,0.83676532,3.229e-05,28.62466137,-18.25839267,27.47,848776.69342845
2023-07-04,12,BTC-230825-25000-C,BTCUSDT,C,230825-25000,6200.0,6200.0,6200.0,6200.0,0.0,0.0,6525.0,7035.0,1.5,1.5,,0.74747086,6766.0,0.65694809,0.84108363,3.153e-05,28.32784892,-17.96613555,27.47,852858.09244943
2023-07-04,7,BTC-230825-25000-C,BTCUSDT,C,230825-25000,6200.0,6200.0,6200.0,6200.0,0.0,0.0,6220.0,6890.0,4.96,4.33,,0.73441505,6525.0,0.60945511,0.8503107,3.274e-05,27.16641649,-15.91991118,27.47,849307.22823289
2023-07-04,16,BTC-230825-25000-C,BTCUSDT,C,230825-25000,6200.0,6200.0,6200.0,6200.0,0.0,0.0,6420.0,6925.0,1.5,1.5,,0.73602676,6658.0,0.64572573,0.84176014,3.213e-05,28.12429059,-17.58893358,27.47,850206.26845287
2023-07-04,6,BTC-230825-25000-C,BTCUSDT,C,230825-25000,6200.0,6200.0,6200.0,6200.0,0.0,0.0,6490.0,6995.0,1.5,1.5,,0.74438334,6729.0,0.65536618,0.83969129,3.176e-05,28.51821719,-17.95664145,27.47,851602.0976385
2023-07-04,14,BTC-230825-25000-C,BTCUSDT,C,230825-25000,6200.0,6200.0,6200.0,6200.0,0.0,0.0,6460.0,6965.0,1.5,1.5,,0.74460506,6699.0,0.65533161,0.83937767,3.193e-05,28.43690717,-18.01991945,27.47,850762.36086925
2023-07-04,1,BTC-230825-25000-C,BTCUSDT,C,230825-25000,6200.0,6200.0,6200.0,6200.0,0.0,0.0,6750.0,7285.0,1.5,1.5,,0.76084614,7002.0,0.66523314,0.8454669,3.02e-05,28.15164276,-17.9209583,27.47,859192.03831015
2023-07-04,22,BTC-230825-25000-C,BTCUSDT,C,230825-25000,6200.0,6200.0,6200.0,6200.0,0.0,0.0,6280.0,30965.0,1.5,1.5,,9.9999994,7252.0,0.87456522,0.78867624,2.861e-05,33.44633302,-28.46811971,27.47,846584.12858908
2023-07-04,21,BTC-230825-25000-C,BTCUSDT,C,230825-25000,6200.0,6200.0,6200.0,6200.0,0.0,0.0,6290.0,6775.0,1.5,1.5,,0.73028088,6520.0,0.64454556,0.83737255,3.3e-05,28.42925573,-17.81907257,27.47,846218.18894626
2023-07-04,3,BTC-230825-25000-C,BTCUSDT,C,230825-25000,6200.0,6200.0,6200.0,6200.0,0.0,0.0,6715.0,7240.0,1.5,1.5,,0.77150345,6964.0,0.67997932,0.83883074,3.049e-05,28.83086418,-18.79014747,27.47,856744.50127763
2023-07-04,17,BTC-230825-25000-C,BTCUSDT,C,230825-25000,6200.0,6200.0,6200.0,6200.0,0.0,0.0,6405.0,6910.0,1.5,1.5,,0.74704647,6645.0,0.65855503,0.83635581,3.228e-05,28.68135778,-18.30847559,27.47,848793.19052185
2023-07-04,0,BTC-230825-25000-C,BTCUSDT,C,230825-25000,6200.0,6200.0,6200.0,6200.0,0.0,0.0,2185.0,6975.0,5.46,4.23,,0.70581913,6341.0,0.45290956,0.91337242,2.959e-05,18.58726825,-8.04941805,27.47,854692.40362919
2023-07-04,2,BTC-230825-25000-C,BTCUSDT,C,230825-25000,6200.0,6200.0,6200.0,6200.0,0.0,0.0,6740.0,7270.0,1.5,1.5,,0.76328754,6990.0,0.66920519,0.84366282,3.029e-05,28.33292902,-18.15853686,27.47,858764.09244579
2023-07-04,23,BTC-230825-25000-C,BTCUSDT,C,230825-25000,6200.0,6200.0,6200.0,6200.0,0.0,0.0,6275.0,30980.0,1.5,1.5,,9.9999994,7237.0,0.88282642,0.78593504,2.861e-05,33.62723902,-28.91591734,27.47,845141.37098362
2023-07-04,4,BTC-230825-25000-C,BTCUSDT,C,230825-25000,6200.0,6200.0,6200.0,6200.0,0.0,0.0,6525.0,7035.0,1.5,1.5,,0.74183464,6766.0,0.65108299,0.84251948,3.151e-05,28.26121222,-17.65025471,27.47,853266.91238948
2023-07-04,10,BTC-230825-25000-C,BTCUSDT,C,230825-25000,6200.0,6200.0,6200.0,6200.0,0.0,0.0,6520.0,7030.0,1.5,1.5,,0.75030327,6762.0,0.66045046,0.83936929,3.158e-05,28.53278683,-18.16336187,27.47,852199.37694282
2023-07-05,8,BTC-230825-25000-C,BTCUSDT,C,230825-25000,6200.0,6200.0,6200.0,6200.0,0.0,0.0,6260.0,6745.0,1.5,1.5,,0.73271751,6490.0,0.64682961,0.83643058,3.319e-05,28.37767908,-18.01032097,27.47,845377.73199052
2023-07-05,11,BTC-230825-25000-C,BTCUSDT,C,230825-25000,6200.0,6200.0,6200.0,6200.0,0.0,0.0,5895.0,6345.0,1.5,1.5,,0.69988728,6109.0,0.62067509,0.83164247,3.571e-05,28.53395785,-17.41997974,27.47,834997.71095763
2023-07-05,13,BTC-230825-25000-C,BTCUSDT,C,230825-25000,6200.0,6200.0,6200.0,6200.0,0.0,0.0,5840.0,6280.0,1.5,1.5,,0.69154263,6050.0,0.61374903,0.83218792,3.612e-05,28.40763895,-17.17749438,27.47,833946.79356494
2023-07-05,15,BTC-230825-25000-C,BTCUSDT,C,230825-25000,6200.0,6200.0,6200.0,6200.0,0.0,0.0,5865.0,30510.0,1.5,1.5,,9.9999994,6865.0,0.87328968,0.77616706,3.028e-05,33.82004666,-29.14607664,27.47,833927.54041551
2023-07-05,20,BTC-230825-25000-C,BTCUSDT,C,230825-25000,6200.0,6200.0,6200.0,6200.0,0.0,0.0,5955.0,6405.0,1.5,1.5,,0.7073307,6169.0,0.62780261,0.83220622,3.529e-05,28.41918714,-17.67957303,27.47,836979.20988362
2023-07-05,19,BTC-230825-25000-C,BTCUSDT,C,230825-25000,6200.0,6200.0,6200.0,6200.0,0.0,0.0,5930.0,6380.0,1.5,1.5,,0.70687294,6145.0,0.62763691,0.83111011,3.547e-05,28.52191817,-17.72415878,27.47,836053.30485603
2023-07-05,9,BTC-230825-25000-C,BTCUSDT,C,230825-25000,6200.0,6200.0,6200.0,6200.0,0.0,0.0,6160.0,6635.0,1.5,1.5,,0.7205987,6385.0,0.63615203,0.83658845,3.384e-05,28.26695613,-17.65834116,27.47,842879.68452105
2023-07-05,5,BTC-230825-25000-C,BTCUSDT,C,230825-25000,6200.0,6200.0,6200.0,6200.0,0.0,0.0,6245.0,6725.0,1.5,1.5,,0.71392536,6471.0,0.62660933,0.84345358,3.321e-05,27.64665945,-16.95626112,27.47,846357.67414815
2023-07-05,18,BTC-230825-25000-C,BTCUSDT,C,230825-25000,6200.0,6200.0,6200.0,6200.0,0.0,0.0,5975.0,6430.0,1.5,1.5,,0.70413113,6191.0,0.62302589,0.83488763,3.512e-05,28.18590136,-17.372342,27.47,837341.83803304
2023-07-05,12,BTC-230825-25000-C,BTCUSDT,C,230825-25000,6200.0,6200.0,6200.0,6200.0,0.0,0.0,5800.0,6235.0,1.5,1.5,,0.68599701,6007.0,0.60901165,0.83224869,3.642e-05,28.37931851,-17.0139442,27.47,833989.26037357
2023-07-05,7,BTC-230825-25000-C,BTCUSDT,C,230825-25000,6200.0,6200.0,6200.0,6200.0,0.0,0.0,5955.0,6660.0,2.16,4.59,,0.70286751,6261.0,0.55922031,0.86403879,3.392e-05,25.09788437,-13.76004274,27.47,845211.80995895
2023-07-05,16,BTC-230825-25000-C,BTCUSDT,C,230825-25000,6200.0,6200.0,6200.0,6200.0,0.0,0.0,5945.0,6395.0,1.5,1.5,,0.70174217,6159.0,0.62185049,0.83380546,3.535e-05,28.29485382,-17.37794045,27.47,837028.34495948
2023-07-05,6,BTC-230825-25000-C,BTCUSDT,C,230825-25000,6200.0,6200.0,6200.0,6200.0,0.0,0.0,6245.0,6730.0,1.5,1.5,,0.71586132,6474.0,0.62768221,0.84321279,3.32e-05,27.66338044,-17.00944438,27.47,846430.15293526
2023-07-05,14,BTC-230825-25000-C,BTCUSDT,C,230825-25000,6200.0,6200.0,6200.0,6200.0,0.0,0.0,5910.0,6360.0,1.5,1.5,,0.70231915,6124.0,0.62305212,0.83161579,3.561e-05,28.51354197,-17.51725757,27.47,835695.00247701
2023-07-05,1,BTC-230825-25000-C,BTCUSDT,C,230825-25000,6200.0,6200.0,6200.0,6200.0,0.0,0.0,6280.0,30980.0,1.5,1.5,,9.9999994,7245.0,0.87909279,0.78744921,2.861e-05,33.49276293,-28.72511192,27.47,845921.88424397
2023-07-05,22,BTC-230825-25000-C,BTCUSDT,C,230825-25000,6200.0,6200.0,6200.0,6200.0,0.0,0.0,5940.0,30580.0,1.5,1.5,,9.9999994,6926.0,0.87496815,0.77877548,3.002e-05,33.58876741,-29.17031746,27.47,835879.42579339
2023-07-05,21,BTC-230825-25000-C,BTCUSDT,C,230825-25000,6200.0,6200.0,6200.0,6200.0,0.0,0.0,5960.0,6410.0,1.5,1.5,,0.70695877,6174.0,0.62725067,0.83274858,3.526e-05,28.35632946,-17.6395225,27.47,836664.49122529
2023-07-05,3,BTC-230825-25000-C,BTCUSDT,C,230825-25000,6200.0,6200.0,6200.0,6200.0,0.0,0.0,6310.0,6800.0,1.5,1.5,,0.72260857,6541.0,0.63385248,0.84306136,3.28e-05,27.76628749,-17.19842957,27.47,847937.21626581
2023-07-05,17,BTC-230825-25000-C,BTCUSDT,C,230825-25000,6200.0,6200.0,6200.0,6200.0,0.0,0.0,6005.0,6465.0,1.5,1.5,,0.70892334,6224.0,0.62717199,0.83443067,3.491e-05,28.27017947,-17.52579317,27.47,838574.06072845
2023-07-05,0,BTC-230825-25000-C,BTCUSDT,C,230825-25000,6200.0,6200.0,6200.0,6200.0,0.0,0.0,6240.0,30980.0,1.5,1.5,,9.9999994,7212.0,0.87690649,0.7867502,2.876e-05,33.53332386,-28.66506843,27.47,845014.6708911
2023-07-05,2,BTC-230825-25000-C,BTCUSDT,C,230825-25000,6200.0,6200.0,6200.0,6200.0,0.0,0.0,6310.0,6800.0,1.5,1.5,,0.73148251,6542.0,0.64422846,0.83887727,3.285e-05,28.22931753,-17.75699815,27.47,846971.87518564
2023-07-05,23,BTC-230825-25000-C,BTCUSDT,C,230825-25000,6200.0,6200.0,6200.0,6200.0,0.0,0.0,6005.0,6460.0,1.5,1.5,,0.71397781,6222.0,0.63352823,0.83238985,3.494e-05,28.40683311,-17.87734434,27.47,838188.65360978
2023-07-05,4,BTC-230825-25000-C,BTCUSDT,C,230825-25000,6200.0,6200.0,6200.0,6200.0,0.0,0.0,6310.0,6800.0,1.5,1.5,,0.73134899,6542.0,0.64391136,0.83920624,3.285e-05,28.17123289,-17.74060912,27.47,847052.1207911
2023-07-05,10,BTC-230825-25000-C,BTCUSDT,C,230825-25000,6200.0,6200.0,6200.0,6200.0,0.0,0.0,5910.0,6360.0,1.5,1.5,,0.69622993,6124.0,0.61640739,0.8339492,3.559e-05,28.32196923,-17.15760913,27.47,836360.76589421
2023-07-06,8,BTC-230825-25000-C,BTCUSDT,C,230825-25000,6200.0,6200.0,6200.0,6200.0,0.0,0.0,6755.0,7310.0,1.5,1.5,,0.77103138,7014.0,0.66729546,0.8506977,3.004e-05,26.95303464,-18.00062973,,
2023-07-06,11,BTC-230825-25000-C,BTCUSDT,C,230825-25000,6200.0,6200.0,6200.0,6200.0,0.0,0.0,6295.0,6785.0,1.5,1.5,,0.7332468,6526.0,0.6436801,0.84193237,3.29e-05,27.51180751,-17.76802553,,
2023-07-06,13,BTC-230825-25000-C,BTCUSDT,C,230825-25000,6200.0,6200.0,6200.0,6200.0,0.0,0.0,5845.0,6290.0,1.5,1.5,,0.69998264,6057.0,0.62051058,0.83224183,3.607e-05,28.12668873,-17.54060686,,
2023-07-06,15,BTC-230825-25000-C,BTCUSDT,C,230825-25000,6200.0,6200.0,6200.0,6200.0,0.0,0.0,5920.0,6375.0,1.5,1.5,,0.71574211,6137.0,0.6353116,0.82979531,3.553e-05,28.41049527,-18.17065077,,
2023-07-06,20,BTC-230825-25000-C,BTCUSDT,C,230825-25000,6200.0,6200.0,6000.0,6000.0,0.1,0.1,5840.0,5945.0,1.5,0.1,,0.59742928,5891.0,0.5777359,0.84430967,3.707e-05,26.66655733,-15.57495257,27.57,835585.64305397
2023-07-06,19,BTC-230825-25000-C,BTCUSDT,C,230825-25000,6200.0,6200.0,6200.0,6200.0,0.0,0.0,5840.0,6280.0,1.5,1.5,,0.71296215,6051.0,0.63583851,0.82627495,3.615e-05,28.63905295,-18.39374592,27.47,832520.67794943
2023-07-06,9,BTC-230825-25000-C,BTCUSDT,C,230825-25000,6200.0,6200.0,6200.0,6200.0,0.0,0.0,6525.0,7035.0,1.5,1.5,,0.7556057,6765.0,0.6624651,0.84359354,3.15e-05,27.53984964,-18.27464263,,
2023-07-06,5,BTC-230825-25000-C,BTCUSDT,C,230825-25000,6200.0,6200.0,6200.0,6200.0,0.0,0.0,6050.0,30725.0,1.5,1.5,,9.9999994,7024.0,0.87311802,0.78372217,2.964e-05,33.21403497,-28.95151319,27.47,840362.72600776
2023-07-06,18,BTC-230825-25000-C,BTCUSDT,C,230825-25000,6200.0,6200.0,6200.0,6200.0,0.0,0.0,5850.0,6295.0,1.5,1.5,,0.70079803,6062.0,0.62101126,0.83279003,3.603e-05,28.01654494,-17.55954825,27.47,834491.99457903
2023-07-06,12,BTC-230825-25000-C,BTCUSDT,C,230825-25000,6200.0,6200.0,6200.0,6200.0,0.0,0.0,6100.0,6570.0,1.5,1.5,,0.72834015,6324.0,0.64466715,0.83352387,3.426e-05,28.21882317,-18.26786013,,
2023-07-06,7,BTC-230825-25000-C,BTCUSDT,C,230825-25000,6200.0,6200.0,6200.0,6200.0,0.0,0.0,6030.0,6670.0,5.93,2.1,,0.70535183,6314.0,0.57646513,0.86103548,3.37e-05,25.24734416,-14.55421016,,
2023-07-06,16,BTC-230825-25000-C,BTCUSDT,C,230825-25000,6200.0,6200.0,6200.0,6200.0,0.0,0.0,5880.0,6325.0,1.5,1.5,,0.72560787,6094.0,0.64877272,0.82257512,3.586e-05,29.06458967,-18.99879939,27.47,832953.23988908
2023-07-06,6,BTC-230825-25000-C,BTCUSDT,C,230825-25000,6200.0,6200.0,6200.0,6200.0,0.0,0.0,6160.0,6635.0,1.5,1.5,,0.72339535,6385.0,0.63769102,0.83817379,3.382e-05,27.8575824,-17.74973461,27.47,840585.73712758
2023-07-06,14,BTC-230825-25000-C,BTCUSDT,C,230825-25000,6200.0,6200.0,6200.0,6200.0,0.0,0.0,5685.0,6115.0,1.5,1.5,,0.68426132,5890.0,0.60756922,0.83048346,3.729e-05,28.15847912,-17.20860467,,
2023-07-06,1,BTC-230825-25000-C,BTCUSDT,C,230825-25000,6200.0,6200.0,6200.0,6200.0,0.0,0.0,5955.0,30590.0,1.5,1.5,,9.9999994,6941.0,0.8720952,0.78046913,2.999e-05,33.4396096,-29.01742927,27.47,837188.47694713
2023-07-06,22,BTC-230825-25000-C,BTCUSDT,C,230825-25000,6200.0,6200.0,5725.0,5725.0,0.2,0.2,5600.0,30275.0,1.5,1.5,,9.9999994,6624.0,0.85644541,0.77452622,3.16e-05,33.31495389,-28.89359585,27.47,828431.64166494
2023-07-06,21,BTC-230825-25000-C,BTCUSDT,C,230825-25000,6200.0,6200.0,6000.0,6000.0,0.1,0.1,5680.0,6115.0,1.5,1.5,,0.68184376,5887.0,0.60330629,0.83295105,3.729e-05,27.82737183,-16.98660165,27.57,833302.64709566
2023-07-06,3,BTC-230825-25000-C,BTCUSDT,C,230825-25000,6200.0,6200.0,6200.0,6200.0,0.0,0.0,6010.0,30680.0,1.5,1.5,,9.9999994,6980.0,0.88006315,0.77991867,2.977e-05,33.47996838,-29.36659108,27.47,837795.7601615
2023-07-06,17,BTC-230825-25000-C,BTCUSDT,C,230825-25000,6200.0,6200.0,6200.0,6200.0,0.0,0.0,5805.0,6245.0,1.5,1.5,,0.7063818,6015.0,0.62895536,0.82734647,3.64e-05,28.53099871,-18.09544466,27.47,832191.77148908
2023-07-06,0,BTC-230825-25000-C,BTCUSDT,C,230825-25000,6200.0,6200.0,6200.0,6200.0,0.0,0.0,5920.0,30550.0,1.5,1.5,,9.9999994,6906.0,0.87544498,0.77806582,3.011e-05,33.595024,-29.2400217,27.47,835417.80602758
2023-07-06,2,BTC-230825-25000-C,BTCUSDT,C,230825-25000,6200.0,6200.0,6200.0,6200.0,0.0,0.0,5995.0,30680.0,1.5,1.5,,9.9999994,6966.0,0.88042555,0.77920106,2.982e-05,33.53393456,-29.40161917,27.47,837142.51752414
2023-07-06,23,BTC-230825-25000-C,BTCUSDT,C,230825-25000,6200.0,6200.0,5725.0,5725.0,0.2,0.2,5270.0,30050.0,1.5,1.5,,9.9999994,6349.0,0.83468971,0.76953091,3.313e-05,33.42272289,-28.27459096,27.47,821841.28377815
2023-07-06,4,BTC-230825-25000-C,BTCUSDT,C,230825-25000,6200.0,6200.0,6200.0,6200.0,0.0,0.0,5950.0,30605.0,1.5,1.5,,9.9999994,6934.0,0.87294517,0.78024099,3.002e-05,33.40826259,-29.09084747,27.47,836845.30721753
2023-07-06,10,BTC-230825-25000-C,BTCUSDT,C,230825-25000,6200.0,6200.0,6200.0,6200.0,0.0,0.0,6675.0,7200.0,1.5,1.5,,0.7654953,6922.0,0.66858053,0.84713155,3.059e-05,27.25995193,-18.2711468,,
2023-07-07,8,BTC-230825-25000-C,BTCUSDT,C,230825-25000,6200.0,6200.0,5725.0,5725.0,0.2,0.2,5590.0,6005.0,1.5,1.5,,0.69355011,5789.0,0.62089682,0.8221814,3.81e-05,28.66374845,-18.17589033,27.47,826043.93878815
2023-07-07,11,BTC-230825-25000-C,BTCUSDT,C,230825-25000,6200.0,6200.0,5725.0,5725.0,0.2,0.2,5635.0,6055.0,1.5,1.5,,0.69437027,5836.0,0.62013626,0.82500373,3.773e-05,28.39769576,-18.03116385,27.47,827477.76251753
2023-07-07,13,BTC-230825-25000-C,BTCUSDT,C,230825-25000,6200.0,6200.0,5725.0,5725.0,0.2,0.2,5880.0,6320.0,1.5,1.5,,0.71138144,6090.0,0.63233018,0.83140339,3.585e-05,27.95155399,-18.127802,27.47,834670.02130978
2023-07-07,15,BTC-230825-25000-C,BTCUSDT,C,230825-25000,6000.0,6000.0,5725.0,5725.0,0.2,0.2,5915.0,6365.0,1.5,1.5,,0.72529793,6130.0,0.64543009,0.82803435,3.559e-05,28.28946361,-18.75910957,27.47,835518.57564713
2023-07-07,20,BTC-230825-25000-C,BTCUSDT,C,230825-25000,5725.0,5725.0,5725.0,5725.0,0.1,0.1,5725.0,30410.0,1.5,1.5,,9.9999994,6709.0,0.86671886,0.77734801,3.119e-05,32.87833293,-29.40285253,27.47,831357.97548449
2023-07-07,19,BTC-230825-25000-C,BTCUSDT,C,230825-25000,6000.0,6000.0,5725.0,5725.0,0.2,0.2,5690.0,30320.0,1.5,1.5,,9.9999994,6682.0,0.86297092,0.77724266,3.134e-05,32.87954532,-29.25163386,27.47,830171.39525057
2023-07-07,9,BTC-230825-25000-C,BTCUSDT,C,230825-25000,6200.0,6200.0,5725.0,5725.0,0.2,0.2,5685.0,6110.0,1.5,1.5,,0.70649624,5889.0,0.63228965,0.82208676,3.734e-05,28.73992991,-18.57440123,27.47,827862.86474943
2023-07-07,5,BTC-230825-25000-C,BTCUSDT,C,230825-25000,6200.0,6200.0,5725.0,5725.0,0.2,0.2,5755.0,6185.0,1.5,1.5,,0.7111311,5961.0,0.63601255,0.82335683,3.68e-05,28.72647757,-18.61160889,27.47,829894.76741421
2023-07-07,18,BTC-230825-25000-C,BTCUSDT,C,230825-25000,6000.0,6000.0,5725.0,5725.0,0.2,0.2,5690.0,6125.0,1.5,1.5,,0.70669651,5898.0,0.62982082,0.8245432,3.726e-05,28.40556044,-18.42788931,27.47,828443.70431551
2023-07-07,12,BTC-230825-25000-C,BTCUSDT,C,230825-25000,6200.0,6200.0,5725.0,5725.0,0.2,0.2,5735.0,6165.0,1.5,1.5,,0.70813656,5941.0,0.63239574,0.82472456,3.695e-05,28.49521965,-18.46652574,27.47,829737.87940776
2023-07-07,7,BTC-230825-25000-C,BTCUSDT,C,230825-25000,6200.0,6200.0,5725.0,5725.0,0.2,0.2,5385.0,5950.0,4.96,5.44,,0.69425583,5650.0,0.59262514,0.82785795,3.918e-05,28.02416409,-16.94643516,27.47,824049.11586474
2023-07-07,16,BTC-230825-25000-C,BTCUSDT,C,230825-25000,6000.0,6000.0,5725.0,5725.0,0.2,0.2,5855.0,6300.0,1.5,1.5,,0.71356535,6067.0,0.63381314,0.8301528,3.601e-05,28.02131473,-18.26249185,27.47,833875.52551753
2023-07-07,6,BTC-230825-25000-C,BTCUSDT,C,230825-25000,6200.0,6200.0,5725.0,5725.0,0.2,0.2,5385.0,6050.0,4.96,5.92,,0.69077015,5686.0,0.56370974,0.84256931,3.868e-05,26.57981663,-15.27608959,27.47,827680.48181289
2023-07-07,14,BTC-230825-25000-C,BTCUSDT,C,230825-25000,6200.0,6200.0,5725.0,5725.0,0.2,0.2,5900.0,6350.0,1.5,1.5,,0.71596622,6114.0,0.63511848,0.83143092,3.568e-05,27.95609983,-18.22627702,27.47,835054.92129022
2023-07-07,1,BTC-230825-25000-C,BTCUSDT,C,230825-25000,6200.0,6200.0,5725.0,5725.0,0.2,0.2,5670.0,6090.0,1.5,1.5,,0.71100473,5872.0,0.63893914,0.8176785,3.746e-05,29.2341106,-18.96326209,27.47,826631.09226342
2023-07-07,22,BTC-230825-25000-C,BTCUSDT,C,230825-25000,5725.0,5725.0,5725.0,5725.0,0.0,0.0,5540.0,20605.0,2.39,3.79,,5.09887695,6575.0,0.8172184,0.78684516,3.225e-05,32.07437902,-27.09226502,27.47,832657.2219615
2023-07-07,21,BTC-230825-25000-C,BTCUSDT,C,230825-25000,5725.0,5725.0,5725.0,5725.0,0.1,0.1,5540.0,20605.0,2.39,3.79,,5.10122299,6576.0,0.82035837,0.78578426,3.222e-05,32.16644909,-27.25095645,27.47,831912.35027155
2023-07-07,3,BTC-230825-25000-C,BTCUSDT,C,230825-25000,6200.0,6200.0,5725.0,5725.0,0.2,0.2,5660.0,6080.0,1.5,1.5,,0.69531202,5861.0,0.62146306,0.82469313,3.754e-05,28.5441068,-18.03976232,27.47,828006.88358474
2023-07-07,17,BTC-230825-25000-C,BTCUSDT,C,230825-25000,6000.0,6000.0,5725.0,5725.0,0.2,0.2,5755.0,6195.0,1.5,1.5,,0.71028709,5965.0,0.63219547,0.82645509,3.676e-05,28.28826055,-18.40518627,27.47,830494.1919
2023-07-07,0,BTC-230825-25000-C,BTCUSDT,C,230825-25000,6200.0,6200.0,5725.0,5725.0,0.2,0.2,5510.0,5925.0,1.5,1.5,,0.66582918,5708.0,0.59111953,0.83045888,3.87e-05,27.89852796,-16.7283457,27.47,825109.2055385
2023-07-07,2,BTC-230825-25000-C,BTCUSDT,C,230825-25000,6200.0,6200.0,5725.0,5725.0,0.2,0.2,5625.0,6045.0,1.5,1.5,,0.69451809,5826.0,0.6210041,0.82318283,3.781e-05,28.67206188,-18.09191932,27.47,826513.02297185
2023-07-07,23,BTC-230825-25000-C,BTCUSDT,C,230825-25000,5725.0,5725.0,5725.0,5725.0,0.0,0.0,5540.0,20605.0,2.39,3.79,,5.08796692,6574.0,0.80738602,0.78996788,3.233e-05,31.82664189,-26.58246152,27.47,833559.95257242
2023-07-07,4,BTC-230825-25000-C,BTCUSDT,C,230825-25000,6200.0,6200.0,5725.0,5725.0,0.2,0.2,5645.0,6060.0,1.5,1.5,,0.70161343,5844.0,0.62957764,0.82062607,3.767e-05,28.9023106,-18.52035024,27.47,826557.84108474
2023-07-07,10,BTC-230825-25000-C,BTCUSDT,C,230825-25000,6200.0,6200.0,5725.0,5725.0,0.2,0.2,5690.0,6115.0,1.5,1.5,,0.70097446,5894.0,0.62600136,0.82503006,3.73e-05,28.45282289,-18.22148496,27.47,828606.2482296
2023-07-08,8,BTC-230825-25000-C,BTCUSDT,C,230825-25000,5725.0,5725.0,5725.0,5725.0,0.0,0.0,5705.0,20345.0,1.5,1.5,,5.0297451,6687.0,0.86218414,0.77906131,3.137e-05,32.57494886,-29.28124857,27.47,831701.38369022
2023-07-08,11,BTC-230825-25000-C,BTCUSDT,C,230825-25000,5725.0,5725.0,5725.0,5725.0,0.0,0.0,5600.0,20270.0,1.5,1.5,,5.03190994,6599.0,0.85406837,0.7781458,3.186e-05,32.52853629,-29.03998683,27.47,829649.48638132
2023-07-08,13,BTC-230825-25000-C,BTCUSDT,C,230825-25000,5725.0,5725.0,5725.0,5725.0,0.0,0.0,5650.0,20270.0,1.5,1.5,,5.03316879,6633.0,0.86308775,0.77714968,3.163e-05,32.59373781,-29.45680523,27.47,829976.71747357
2023-07-08,15,BTC-230825-25000-C,BTCUSDT,C,230825-25000,5725.0,5725.0,5725.0,5725.0,0.0,0.0,5650.0,20270.0,1.5,1.5,,5.03854752,6631.0,0.86385784,0.77705171,3.164e-05,32.57018446,-29.51328925,27.47,829826.73731092
2023-07-08,20,BTC-230825-25000-C,BTCUSDT,C,230825-25000,5725.0,5725.0,5725.0,5725.0,0.0,0.0,5565.0,20130.0,1.5,1.5,,5.01204491,6559.0,0.85563002,0.77704564,3.207e-05,32.44567442,-29.24826626,27.47,828549.31266815
2023-07-08,19,BTC-230825-25000-C,BTCUSDT,C,230825-25000,5725.0,5725.0,5725.0,5725.0,0.0,0.0,5540.0,20125.0,1.5,1.5,,5.02283096,6534.0,0.85865793,0.77503051,3.215e-05,32.57638822,-29.44417614,27.47,827191.86320978
2023-07-08,9,BTC-230825-25000-C,BTCUSDT,C,230825-25000,5725.0,5725.0,5725.0,5725.0,0.0,0.0,5475.0,20495.0,2.77,5.66,,5.09881973,6510.0,0.81437168,0.78622889,3.263e-05,31.91732644,-27.12201672,27.47,830929.22312097
2023-07-08,5,BTC-230825-25000-C,BTCUSDT,C,230825-25000,5725.0,5725.0,5725.0,5725.0,0.0,0.0,5650.0,20340.0,1.5,1.5,,5.03292084,6645.0,0.8568078,0.77860163,3.16e-05,32.61742496,-29.06085705,27.47,830714.23867471
2023-07-08,18,BTC-230825-25000-C,BTCUSDT,C,230825-25000,5725.0,5725.0,5725.0,5725.0,0.0,0.0,5615.0,20215.0,1.5,1.5,,5.02637863,6603.0,0.85815725,0.77789454,3.183e-05,32.44956847,-29.28675804,27.47,829603.28244511
2023-07-08,12,BTC-230825-25000-C,BTCUSDT,C,230825-25000,5725.0,5725.0,5725.0,5725.0,0.0,0.0,5620.0,20270.0,1.5,1.5,,5.04366875,6606.0,0.86373386,0.77575199,3.174e-05,32.68175826,-29.53269521,27.47,828847.9419681
2023-07-08,7,BTC-230825-25000-C,BTCUSDT,C,230825-25000,5725.0,5725.0,5725.0,5725.0,0.0,0.0,5420.0,20420.0,3.04,5.63,,5.08322716,6464.0,0.81259308,0.78464431,3.287e-05,32.02456941,-27.10722622,27.47,829451.30089683
2023-07-08,16,BTC-230825-25000-C,BTCUSDT,C,230825-25000,5725.0,5725.0,5725.0,5725.0,0.0,0.0,5665.0,20305.0,1.5,1.5,,5.03885269,6649.0,0.85852442,0.77944497,3.16e-05,32.40649345,-29.20919598,27.47,831108.6958
2023-07-08,6,BTC-230825-25000-C,BTCUSDT,C,230825-25000,5725.0,5725.0,5725.0,5725.0,0.0,0.0,5595.0,20270.0,1.5,1.5,,5.02848625,6595.0,0.85671959,0.7766948,3.184e-05,32.69557113,-29.15274538,27.47,828992.49152299
2023-07-08,14,BTC-230825-25000-C,BTCUSDT,C,230825-25000,5725.0,5725.0,5725.0,5725.0,0.0,0.0,5650.0,20270.0,1.5,1.5,,5.03698349,6631.0,0.86408911,0.77689581,3.163e-05,32.59529818,-29.51815052,27.47,829759.95804282
2023-07-08,1,BTC-230825-25000-C,BTCUSDT,C,230825-25000,5725.0,5725.0,5725.0,5725.0,0.0,0.0,5720.0,20395.0,1.5,1.5,,5.02555847,6708.0,0.860005,0.77977446,3.127e-05,32.64025831,-29.08888268,27.47,832388.87628564
2023-07-08,22,BTC-230825-25000-C,BTCUSDT,C,230825-25000,5725.0,5725.0,5725.0,5725.0,0.0,0.0,5610.0,20205.0,1.5,1.5,,5.02368927,6600.0,0.85309086,0.77969897,3.19e-05,32.26717177,-29.05205546,27.47,830274.15372285
2023-07-08,21,BTC-230825-25000-C,BTCUSDT,C,230825-25000,5725.0,5725.0,5725.0,5725.0,0.0,0.0,5595.0,20180.0,1.5,1.5,,5.02584457,6583.0,0.85781393,0.7775091,3.194e-05,32.41813163,-29.3237801,27.47,829015.7836681
2023-07-08,3,BTC-230825-25000-C,BTCUSDT,C,230825-25000,5725.0,5725.0,5725.0,5725.0,0.0,0.0,5700.0,20440.0,1.5,1.5,,5.05544662,6688.0,0.8606678,0.778989,3.136e-05,32.65115053,-29.17140537,27.47,831687.35285948
2023-07-08,17,BTC-230825-25000-C,BTCUSDT,C,230825-25000,5725.0,5725.0,5725.0,5725.0,0.0,0.0,5670.0,20305.0,1.5,1.5,,5.04114151,6652.0,0.85974751,0.77930266,3.158e-05,32.40401993,-29.27418758,27.47,831211.45473075
2023-07-08,0,BTC-230825-25000-C,BTCUSDT,C,230825-25000,5725.0,5725.0,5725.0,5725.0,0.0,0.0,5735.0,20455.0,1.5,1.5,,5.05070686,6717.0,0.86542664,0.77844978,3.118e-05,32.75221423,-29.34733231,27.47,831888.30345603
2023-07-08,2,BTC-230825-25000-C,BTCUSDT,C,230825-25000,5725.0,5725.0,5725.0,5725.0,0.0,0.0,5805.0,20440.0,1.5,1.5,,5.02723694,6776.0,0.86798725,0.78028045,3.09e-05,32.64196212,-29.38579102,27.47,834021.20707815
2023-07-08,23,BTC-230825-25000-C,BTCUSDT,C,230825-25000,5725.0,5725.0,5725.0,5725.0,0.0,0.0,5675.0,20240.0,1.5,1.5,,5.01964569,6655.0,0.85582552,0.78125019,3.162e-05,32.18697272,-29.09833724,27.47,832000.23012185
2023-07-08,4,BTC-230825-25000-C,BTCUSDT,C,230825-25000,5725.0,5725.0,5725.0,5725.0,0.0,0.0,5665.0,20340.0,1.5,1.5,,5.03213882,6656.0,0.86064396,0.7778028,3.151e-05,32.69408244,-29.23424185,27.47,830533.71549454
2023-07-08,10,BTC-230825-25000-C,BTCUSDT,C,230825-25000,5725.0,5725.0,5725.0,5725.0,0.0,0.0,5650.0,20270.0,1.5,1.5,,5.0228405,6638.0,0.8606535,0.77772134,3.162e-05,32.6011464,-29.30369068,27.47,830225.70132758
2023-07-09,8,BTC-230825-25000-C,BTCUSDT,C,230825-25000,5725.0,5725.0,5725.0,5725.0,0.0,0.0,5690.0,20215.0,1.5,1.5,,5.02391815,6661.0,0.85650978,0.78229006,3.161e-05,31.99132238,-29.17573072,27.47,832442.90464397
2023-07-09,11,BTC-230825-25000-C,BTCUSDT,C,230825-25000,5725.0,5725.0,5725.0,5725.0,0.0,0.0,5665.0,20215.0,1.5,1.5,,5.04278183,6635.0,0.85853157,0.78096009,3.173e-05,32.02131326,-29.35014402,27.47,831416.14547357
2023-07-09,13,BTC-230825-25000-C,BTCUSDT,C,230825-25000,5725.0,5725.0,5725.0,5725.0,0.0,0.0,5640.0,20235.0,1.5,1.5,,5.05605698,6615.0,0.8538991,0.78172838,3.187e-05,31.92465978,-29.15554163,27.47,831348.86208564
2023-07-09,15,BTC-230825-25000-C,BTCUSDT,C,230825-25000,5725.0,5725.0,5725.0,5725.0,0.0,0.0,5740.0,20220.0,1.5,1.5,,5.02700806,6698.0,0.85971651,0.78361614,3.144e-05,31.8264171,-29.31609587,27.47,833632.89296925
2023-07-09,20,BTC-230825-25000-C,BTCUSDT,C,230825-25000,5725.0,5725.0,5725.0,5725.0,0.0,0.0,5565.0,20055.0,1.5,1.5,,5.02494812,6545.0,0.85142193,0.7803528,3.225e-05,31.86721694,-29.20083287,27.47,829326.45835895
2023-07-09,19,BTC-230825-25000-C,BTCUSDT,C,230825-25000,5725.0,5725.0,5725.0,5725.0,0.0,0.0,5595.0,20105.0,1.5,1.5,,5.02628326,6575.0,0.84854183,0.78231808,3.213e-05,31.76772042,-28.98519675,27.47,830765.19152948
2023-07-09,9,BTC-230825-25000-C,BTCUSDT,C,230825-25000,5725.0,5725.0,5725.0,5725.0,0.0,0.0,5650.0,20215.0,1.5,1.5,,5.03545761,6628.0,0.85332689,0.78195807,3.18e-05,31.97485915,-29.07815326,27.47,831675.69050889
2023-07-09,5,BTC-230825-25000-C,BTCUSDT,C,230825-25000,5725.0,5725.0,5725.0,5725.0,0.0,0.0,5690.0,20215.0,1.5,1.5,,5.03160477,6656.0,0.86447296,0.77942996,3.156e-05,32.22788108,-29.5859734,27.47,831274.85005718
2023-07-09,18,BTC-230825-25000-C,BTCUSDT,C,230825-25000,5725.0,5725.0,5725.0,5725.0,0.0,0.0,5675.0,20160.0,1.5,1.5,,5.03978729,6635.0,0.86291609,0.78045045,3.172e-05,31.95619492,-29.62453843,27.47,831223.04344828
2023-07-09,12,BTC-230825-25000-C,BTCUSDT,C,230825-25000,5725.0,5725.0,5725.0,5725.0,0.0,0.0,5715.0,20220.0,1.5,1.5,,5.02653122,6680.0,0.85757551,0.78316918,3.153e-05,31.88675339,-29.22025869,27.47,833126.3401319
2023-07-09,7,BTC-230825-25000-C,BTCUSDT,C,230825-25000,5725.0,5725.0,5725.0,5725.0,0.0,0.0,5465.0,20365.0,3.96,5.0,,5.09225845,6483.0,0.80948887,0.7890729,3.287e-05,31.3809648,-27.02397387,27.47,831387.4468704
2023-07-09,16,BTC-230825-25000-C,BTCUSDT,C,230825-25000,5725.0,5725.0,5725.0,5725.0,0.0,0.0,5685.0,20220.0,1.5,1.5,,5.04934311,6648.0,0.85960922,0.78174023,3.168e-05,31.90589605,-29.41189886,27.47,831919.71887242
2023-07-09,6,BTC-230825-25000-C,BTCUSDT,C,230825-25000,5725.0,5725.0,5725.0,5725.0,0.0,0.0,5645.0,20215.0,1.5,1.5,,5.03534317,6623.0,0.85579214,0.78072759,3.179e-05,32.09976214,-29.19828246,27.47,831157.76446494
2023-07-09,14,BTC-230825-25000-C,BTCUSDT,C,230825-25000,5725.0,5725.0,5725.0,5725.0,0.0,0.0,5725.0,20230.0,1.5,1.5,,5.03158569,6687.0,0.85806427,0.7835329,3.15e-05,31.83803878,-29.24432835,27.47,833558.48851207
2023-07-09,1,BTC-230825-25000-C,BTCUSDT,C,230825-25000,5725.0,5725.0,5725.0,5725.0,0.0,0.0,5735.0,20335.0,1.5,1.5,,5.04540443,6704.0,0.86026487,0.78212591,3.136e-05,32.13382486,-29.25248043,27.47,833224.58915287
2023-07-09,22,BTC-230825-25000-C,BTCUSDT,C,230825-25000,5725.0,5725.0,5725.0,5725.0,0.0,0.0,5575.0,20040.0,1.5,1.5,,5.03058434,6546.0,0.85792837,0.77873977,3.219e-05,31.94988662,-29.55332329,27.47,828816.26936
2023-07-09,21,BTC-230825-25000-C,BTCUSDT,C,230825-25000,5725.0,5725.0,5725.0,5725.0,0.0,0.0,5500.0,20055.0,1.5,1.5,,5.04095078,6491.0,0.84523973,0.78005494,3.257e-05,31.83294105,-28.98361932,27.47,828223.29547658
2023-07-09,3,BTC-230825-25000-C,BTCUSDT,C,230825-25000,5725.0,5725.0,5725.0,5725.0,0.0,0.0,5710.0,20260.0,1.5,1.5,,5.03500938,6677.0,0.86314974,0.78043438,3.147e-05,32.20294213,-29.46567588,27.47,831984.18281207
2023-07-09,17,BTC-230825-25000-C,BTCUSDT,C,230825-25000,5725.0,5725.0,5725.0,5725.0,0.0,0.0,5665.0,20145.0,1.5,1.5,,5.02212524,6634.0,0.85492668,0.78262667,3.179e-05,31.81895763,-29.19806333,27.47,832016.0993296
2023-07-09,0,BTC-230825-25000-C,BTCUSDT,C,230825-25000,5725.0,5725.0,5725.0,5725.0,0.0,0.0,5730.0,20280.0,1.5,1.5,,5.02033234,6702.0,0.85803089,0.78259641,3.139e-05,32.11368764,-29.13254198,27.47,833563.35462643
2023-07-09,2,BTC-230825-25000-C,BTCUSDT,C,230825-25000,5725.0,5725.0,5725.0,5725.0,0.0,0.0,5680.0,20255.0,1.5,1.5,,5.02686501,6659.0,0.85419474,0.78220359,3.162e-05,32.08058139,-29.02353792,27.47,832389.44077903
2023-07-09,23,BTC-230825-25000-C,BTCUSDT,C,230825-25000,5725.0,5725.0,5725.0,5725.0,0.0,0.0,5550.0,20040.0,1.5,1.5,,5.03658295,6526.0,0.85477171,0.77893668,3.232e-05,31.90707175,-29.43157063,27.47,828632.48602869
2023-07-09,4,BTC-230825-25000-C,BTCUSDT,C,230825-25000,5725.0,5725.0,5725.0,5725.0,0.0,0.0,5690.0,20260.0,1.5,1.5,,5.0409317,6660.0,0.86110411,0.78046111,3.157e-05,32.17434702,-29.39570881,27.47,831798.3558089
2023-07-09,10,BTC-230825-25000-C,BTCUSDT,C,230825-25000,5725.0,5725.0,5725.0,5725.0,0.0,0.0,5665.0,20215.0,1.5,1.5,,5.04177094,6635.0,0.85913477,0.78068085,3.172e-05,32.05499031,-29.3755199,27.47,831636.60278908
2023-07-10,8,BTC-230825-25000-C,BTCUSDT,C,230825-25000,5725.0,5725.0,5725.0,5725.0,0.0,0.0,5500.0,20050.0,1.5,3.57,,5.08126259,6473.0,0.85667429,0.77717184,3.26e-05,31.85652881,-29.6906571,27.47,826635.94285833
2023-07-10,11,BTC-230825-25000-C,BTCUSDT,C,230825-25000,5725.0,5725.0,5725.0,5725.0,0.0,0.0,5685.0,6110.0,1.5,1.5,,0.70178747,5887.0,0.62151074,0.83502056,3.727e-05,26.59845688,-18.03405641,27.47,830877.5100911
2023-07-10,13,BTC-230825-25000-C,BTCUSDT,C,230825-25000,5725.0,5725.0,5725.0,5725.0,0.0,0.0,5695.0,6270.0,1.5,3.32,,0.76289892,5967.0,0.65841794,0.82375356,3.676e-05,27.70192947,-19.93381718,27.47,830197.52193736
2023-07-10,15,BTC-230825-25000-C,BTCUSDT,C,230825-25000,5725.0,5725.0,5725.0,5725.0,0.0,0.0,5750.0,6185.0,1.5,1.5,,0.70839882,5956.0,0.62567234,0.83682609,3.674e-05,26.42514094,-18.10234553,27.47,832844.47378247
2023-07-10,20,BTC-230825-25000-C,BTCUSDT,C,230825-25000,5725.0,5725.0,5725.0,5725.0,0.0,0.0,6100.0,20480.0,1.5,1.5,,5.05232811,7001.0,0.85768042,0.79924163,3.011e-05,30.48389652,-28.75758137,27.47,845658.93430105
2023-07-10,19,BTC-230825-25000-C,BTCUSDT,C,230825-25000,5725.0,5725.0,5725.0,5725.0,0.0,0.0,6170.0,20475.0,1.5,1.5,,5.03324509,7060.0,0.86464462,0.79933838,2.981e-05,30.53464895,-29.01276188,27.47,846944.38164
2023-07-10,9,BTC-230825-25000-C,BTCUSDT,C,230825-25000,5725.0,5725.0,5725.0,5725.0,0.0,0.0,5575.0,19940.0,1.5,1.5,,5.0254631,6532.0,0.86405334,0.77760922,3.225e-05,31.85685475,-29.97388199,27.47,828551.23276264
2023-07-10,5,BTC-230825-25000-C,BTCUSDT,C,230825-25000,5725.0,5725.0,5725.0,5725.0,0.0,0.0,5505.0,19900.0,1.5,1.5,,5.02182007,6476.0,0.86050806,0.77583478,3.254e-05,31.99078693,-29.86798166,27.47,826490.29073895
2023-07-10,18,BTC-230825-25000-C,BTCUSDT,C,230825-25000,5725.0,5725.0,5725.0,5725.0,0.0,0.0,5900.0,20230.0,1.5,1.5,,5.03682137,6817.0,0.86516438,0.7897987,3.092e-05,31.08817307,-29.52941225,27.47,838572.76663763
2023-07-10,12,BTC-230825-25000-C,BTCUSDT,C,230825-25000,5725.0,5725.0,5725.0,5725.0,0.0,0.0,5640.0,6060.0,1.5,1.5,,0.7070446,5840.0,0.62906504,0.82988739,3.767e-05,27.04528917,-18.57678784,27.47,828475.46084282
2023-07-10,7,BTC-230825-25000-C,BTCUSDT,C,230825-25000,5725.0,5725.0,5725.0,5725.0,0.0,0.0,5285.0,5870.0,5.49,3.8,,0.65362453,5541.0,0.52736282,0.86147224,3.92e-05,23.62101127,-13.53980848,27.47,827126.62844105
2023-07-10,16,BTC-230825-25000-C,BTCUSDT,C,230825-25000,5725.0,5725.0,5725.0,5725.0,0.0,0.0,5725.0,20085.0,1.5,1.5,,5.03082275,6667.0,0.85861263,0.78549833,3.167e-05,31.31368398,-29.46445789,27.47,833754.87486264
2023-07-10,6,BTC-230825-25000-C,BTCUSDT,C,230825-25000,5725.0,5725.0,5725.0,5725.0,0.0,0.0,5540.0,5945.0,1.5,1.5,,0.68519592,5733.0,0.60922146,0.83266284,3.847e-05,26.77102218,-17.71164931,27.47,826294.39408948
2023-07-10,14,BTC-230825-25000-C,BTCUSDT,C,230825-25000,5725.0,5725.0,5725.0,5725.0,0.0,0.0,5760.0,6195.0,1.5,1.5,,0.71265221,5966.0,0.63051224,0.83515855,3.668e-05,26.60876478,-18.35239479,27.47,832562.74025489
2023-07-10,1,BTC-230825-25000-C,BTCUSDT,C,230825-25000,5725.0,5725.0,5725.0,5725.0,0.0,0.0,5450.0,19960.0,1.5,1.5,,5.04688263,6435.0,0.85453329,0.77542681,3.278e-05,32.04551067,-29.60426901,27.47,825398.63293895
2023-07-10,22,BTC-230825-25000-C,BTCUSDT,C,230825-25000,5725.0,5725.0,5725.0,5725.0,0.0,0.0,5700.0,20175.0,1.5,5.61,,5.08140564,6643.0,0.85477886,0.78634128,3.183e-05,31.15021054,-29.34053413,27.47,833185.40517763
2023-07-10,21,BTC-230825-25000-C,BTCUSDT,C,230825-25000,5725.0,5725.0,5725.0,5725.0,0.0,0.0,5760.0,0.0,1.5,0.0,,-1e-08,5946.0,0.62546167,0.83718199,3.68e-05,26.31009306,-18.11664292,27.47,832162.27694815
2023-07-10,3,BTC-230825-25000-C,BTCUSDT,C,230825-25000,5725.0,5725.0,5725.0,5725.0,0.0,0.0,5575.0,20050.0,1.5,1.5,,5.05102158,6539.0,0.86152372,0.77795584,3.221e-05,31.92545403,-29.7882987,27.47,828535.32559052
2023-07-10,17,BTC-230825-25000-C,BTCUSDT,C,230825-25000,5725.0,5725.0,5725.0,5725.0,0.0,0.0,5650.0,20010.0,1.5,1.5,,5.02848625,6601.0,0.85657654,0.78351643,3.201e-05,31.38919737,-29.49240569,27.47,831696.62166711
2023-07-10,0,BTC-230825-25000-C,BTCUSDT,C,230825-25000,5725.0,5725.0,5725.0,5725.0,0.0,0.0,5485.0,19960.0,1.5,1.5,,5.03116608,6468.0,0.85422573,0.77676888,3.262e-05,31.99496791,-29.52034349,27.47,826911.01479526
2023-07-10,2,BTC-230825-25000-C,BTCUSDT,C,230825-25000,5725.0,5725.0,5725.0,5725.0,0.0,0.0,5595.0,20025.0,1.5,1.5,,5.02465248,6562.0,0.85736094,0.77999455,3.214e-05,31.81867328,-29.51857239,27.47,829913.83482579
2023-07-10,23,BTC-230825-25000-C,BTCUSDT,C,230825-25000,5725.0,5725.0,5725.0,5725.0,0.0,0.0,5765.0,20230.0,1.5,5.46,,5.08359909,6699.0,0.85657654,0.78818701,3.155e-05,31.04564521,-29.33047556,27.47,835499.48444105
2023-07-10,4,BTC-230825-25000-C,BTCUSDT,C,230825-25000,5725.0,5725.0,5725.0,5725.0,0.0,0.0,5525.0,19980.0,1.5,1.5,,5.03820419,6497.0,0.85771141,0.77743712,3.245e-05,31.91467849,-29.6732468,27.47,827572.08196105
2023-07-10,10,BTC-230825-25000-C,BTCUSDT,C,230825-25000,5725.0,5725.0,5725.0,5725.0,0.0,0.0,5645.0,6070.0,1.5,1.5,,0.70343971,5847.0,0.62397718,0.83208997,3.76e-05,26.86468272,-18.27023962,27.47,829065.46512529
2023-07-11,8,BTC-230825-25000-C,BTCUSDT,C,230825-25000,5725.0,5930.0,5725.0,5930.0,0.02,0.02,5885.0,6485.0,1.5,2.04,,0.76678276,6164.0,0.65184116,0.83719752,3.527e-05,26.33785357,-19.09333757,27.45,837228.83977051
2023-07-11,11,BTC-230825-25000-C,BTCUSDT,C,230825-25000,5725.0,5930.0,5725.0,5930.0,0.02,0.02,5810.0,6400.0,1.5,4.37,,0.76333046,6086.0,0.65107584,0.83451163,3.585e-05,26.50434034,-19.24497903,27.45,834669.89970335
2023-07-11,13,BTC-230825-25000-C,BTCUSDT,C,230825-25000,5725.0,5930.0,5725.0,5930.0,0.02,0.02,5845.0,6440.0,1.5,3.2,,0.76549053,6122.0,0.65158606,0.83612155,3.557e-05,26.35086667,-19.18418816,27.45,835427.36586257
2023-07-11,15,BTC-230825-25000-C,BTCUSDT,C,230825-25000,5725.0,5930.0,5725.0,5930.0,0.02,0.02,6005.0,6455.0,1.5,1.5,,0.72997093,6217.0,0.64149141,0.84433597,3.48e-05,25.57691094,-18.36645279,27.45,839951.3210823
2023-07-11,20,BTC-230825-25000-C,BTCUSDT,C,230825-25000,5725.0,5930.0,5725.0,5930.0,0.02,0.02,5905.0,20300.0,1.5,3.19,,5.10808945,6807.0,0.85878429,0.79424847,3.107e-05,30.382054,-29.34390704,27.45,839072.57876461
2023-07-11,19,BTC-230825-25000-C,BTCUSDT,C,230825-25000,5725.0,5930.0,5725.0,5930.0,0.02,0.02,5915.0,20260.0,1.5,5.92,,5.0869751,6816.0,0.85898933,0.79444682,3.103e-05,30.38860062,-29.32974946,27.45,839371.3058118
2023-07-11,9,BTC-230825-25000-C,BTCUSDT,C,230825-25000,5725.0,5930.0,5725.0,5930.0,0.02,0.02,5825.0,6410.0,1.5,3.63,,0.75439453,6097.0,0.64145327,0.83861205,3.571e-05,26.13622027,-18.66251525,27.45,835540.03453855
2023-07-11,5,BTC-230825-25000-C,BTCUSDT,C,230825-25000,5725.0,5725.0,5725.0,5725.0,0.0,0.0,5810.0,20125.0,1.5,1.5,,5.04241943,6733.0,0.85856018,0.78966697,3.139e-05,30.87851812,-29.40228387,27.47,836455.07202
2023-07-11,18,BTC-230825-25000-C,BTCUSDT,C,230825-25000,5725.0,5930.0,5725.0,5930.0,0.02,0.02,5810.0,20195.0,1.5,5.49,,5.09270668,6725.0,0.85532722,0.79181943,3.148e-05,30.53000262,-29.31315506,27.45,836805.31856461
2023-07-11,12,BTC-230825-25000-C,BTCUSDT,C,230825-25000,5725.0,5930.0,5725.0,5930.0,0.02,0.02,5825.0,6415.0,1.5,2.91,,0.76155186,6100.0,0.64853191,0.83626435,3.572e-05,26.332611,-19.06329398,27.45,835409.70435168
2023-07-11,7,BTC-230825-25000-C,BTCUSDT,C,230825-25000,5725.0,5725.0,5725.0,5725.0,0.0,0.0,5790.0,6445.0,4.06,3.88,,0.74151993,6084.0,0.60731649,0.851881,3.551e-05,24.78855328,-16.72721489,27.47,838943.65041895
2023-07-11,16,BTC-230825-25000-C,BTCUSDT,C,230825-25000,5725.0,5930.0,5725.0,5930.0,0.02,0.02,6040.0,6495.0,1.5,1.5,,0.72995186,6254.0,0.63965321,0.84669473,3.451e-05,25.34951598,-18.16794953,27.45,841106.3298882
2023-07-11,6,BTC-230825-25000-C,BTCUSDT,C,230825-25000,5725.0,5725.0,5725.0,5725.0,0.0,0.0,6030.0,6490.0,1.5,1.5,,0.72666645,6246.0,0.63574314,0.84675358,3.456e-05,25.45577368,-17.96484295,27.47,841567.28103289
2023-07-11,14,BTC-230825-25000-C,BTCUSDT,C,230825-25000,5725.0,5930.0,5725.0,5930.0,0.02,0.02,5920.0,6375.0,1.5,1.5,,0.72201729,6134.0,0.63230991,0.84445977,3.536e-05,25.51563765,-18.04337722,27.45,837737.70787051
2023-07-11,1,BTC-230825-25000-C,BTCUSDT,C,230825-25000,5725.0,5725.0,5725.0,5725.0,0.0,0.0,5930.0,20205.0,1.5,1.5,,5.02229691,6843.0,0.85960922,0.79322324,3.085e-05,30.75547206,-29.2129068,27.47,840438.86837289
2023-07-11,22,BTC-230825-25000-C,BTCUSDT,C,230825-25000,5725.0,5930.0,5725.0,5930.0,0.02,0.02,5910.0,20270.0,1.5,4.59,,5.09758949,6810.0,0.85785208,0.79489376,3.107e-05,30.30797269,-29.29549358,27.45,839274.89172359
2023-07-11,21,BTC-230825-25000-C,BTCUSDT,C,230825-25000,5725.0,5930.0,5725.0,5930.0,0.02,0.02,5910.0,20250.0,1.5,2.13,,5.09207726,6809.0,0.86078224,0.79387606,3.105e-05,30.39729162,-29.45453134,27.45,839131.03757641
2023-07-11,3,BTC-230825-25000-C,BTCUSDT,C,230825-25000,5725.0,5725.0,5725.0,5725.0,0.0,0.0,5835.0,20125.0,1.5,1.5,,5.03168106,6756.0,0.8602911,0.78982978,3.126e-05,30.91207045,-29.43915749,27.47,837429.69792474
2023-07-11,17,BTC-230825-25000-C,BTCUSDT,C,230825-25000,5725.0,5930.0,5725.0,5930.0,0.02,0.02,5900.0,20180.0,1.5,1.5,,5.05376816,6806.0,0.85672913,0.79446447,3.108e-05,30.40796692,-29.2165056,27.45,839159.4983823
2023-07-11,0,BTC-230825-25000-C,BTCUSDT,C,230825-25000,5725.0,5725.0,5725.0,5725.0,0.0,0.0,5770.0,20230.0,1.5,2.17,,5.0834465,6703.0,0.8562952,0.78854143,3.154e-05,31.00874388,-29.31293308,27.47,835616.71670579
2023-07-11,2,BTC-230825-25000-C,BTCUSDT,C,230825-25000,5725.0,5725.0,5725.0,5725.0,0.0,0.0,5850.0,20205.0,1.5,1.5,,5.05853653,6768.0,0.86261806,0.78952898,3.119e-05,30.95742388,-29.5348493,27.47,837128.83355763
2023-07-11,23,BTC-230825-25000-C,BTCUSDT,C,230825-25000,5725.0,5930.0,5725.0,5930.0,0.02,0.02,5955.0,20150.0,1.5,1.5,,5.04112244,6848.0,0.86066303,0.79566258,3.087e-05,30.2640119,-29.37643924,27.45,840571.80734129
2023-07-11,4,BTC-230825-25000-C,BTCUSDT,C,230825-25000,5725.0,5725.0,5725.0,5725.0,0.0,0.0,5790.0,20125.0,1.5,1.5,,5.04511833,6717.0,0.85695801,0.78938312,3.147e-05,30.90148632,-29.34212672,27.47,836282.24370711
2023-07-11,10,BTC-230825-25000-C,BTCUSDT,C,230825-25000,5725.0,5930.0,5725.0,5930.0,0.02,0.02,5805.0,6395.0,1.5,5.65,,0.76444149,6081.0,0.65262079,0.83357484,3.589e-05,26.60348629,-19.34482877,27.45,834359.23206592
2023-07-12,8,BTC-230825-25000-C,BTCUSDT,C,230825-25000,5930.0,5930.0,5930.0,5930.0,0.0,0.0,6165.0,6635.0,1.5,1.5,,0.75965881,6387.0,0.66738605,0.84316249,3.374e-05,25.61449066,-19.44426469,27.45,843685.03455871
2023-07-12,11,BTC-230825-25000-C,BTCUSDT,C,230825-25000,5930.0,5930.0,5930.0,5930.0,0.0,0.0,6175.0,6650.0,1.5,1.5,,0.75416088,6398.0,0.65926075,0.84708669,3.359e-05,25.18669163,-18.94060018,27.45,844447.58587051
2023-07-12,13,BTC-230825-25000-C,BTCUSDT,C,230825-25000,5930.0,5930.0,5930.0,5930.0,0.0,0.0,6055.0,20065.0,1.5,1.5,,5.02738953,6915.0,0.87685642,0.79524287,3.05e-05,30.14474412,-30.20869199,27.45,842097.81097051
2023-07-12,15,BTC-230825-25000-C,BTCUSDT,C,230825-25000,5930.0,5930.0,5930.0,5930.0,0.0,0.0,5930.0,19920.0,1.5,1.5,,5.02206802,6800.0,0.87688265,0.79101903,3.104e-05,30.34137796,-30.46468032,27.45,837439.76557051
2023-07-12,20,BTC-230825-25000-C,BTCUSDT,C,230825-25000,5930.0,5930.0,5930.0,5930.0,0.0,0.0,5715.0,19735.0,1.5,1.5,,5.01937866,6614.0,0.863381,0.7880865,3.205e-05,30.34195336,-30.13997222,27.45,832717.3902882
2023-07-12,19,BTC-230825-25000-C,BTCUSDT,C,230825-25000,5930.0,5930.0,5930.0,5930.0,0.0,0.0,5690.0,19720.0,1.5,1.5,,5.03271103,6586.0,0.87083158,0.78464287,3.213e-05,30.57566138,-30.60487883,27.45,831478.40385871
2023-07-12,9,BTC-230825-25000-C,BTCUSDT,C,230825-25000,5930.0,5930.0,5930.0,5930.0,0.0,0.0,6140.0,6610.0,1.5,1.5,,0.75407982,6361.0,0.66112041,0.84466622,3.387e-05,25.4318341,-19.14250506,27.45,843402.19944719
2023-07-12,5,BTC-230825-25000-C,BTCUSDT,C,230825-25000,5930.0,5930.0,5930.0,5930.0,0.02,0.02,6000.0,20145.0,1.5,1.5,,5.0428772,6881.0,0.86529551,0.79629007,3.071e-05,30.15548006,-29.59553253,27.45,841472.94885871
2023-07-12,18,BTC-230825-25000-C,BTCUSDT,C,230825-25000,5930.0,5930.0,5930.0,5930.0,0.0,0.0,5910.0,19915.0,1.5,1.5,,5.02856255,6783.0,0.87346134,0.79168116,3.115e-05,30.23753578,-30.32877882,27.45,837647.8817823
2023-07-12,12,BTC-230825-25000-C,BTCUSDT,C,230825-25000,5930.0,5930.0,5930.0,5930.0,0.0,0.0,6120.0,6590.0,1.5,1.5,,0.74954987,6341.0,0.65577507,0.8462737,3.396e-05,25.21716743,-18.88120118,27.45,843128.5520118
2023-07-12,7,BTC-230825-25000-C,BTCUSDT,C,230825-25000,5930.0,5930.0,5930.0,5930.0,0.02,0.02,5850.0,6495.0,5.98,3.23,,0.70531368,6116.0,0.54863691,0.88121076,3.391e-05,21.20122808,-13.21771556,27.45,843926.22069218
2023-07-12,16,BTC-230825-25000-C,BTCUSDT,C,230825-25000,5930.0,5930.0,5930.0,5930.0,0.0,0.0,5885.0,19890.0,1.5,1.5,,5.0258255,6761.0,0.87473211,0.79019826,3.124e-05,30.35704132,-30.43469553,27.45,836206.7697
2023-07-12,6,BTC-230825-25000-C,BTCUSDT,C,230825-25000,5930.0,5930.0,5930.0,5930.0,0.02,0.02,6105.0,6575.0,1.5,1.5,,0.7419157,6325.0,0.64763308,0.84810294,3.402e-05,25.08934182,-18.44694419,27.45,843221.6033243
2023-07-12,14,BTC-230825-25000-C,BTCUSDT,C,230825-25000,5930.0,5930.0,5930.0,5930.0,0.0,0.0,6135.0,6605.0,1.5,1.5,,0.75166225,6356.0,0.6578207,0.84632621,3.387e-05,25.19856048,-18.96220821,27.45,843824.28033539
2023-07-12,1,BTC-230825-25000-C,BTCUSDT,C,230825-25000,5725.0,5930.0,5725.0,5930.0,0.02,0.02,5875.0,20225.0,1.5,5.53,,5.10233879,6775.0,0.85960922,0.79336678,3.123e-05,30.35301854,-29.48217835,27.45,838307.6699823
2023-07-12,22,BTC-230825-25000-C,BTCUSDT,C,230825-25000,5930.0,5930.0,5930.0,5930.0,0.0,0.0,5715.0,19755.0,1.5,1.5,,5.02571106,6616.0,0.85963306,0.78947916,3.207e-05,30.21511601,-29.94110182,27.45,833611.0524882
2023-07-12,21,BTC-230825-25000-C,BTCUSDT,C,230825-25000,5930.0,5930.0,5930.0,5930.0,0.0,0.0,5735.0,19755.0,1.5,1.5,,5.02696991,6629.0,0.86654959,0.78787711,3.195e-05,30.35283289,-30.2904654,27.45,833699.5738941
2023-07-12,3,BTC-230825-25000-C,BTCUSDT,C,230825-25000,5930.0,5930.0,5930.0,5930.0,0.02,0.02,5945.0,20110.0,1.5,1.5,,5.04529953,6833.0,0.86539326,0.79416321,3.093e-05,30.30768553,-29.69214319,27.45,839775.2826177
2023-07-12,17,BTC-230825-25000-C,BTCUSDT,C,230825-25000,5930.0,5930.0,5930.0,5930.0,0.0,0.0,5845.0,19900.0,1.5,1.5,,5.04377365,6725.0,0.87293205,0.78943514,3.143e-05,30.37129178,-30.41537327,27.45,835845.83772359
2023-07-12,0,BTC-230825-25000-C,BTCUSDT,C,230825-25000,5725.0,5930.0,5725.0,5930.0,0.02,0.02,5845.0,20225.0,1.5,5.53,,5.10843277,6750.0,0.85778055,0.7928009,3.136e-05,30.39067248,-29.42824572,27.45,837452.5734177
2023-07-12,2,BTC-230825-25000-C,BTCUSDT,C,230825-25000,5725.0,5930.0,5725.0,5930.0,0.02,0.02,5950.0,20110.0,1.5,1.5,,5.03742218,6840.0,0.86286602,0.79505346,3.091e-05,30.26084506,-29.5318169,27.45,840158.30377051
2023-07-12,23,BTC-230825-25000-C,BTCUSDT,C,230825-25000,5930.0,5930.0,5930.0,5930.0,0.0,0.0,5770.0,19775.0,1.5,1.5,,5.03200531,6656.0,0.87018309,0.78815215,3.18e-05,30.32392658,-30.44695497,27.45,834305.7570882
2023-07-12,4,BTC-230825-25000-C,BTCUSDT,C,230825-25000,5930.0,5930.0,5930.0,5930.0,0.02,0.02,5965.0,20110.0,1.5,1.5,,5.03267288,6853.0,0.86041985,0.79652742,3.086e-05,30.13158205,-29.37768201,27.45,840835.34994719
2023-07-12,10,BTC-230825-25000-C,BTCUSDT,C,230825-25000,5930.0,5930.0,5930.0,5930.0,0.0,0.0,6070.0,6535.0,1.5,1.5,,0.74077606,6288.0,0.64762354,0.84709616,3.428e-05,25.11907686,-18.53869078,27.45,842126.6496177
2023-07-13,8,BTC-230825-25000-C,BTCUSDT,C,230825-25000,5930.0,5930.0,5930.0,5930.0,0.0,0.0,5700.0,19725.0,1.5,1.5,,5.02437592,6601.0,0.84760008,0.79368636,3.225e-05,29.75612672,-29.35552499,27.45,834803.46757051
2023-07-13,11,BTC-230825-25000-C,BTCUSDT,C,230825-25000,5930.0,5930.0,5930.0,5930.0,0.0,0.0,5890.0,6340.0,1.5,1.5,,0.71902275,6100.0,0.62562704,0.85123709,3.542e-05,24.26190929,-17.71856313,27.45,838406.45445871
2023-07-13,13,BTC-230825-25000-C,BTCUSDT,C,230825-25000,5930.0,5930.0,5930.0,5930.0,0.0,0.0,6010.0,6470.0,1.5,1.5,,0.73111534,6224.0,0.63527584,0.85269868,3.455e-05,24.17346404,-17.96118542,27.45,841623.9949059
2023-07-13,15,BTC-230825-25000-C,BTCUSDT,C,230825-25000,5930.0,5930.0,5930.0,5930.0,0.0,0.0,5965.0,6645.0,2.47,4.35,,0.72098732,6224.0,0.5385828,0.89331333,3.232e-05,19.43874544,-12.26879431,27.45,848784.83442359
2023-07-13,20,BTC-230825-25000-C,BTCUSDT,C,230825-25000,5930.0,5930.0,5930.0,5930.0,0.0,0.0,6400.0,20100.0,2.84,1.5,,4.89374161,7433.0,0.87477036,0.81838627,2.82e-05,28.22613038,-29.07718395,27.45,859812.89310978
2023-07-13,19,BTC-230825-25000-C,BTCUSDT,C,230825-25000,5930.0,5930.0,5930.0,5930.0,0.0,0.0,6820.0,7530.0,5.8,3.22,,0.8340168,7129.0,0.67353725,0.87210119,2.879e-05,22.56524218,-17.88062014,27.45,868197.12156592
2023-07-13,9,BTC-230825-25000-C,BTCUSDT,C,230825-25000,5930.0,5930.0,5930.0,5930.0,0.0,0.0,5925.0,6375.0,1.5,1.5,,0.72156906,6135.0,0.62832117,0.85134935,3.518e-05,24.29851723,-17.78710914,27.45,839201.52594719
2023-07-13,5,BTC-230825-25000-C,BTCUSDT,C,230825-25000,5930.0,5930.0,5930.0,5930.0,0.0,0.0,5610.0,19660.0,1.5,1.5,,5.02101898,6525.0,0.84473429,0.79105486,3.265e-05,29.9345005,-29.34625782,27.45,832346.1887823
2023-07-13,18,BTC-230825-25000-C,BTCUSDT,C,230825-25000,5930.0,5930.0,5930.0,5930.0,0.0,0.0,6250.0,6950.0,1.5,5.54,,0.72381496,6420.0,0.46190748,0.93281471,2.638e-05,13.8852733,-7.5381507,27.45,857677.45504944
2023-07-13,12,BTC-230825-25000-C,BTCUSDT,C,230825-25000,5930.0,5930.0,5930.0,5930.0,0.0,0.0,5895.0,6340.0,1.5,1.5,,0.72649479,6104.0,0.63561201,0.84747463,3.549e-05,24.63799939,-18.29819369,27.45,837824.48862359
2023-07-13,7,BTC-230825-25000-C,BTCUSDT,C,230825-25000,5930.0,5930.0,5930.0,5930.0,0.0,0.0,5485.0,6135.0,2.22,5.01,,0.69635868,5757.0,0.54302454,0.87208956,3.696e-05,21.80152394,-13.76599921,27.45,833531.6477118
2023-07-13,16,BTC-230825-25000-C,BTCUSDT,C,230825-25000,5930.0,5930.0,5930.0,5930.0,0.0,0.0,5920.0,6600.0,2.22,4.01,,0.72832584,6193.0,0.5569005,0.88438176,3.32e-05,20.53029097,-13.41152637,27.45,845534.3216823
2023-07-13,6,BTC-230825-25000-C,BTCUSDT,C,230825-25000,5930.0,5930.0,5930.0,5930.0,0.0,0.0,5740.0,6170.0,1.5,1.5,,0.70309877,5941.0,0.61478496,0.84837657,3.661e-05,24.50275674,-17.49923195,27.45,834015.46526461
2023-07-13,14,BTC-230825-25000-C,BTCUSDT,C,230825-25000,5930.0,5930.0,5930.0,5930.0,0.0,0.0,5945.0,6395.0,1.5,1.5,,0.73187828,6156.0,0.63971758,0.84824944,3.512e-05,24.57221967,-18.40305555,27.45,838988.9822118
2023-07-13,1,BTC-230825-25000-C,BTCUSDT,C,230825-25000,5930.0,5930.0,5930.0,5930.0,0.0,0.0,5760.0,19740.0,1.5,1.5,,5.02147675,6648.0,0.86698112,0.78900887,3.187e-05,30.22859982,-30.29782481,27.45,834096.39432359
2023-07-13,22,BTC-230825-25000-C,BTCUSDT,C,230825-25000,5930.0,5930.0,5930.0,5930.0,0.0,0.0,6450.0,20075.0,5.36,1.5,,4.90512848,7536.0,0.92608757,0.80819439,2.762e-05,29.12049779,-31.82079489,27.45,859666.53634609
2023-07-13,21,BTC-230825-25000-C,BTCUSDT,C,230825-25000,5930.0,5930.0,5930.0,5930.0,0.0,0.0,6320.0,20045.0,5.34,1.5,,4.90999222,7392.0,0.89245148,0.8121705,2.834e-05,28.70763263,-30.20058407,27.45,858161.86308799
2023-07-13,3,BTC-230825-25000-C,BTCUSDT,C,230825-25000,5930.0,5930.0,5930.0,5930.0,0.0,0.0,5575.0,19650.0,1.5,1.5,,5.01980782,6497.0,0.84080753,0.79084634,3.282e-05,29.95807023,-29.17640662,27.45,831719.02087051
2023-07-13,17,BTC-230825-25000-C,BTCUSDT,C,230825-25000,5930.0,5930.0,5930.0,5930.0,0.0,0.0,6145.0,6850.0,2.04,3.77,,0.74687481,6420.0,0.56302786,0.89016574,3.143e-05,19.93724519,-13.18029912,27.45,853839.10604129
2023-07-13,0,BTC-230825-25000-C,BTCUSDT,C,230825-25000,5930.0,5930.0,5930.0,5930.0,0.0,0.0,5705.0,19725.0,1.5,1.5,,5.02351761,6604.0,0.86046276,0.78902526,3.213e-05,30.21017772,-30.02278265,27.45,833206.34583539
2023-07-13,2,BTC-230825-25000-C,BTCUSDT,C,230825-25000,5930.0,5930.0,5930.0,5930.0,0.0,0.0,5485.0,19740.0,5.2,1.5,,5.03959656,6420.0,0.80368099,0.79900643,3.347e-05,29.30960364,-27.25812732,27.45,832339.30367641
2023-07-13,23,BTC-230825-25000-C,BTCUSDT,C,230825-25000,5930.0,5930.0,5930.0,5930.0,0.0,0.0,6535.0,20215.0,2.09,1.5,,4.91559029,7588.0,0.90439148,0.81585235,2.747e-05,28.51197596,-30.45588315,27.45,863749.92293408
2023-07-13,4,BTC-230825-25000-C,BTCUSDT,C,230825-25000,5930.0,5930.0,5930.0,5930.0,0.0,0.0,5595.0,19655.0,1.5,1.5,,5.02437592,6512.0,0.8462101,0.7899425,3.271e-05,30.01900849,-29.4520363,27.45,831558.8808
2023-07-13,10,BTC-230825-25000-C,BTCUSDT,C,230825-25000,5930.0,5930.0,5930.0,5930.0,0.0,0.0,5955.0,6410.0,1.5,1.5,,0.73354244,6168.0,0.64071655,0.84786341,3.505e-05,24.66817245,-18.43183924,27.45,839576.22167641
2023-07-14,8,BTC-230825-25000-C,BTCUSDT,C,230825-25000,5930.0,5930.0,5930.0,5930.0,0.0,0.0,6285.0,6955.0,2.38,2.25,,0.73862553,6531.0,0.54703951,0.90226636,2.978e-05,18.28095745,-11.91706442,27.45,857419.03592318
2023-07-14,11,BTC-230825-25000-C,BTCUSDT,C,230825-25000,5930.0,5930.0,5930.0,5930.0,0.0,0.0,6265.0,6930.0,2.45,5.44,,0.74088097,6517.0,0.55655003,0.89825224,3.022e-05,18.77857795,-12.49149222,27.45,856798.10184078
2023-07-14,13,BTC-230825-25000-C,BTCUSDT,C,230825-25000,5930.0,5930.0,5930.0,5930.0,0.0,0.0,6305.0,6975.0,5.67,2.03,,0.74486256,6557.0,0.5573535,0.89947722,2.99e-05,18.62096838,-12.42929216,27.45,858100.77326369
2023-07-14,15,BTC-230825-25000-C,BTCUSDT,C,230825-25000,5930.0,5930.0,5930.0,5930.0,0.0,0.0,6305.0,6975.0,5.67,2.03,,0.74941635,6563.0,0.56661606,0.89615488,3.016e-05,19.04067947,-12.9465021,27.45,857447.33958799
2023-07-14,20,BTC-230825-25000-C,BTCUSDT,C,230825-25000,5930.0,5930.0,5930.0,5930.0,0.0,0.0,5460.0,19330.0,1.5,1.5,,5.0319767,6661.0,0.94081945,0.77442328,3.138e-05,30.55991177,-34.67499676,27.45,828948.6741757
2023-07-14,19,BTC-230825-25000-C,BTCUSDT,C,230825-25000,5930.0,5930.0,5930.0,5930.0,0.0,0.0,5270.0,19415.0,4.37,4.06,,5.08886337,6495.0,0.9060771,0.7768302,3.245e-05,30.30911169,-33.08721004,27.45,826208.18080223
2023-07-14,9,BTC-230825-25000-C,BTCUSDT,C,230825-25000,5930.0,5930.0,5930.0,5930.0,0.0,0.0,6285.0,6955.0,2.38,2.25,,0.75637817,6556.0,0.58474541,0.88790503,3.084e-05,20.14512989,-14.05141423,27.45,856488.5714176
2023-07-14,5,BTC-230825-25000-C,BTCUSDT,C,230825-25000,5930.0,5930.0,5930.0,5930.0,0.0,0.0,6480.0,7160.0,5.11,5.41,,0.77885151,6761.0,0.61032057,0.88441696,2.997e-05,20.74337432,-15.04170833,27.45,860825.8373243
2023-07-14,18,BTC-230825-25000-C,BTCUSDT,C,230825-25000,5930.0,5930.0,5930.0,5930.0,0.0,0.0,5395.0,19325.0,1.5,1.5,,5.05292892,6606.0,0.94361372,0.77119927,3.159e-05,30.74840356,-34.92228601,27.45,826064.4875933
2023-07-14,12,BTC-230825-25000-C,BTCUSDT,C,230825-25000,5930.0,5930.0,5930.0,5930.0,0.0,0.0,6265.0,6930.0,2.45,5.44,,0.76656818,6544.0,0.60480356,0.8798452,3.143e-05,21.09204628,-15.26206324,27.45,854901.06250559
2023-07-14,7,BTC-230825-25000-C,BTCUSDT,C,230825-25000,5930.0,5930.0,5930.0,5930.0,0.0,0.0,6240.0,6975.0,3.72,2.81,,0.79192638,6549.0,0.61914206,0.87378074,3.173e-05,21.86387123,-16.11528386,27.45,853967.52721983
2023-07-14,16,BTC-230825-25000-C,BTCUSDT,C,230825-25000,5930.0,5930.0,5930.0,5930.0,0.0,0.0,6305.0,20415.0,3.01,5.44,,5.11169434,7375.0,0.90642281,0.81007277,2.84e-05,28.59679951,-31.13607692,27.45,856826.55331313
2023-07-14,6,BTC-230825-25000-C,BTCUSDT,C,230825-25000,5930.0,5930.0,5930.0,5930.0,0.0,0.0,6385.0,7065.0,2.23,2.71,,0.76441765,6658.0,0.58947563,0.88919469,3.019e-05,20.07470998,-14.07359654,27.45,859020.32714832
2023-07-14,14,BTC-230825-25000-C,BTCUSDT,C,230825-25000,5930.0,5930.0,5930.0,5930.0,0.0,0.0,6310.0,6975.0,1.5,2.03,,0.72694302,6491.0,0.4889369,0.92559949,2.719e-05,14.88929211,-8.72717961,27.45,859413.86060447
2023-07-14,1,BTC-230825-25000-C,BTCUSDT,C,230825-25000,5930.0,5930.0,5930.0,5930.0,0.0,0.0,6435.0,20150.0,1.5,1.5,,4.90717888,7418.0,0.85539169,0.82401585,2.829e-05,27.65301369,-27.99307896,27.45,862375.45920335
2023-07-14,22,BTC-230825-25000-C,BTCUSDT,C,230825-25000,5930.0,5930.0,5930.0,5930.0,0.0,0.0,5485.0,19330.0,1.5,1.5,,5.02338409,6681.0,0.93761511,0.77632674,3.132e-05,30.42518135,-34.47383896,27.45,830350.56075838
2023-07-14,21,BTC-230825-25000-C,BTCUSDT,C,230825-25000,5930.0,5930.0,5930.0,5930.0,0.0,0.0,5490.0,19325.0,1.5,1.5,,5.01605988,6687.0,0.93669481,0.77666599,3.13e-05,30.42308217,-34.40298024,27.45,830013.92119777
2023-07-14,3,BTC-230825-25000-C,BTCUSDT,C,230825-25000,5930.0,5930.0,5930.0,5930.0,0.0,0.0,6480.0,20620.0,5.11,5.58,,5.07808685,7468.0,0.86222,0.82399962,2.806e-05,27.66274515,-28.28225171,27.45,863396.17086257
2023-07-14,17,BTC-230825-25000-C,BTCUSDT,C,230825-25000,5930.0,5930.0,5930.0,5930.0,0.0,0.0,5935.0,19780.0,1.5,1.5,,5.03288269,7077.0,0.94372339,0.78945167,2.951e-05,29.91419776,-33.94475391,27.45,843449.26336816
2023-07-14,0,BTC-230825-25000-C,BTCUSDT,C,230825-25000,5930.0,5930.0,5930.0,5930.0,0.0,0.0,6535.0,20235.0,2.09,1.5,,4.92893219,7592.0,0.90958424,0.81473545,2.744e-05,28.59549728,-30.75074652,27.45,863268.49216481
2023-07-14,2,BTC-230825-25000-C,BTCUSDT,C,230825-25000,5930.0,5930.0,5930.0,5930.0,0.0,0.0,6515.0,20165.0,3.83,1.5,,4.90253448,7549.0,0.89070625,0.81864223,2.767e-05,28.20415848,-29.75906007,27.45,863974.1079891
2023-07-14,23,BTC-230825-25000-C,BTCUSDT,C,230825-25000,5930.0,5930.0,5930.0,5930.0,0.0,0.0,5535.0,19395.0,1.5,1.5,,5.02552986,6724.0,0.93163319,0.7797341,3.118e-05,30.22362614,-34.06128053,27.45,832062.90080782
2023-07-14,4,BTC-230825-25000-C,BTCUSDT,C,230825-25000,5930.0,5930.0,5930.0,5930.0,0.0,0.0,6480.0,20165.0,5.11,1.5,,4.92872238,7539.0,0.90751953,0.81395916,2.768e-05,28.56565332,-30.77018539,27.45,861675.86126369
2023-07-14,10,BTC-230825-25000-C,BTCUSDT,C,230825-25000,5930.0,5930.0,5930.0,5930.0,0.0,0.0,6285.0,6955.0,2.38,2.25,,0.76151371,6560.0,0.59360743,0.88462981,3.104e-05,20.54305554,-14.56060531,27.45,855643.49149442
2023-07-15,8,BTC-230825-25000-C,BTCUSDT,C,230825-25000,5930.0,5930.0,5930.0,5930.0,0.0,0.0,5545.0,19345.0,1.5,1.5,,5.02717972,6723.0,0.93416281,0.78015537,3.12e-05,30.05860887,-34.27828262,27.45,832219.56187905
2023-07-15,11,BTC-230825-25000-C,BTCUSDT,C,230825-25000,5930.0,5930.0,5930.0,5930.0,0.0,0.0,5550.0,19345.0,1.5,1.5,,5.03644943,6724.0,0.93722649,0.77976645,3.118e-05,30.03833522,-34.47271273,27.45,832077.14162626
2023-07-15,13,BTC-230825-25000-C,BTCUSDT,C,230825-25000,5930.0,5930.0,5930.0,5930.0,0.0,0.0,5570.0,19285.0,1.5,1.5,,5.01373291,6739.0,0.93964167,0.77998251,3.11e-05,30.00434025,-34.59302117,27.45,832452.66064274
2023-07-15,15,BTC-230825-25000-C,BTCUSDT,C,230825-25000,5930.0,5930.0,5930.0,5930.0,0.0,0.0,5550.0,19285.0,1.5,1.5,,5.02641678,6719.0,0.9401638,0.77932024,3.119e-05,30.00225966,-34.68077523,27.45,831804.78332961
2023-07-15,20,BTC-230825-25000-C,BTCUSDT,C,230825-25000,5930.0,5930.0,5930.0,5930.0,0.0,0.0,5555.0,19280.0,1.5,1.5,,5.03762245,6718.0,0.94237156,0.77932705,3.12e-05,29.92404433,-34.85012595,27.45,831802.69378483
2023-07-15,19,BTC-230825-25000-C,BTCUSDT,C,230825-25000,5930.0,5930.0,5930.0,5930.0,0.0,0.0,5545.0,19280.0,1.5,1.5,,5.026474,6711.0,0.93250103,0.78151806,3.131e-05,29.7942673,-34.30021853,27.45,832517.39739553
2023-07-15,9,BTC-230825-25000-C,BTCUSDT,C,230825-25000,5930.0,5930.0,5930.0,5930.0,0.0,0.0,5565.0,19345.0,1.5,1.5,,5.01916885,6739.0,0.93146629,0.78163724,3.115e-05,29.9589134,-34.1006641,27.45,833112.74868129
2023-07-15,5,BTC-230825-25000-C,BTCUSDT,C,230825-25000,5930.0,5930.0,5930.0,5930.0,0.0,0.0,5510.0,19310.0,1.5,1.5,,5.01304626,6695.0,0.92941589,0.77995047,3.135e-05,30.09858028,-34.04554686,27.45,831603.35764274
2023-07-15,18,BTC-230825-25000-C,BTCUSDT,C,230825-25000,5930.0,5930.0,5930.0,5930.0,0.0,0.0,5560.0,19280.0,1.5,1.5,,5.02542496,6725.0,0.9380228,0.78049085,3.119e-05,29.88545595,-34.57335811,27.45,832388.04756592
2023-07-15,12,BTC-230825-25000-C,BTCUSDT,C,230825-25000,5930.0,5930.0,5930.0,5930.0,0.0,0.0,5580.0,19345.0,1.5,1.5,,5.02696991,6749.0,0.93632288,0.78112387,3.108e-05,29.95324942,-34.37700282,27.45,833109.25471517
2023-07-15,7,BTC-230825-25000-C,BTCUSDT,C,230825-25000,5930.0,5930.0,5930.0,5930.0,0.0,0.0,5390.0,19510.0,2.62,4.6,,5.08300781,6542.0,0.86767025,0.7912305,3.256e-05,29.20135002,-30.89894575,27.45,832733.46207682
2023-07-15,16,BTC-230825-25000-C,BTCUSDT,C,230825-25000,5930.0,5930.0,5930.0,5930.0,0.0,0.0,5520.0,19240.0,1.5,1.5,,5.0188446,6692.0,0.93763418,0.77903818,3.134e-05,29.986145,-34.60434034,27.45,831184.51283531
2023-07-15,6,BTC-230825-25000-C,BTCUSDT,C,230825-25000,5930.0,5930.0,5930.0,5930.0,0.0,0.0,5535.0,19320.0,1.5,1.5,,5.01441002,6716.0,0.9327013,0.78003022,3.123e-05,30.09264689,-34.19382956,27.45,832040.1354067
2023-07-15,14,BTC-230825-25000-C,BTCUSDT,C,230825-25000,5930.0,5930.0,5930.0,5930.0,0.0,0.0,5545.0,19285.0,1.5,1.5,,5.02989769,6716.0,0.94331093,0.7782181,3.118e-05,30.08472347,-34.85679471,27.45,831241.93163743
2023-07-15,1,BTC-230825-25000-C,BTCUSDT,C,230825-25000,5930.0,5930.0,5930.0,5930.0,0.0,0.0,5585.0,19445.0,1.5,1.5,,5.04226685,6764.0,0.93990631,0.77942525,3.094e-05,30.24146984,-34.4535035,27.45,832822.54185168
2023-07-15,22,BTC-230825-25000-C,BTCUSDT,C,230825-25000,5930.0,5930.0,5930.0,5930.0,0.0,0.0,5555.0,19215.0,1.5,1.5,,5.0226593,6715.0,0.94663925,0.77834973,3.119e-05,29.95280458,-35.11392246,27.45,831346.59154944
2023-07-15,21,BTC-230825-25000-C,BTCUSDT,C,230825-25000,5930.0,5930.0,5930.0,5930.0,0.0,0.0,5550.0,19205.0,1.5,1.5,,5.01049995,6713.0,0.94077415,0.77966616,3.124e-05,29.88353437,-34.77976167,27.45,831828.50495614
2023-07-15,3,BTC-230825-25000-C,BTCUSDT,C,230825-25000,5930.0,5930.0,5930.0,5930.0,0.0,0.0,5520.0,19370.0,1.5,1.5,,5.0322628,6706.0,0.93286819,0.77921957,3.126e-05,30.18355495,-34.19911396,27.45,831533.26964832
2023-07-15,17,BTC-230825-25000-C,BTCUSDT,C,230825-25000,5930.0,5930.0,5930.0,5930.0,0.0,0.0,5515.0,19255.0,1.5,1.5,,5.02616882,6687.0,0.93543596,0.77953389,3.138e-05,29.93562687,-34.50043608,27.45,831269.38163743
2023-07-15,0,BTC-230825-25000-C,BTCUSDT,C,230825-25000,5930.0,5930.0,5930.0,5930.0,0.0,0.0,5550.0,19395.0,1.5,1.5,,5.02307892,6735.0,0.9320528,0.78022179,3.113e-05,30.18534559,-34.06780394,27.45,832364.19019777
2023-07-15,2,BTC-230825-25000-C,BTCUSDT,C,230825-25000,5930.0,5930.0,5930.0,5930.0,0.0,0.0,5510.0,19370.0,1.5,1.5,,5.03074646,6699.0,0.9306819,0.7793693,3.131e-05,30.18391942,-34.08487702,27.45,831480.55659888
2023-07-15,23,BTC-230825-25000-C,BTCUSDT,C,230825-25000,5930.0,5930.0,5930.0,5930.0,0.0,0.0,5545.0,19215.0,1.5,1.5,,5.02401352,6706.0,0.94307013,0.77904794,3.126e-05,29.88715125,-34.94091495,27.45,831317.61520866
2023-07-15,4,BTC-230825-25000-C,BTCUSDT,C,230825-25000,5930.0,5930.0,5930.0,5930.0,0.0,0.0,5520.0,19370.0,1.5,1.5,,5.03370285,6705.0,0.93209333,0.77950731,3.128e-05,30.14913551,-34.16632259,27.45,831803.14839553
2023-07-15,10,BTC-230825-25000-C,BTCUSDT,C,230825-25000,5930.0,5930.0,5930.0,5930.0,0.0,0.0,5570.0,19345.0,1.5,1.5,,5.02969742,6742.0,0.93947716,0.77977413,3.107e-05,30.06585685,-34.55189937,27.45,832476.86189022
2023-07-16,8,BTC-230825-25000-C,BTCUSDT,C,230825-25000,5930.0,5930.0,5930.0,5930.0,0.0,0.0,5495.0,19135.0,1.5,1.5,,5.01371384,6653.0,0.92745132,0.78221965,3.166e-05,29.50916887,-34.24606026,27.45,831665.16581021
2023-07-16,11,BTC-230825-25000-C,BTCUSDT,C,230825-25000,5930.0,5930.0,5930.0,5930.0,0.0,0.0,5625.0,19145.0,1.5,1.5,,5.02267838,6758.0,0.96210785,0.77771087,3.092e-05,29.8199473,-36.01254856,27.45,831899.32473407
2023-07-16,13,BTC-230825-25000-C,BTCUSDT,C,230825-25000,5930.0,5930.0,5930.0,5930.0,0.0,0.0,5640.0,19145.0,1.5,1.5,,5.02871513,6767.0,0.96673317,0.77713953,3.085e-05,29.83000924,-36.27377483,27.45,831774.6939067
2023-07-16,15,BTC-230825-25000-C,BTCUSDT,C,230825-25000,5930.0,5930.0,5930.0,5930.0,0.0,0.0,5570.0,19210.0,1.5,1.5,,5.03523827,6710.0,0.92862196,0.78510993,3.141e-05,29.25274112,-34.24125612,27.45,833917.1664067
2023-07-16,20,BTC-230825-25000-C,BTCUSDT,C,230825-25000,5930.0,5930.0,5930.0,5930.0,0.0,0.0,5600.0,19065.0,1.5,1.5,,5.02620697,6725.0,0.964709,0.77691722,3.108e-05,29.7059455,-36.31372898,27.45,831012.95942318
2023-07-16,19,BTC-230825-25000-C,BTCUSDT,C,230825-25000,5930.0,5930.0,5930.0,5930.0,0.0,0.0,5590.0,19065.0,1.5,1.5,,5.02840042,6717.0,0.9653718,0.77629195,3.111e-05,29.75430998,-36.35944728,27.45,830465.11775279
2023-07-16,9,BTC-230825-25000-C,BTCUSDT,C,230825-25000,5930.0,5930.0,5930.0,5930.0,0.0,0.0,5515.0,19145.0,1.5,1.5,,5.01832962,6670.0,0.93206234,0.78179028,3.155e-05,29.53305198,-34.48013054,27.45,831826.113152
2023-07-16,5,BTC-230825-25000-C,BTCUSDT,C,230825-25000,5930.0,5930.0,5930.0,5930.0,0.0,0.0,5475.0,19085.0,1.5,1.5,,5.00558853,6640.0,0.93722172,0.77868117,3.164e-05,29.77160189,-34.80571785,27.45,830030.07748352
2023-07-16,18,BTC-230825-25000-C,BTCUSDT,C,230825-25000,5930.0,5930.0,5930.0,5930.0,0.0,0.0,5580.0,19065.0,1.5,1.5,,5.02000809,6713.0,0.95865078,0.77770131,3.118e-05,29.68036843,-35.97863015,27.45,830927.22492849
2023-07-16,12,BTC-230825-25000-C,BTCUSDT,C,230825-25000,5930.0,5930.0,5930.0,5930.0,0.0,0.0,5615.0,19145.0,1.5,1.5,,5.0293541,6748.0,0.96250839,0.77733915,3.097e-05,29.82048209,-36.06591321,27.45,831557.57647262
2023-07-16,7,BTC-230825-25000-C,BTCUSDT,C,230825-25000,5930.0,5930.0,5930.0,5930.0,0.0,0.0,5400.0,19285.0,4.9,5.13,,5.08056641,6564.0,0.90532131,0.7845132,3.226e-05,29.31285817,-33.17192482,27.45,830780.89531313
2023-07-16,16,BTC-230825-25000-C,BTCUSDT,C,230825-25000,5930.0,5930.0,5930.0,5930.0,0.0,0.0,5685.0,19150.0,1.5,1.5,,5.01909256,6804.0,0.96509285,0.77942657,3.071e-05,29.66680906,-36.12771853,27.45,833484.43073073
2023-07-16,6,BTC-230825-25000-C,BTCUSDT,C,230825-25000,5930.0,5930.0,5930.0,5930.0,0.0,0.0,5495.0,19135.0,1.5,1.5,,5.02130508,6656.0,0.93794174,0.77927588,3.156e-05,29.729878,-34.81983621,27.45,830618.06854944
2023-07-16,14,BTC-230825-25000-C,BTCUSDT,C,230825-25000,5930.0,5930.0,5930.0,5930.0,0.0,0.0,5585.0,19210.0,1.5,1.5,,5.02527237,6723.0,0.92668123,0.78603979,3.136e-05,29.21606907,-34.09104933,27.45,834364.85780782
2023-07-16,1,BTC-230825-25000-C,BTCUSDT,C,230825-25000,5930.0,5930.0,5930.0,5930.0,0.0,0.0,5525.0,19215.0,1.5,1.5,,5.03688812,6687.0,0.9436614,0.7783624,3.135e-05,29.88585235,-35.03367598,27.45,830821.34334078
2023-07-16,22,BTC-230825-25000-C,BTCUSDT,C,230825-25000,5930.0,5930.0,5930.0,5930.0,0.0,0.0,5625.0,19085.0,1.5,1.5,,5.02275467,6747.0,0.95972843,0.77934048,3.103e-05,29.53988164,-36.00032501,27.45,832449.96089022
2023-07-16,21,BTC-230825-25000-C,BTCUSDT,C,230825-25000,5930.0,5930.0,5930.0,5930.0,0.0,0.0,5625.0,19065.0,1.5,1.5,,5.02241135,6745.0,0.96674747,0.77732361,3.098e-05,29.67889542,-36.39575743,27.45,831560.60215821
2023-07-16,3,BTC-230825-25000-C,BTCUSDT,C,230825-25000,5930.0,5930.0,5930.0,5930.0,0.0,0.0,5440.0,19105.0,1.5,1.5,,5.02443314,6611.0,0.9398181,0.7765794,3.174e-05,29.91398291,-34.99630004,27.45,828705.2349067
2023-07-16,17,BTC-230825-25000-C,BTCUSDT,C,230825-25000,5930.0,5930.0,5930.0,5930.0,0.0,0.0,5715.0,19160.0,1.5,1.5,,5.01962662,6828.0,0.96870251,0.77956675,3.058e-05,29.6585612,-36.29092318,27.45,833995.27824721
2023-07-16,0,BTC-230825-25000-C,BTCUSDT,C,230825-25000,5930.0,5930.0,5930.0,5930.0,0.0,0.0,5545.0,19215.0,1.5,1.5,,5.02319336,6705.0,0.94053335,0.77981305,3.129e-05,29.82277972,-34.80783154,27.45,831736.14928017
2023-07-16,2,BTC-230825-25000-C,BTCUSDT,C,230825-25000,5930.0,5930.0,5930.0,5930.0,0.0,0.0,5510.0,19175.0,1.5,1.5,,5.02801895,6673.0,0.94283409,0.77814598,3.143e-05,29.87431107,-35.02571294,27.45,830624.922
2023-07-16,23,BTC-230825-25000-C,BTCUSDT,C,230825-25000,5930.0,5930.0,5930.0,5930.0,0.0,0.0,5545.0,18985.0,1.5,1.5,,5.01585007,6676.0,0.96014805,0.77649945,3.136e-05,29.65092518,-36.18974946,27.45,829781.85407151
2023-07-16,4,BTC-230825-25000-C,BTCUSDT,C,230825-25000,5930.0,5930.0,5930.0,5930.0,0.0,0.0,5410.0,19050.0,1.5,1.5,,5.01405716,6584.0,0.93818016,0.77604294,3.188e-05,29.91307717,-34.97052641,27.45,827978.12663743
2023-07-16,10,BTC-230825-25000-C,BTCUSDT,C,230825-25000,5930.0,5930.0,5930.0,5930.0,0.0,0.0,5500.0,19145.0,1.5,1.5,,5.02516747,6655.0,0.93121834,0.78157736,3.163e-05,29.52155113,-34.47147561,27.45,831481.43741201
2023-07-17,8,BTC-230825-25000-C,BTCUSDT,C,230825-25000,5930.0,5930.0,5930.0,5930.0,0.0,0.0,5605.0,6020.0,1.5,1.5,,0.72009563,5799.0,0.6300211,0.84869516,3.765e-05,23.18460759,-18.74667918,27.45,830747.0594176
2023-07-17,11,BTC-230825-25000-C,BTCUSDT,C,230825-25000,5930.0,5930.0,5930.0,5930.0,0.0,0.0,5505.0,5915.0,1.5,1.5,,0.7117939,5697.0,0.6228447,0.84748947,3.847e-05,23.19427464,-18.60054931,27.45,828044.4410109
2023-07-17,13,BTC-230825-25000-C,BTCUSDT,C,230825-25000,5930.0,5930.0,5930.0,5930.0,0.0,0.0,5615.0,6035.0,1.5,1.5,,0.71976185,5811.0,0.6274724,0.8509472,3.75e-05,22.91162569,-18.55020449,27.45,831403.34668687
2023-07-17,15,BTC-230825-25000-C,BTCUSDT,C,230825-25000,5930.0,5930.0,5930.0,5930.0,0.0,0.0,5535.0,5945.0,1.5,1.5,,0.72111607,5728.0,0.63288927,0.84528055,3.829e-05,23.37534568,-19.13017378,27.45,828360.99984078
2023-07-17,20,BTC-230825-25000-C,BTCUSDT,C,230825-25000,5930.0,5930.0,5930.0,5930.0,0.0,0.0,5275.0,18610.0,1.5,1.5,,5.02326012,6416.0,0.96236534,0.76794207,3.264e-05,29.64479722,-37.09094276,27.45,821427.2601882
2023-07-17,19,BTC-230825-25000-C,BTCUSDT,C,230825-25000,5930.0,5930.0,5930.0,5930.0,0.0,0.0,5270.0,18570.0,1.5,1.5,,5.01426697,6409.0,0.96724577,0.76627108,3.262e-05,29.75008087,-37.37094963,27.45,820156.09267051
2023-07-17,9,BTC-230825-25000-C,BTCUSDT,C,230825-25000,5930.0,5930.0,5930.0,5930.0,0.0,0.0,5540.0,5950.0,1.5,1.5,,0.71833134,5732.0,0.63022852,0.84576,3.824e-05,23.40857118,-18.95427594,27.45,828535.30130782
2023-07-17,5,BTC-230825-25000-C,BTCUSDT,C,230825-25000,5930.0,5930.0,5930.0,5930.0,0.0,0.0,5470.0,19015.0,1.5,1.5,,5.03285408,6609.0,0.93146152,0.78212387,3.192e-05,29.16022983,-34.74834639,27.45,830765.38757151
2023-07-17,18,BTC-230825-25000-C,BTCUSDT,C,230825-25000,5930.0,5930.0,5930.0,5930.0,0.0,0.0,5185.0,18520.0,1.5,1.5,,5.02229691,6336.0,0.96620388,0.76326301,3.297e-05,29.88307885,-37.45704398,27.45,818371.09667641
2023-07-17,12,BTC-230825-25000-C,BTCUSDT,C,230825-25000,5930.0,5930.0,5930.0,5930.0,0.0,0.0,5540.0,5950.0,1.5,1.5,,0.71194172,5732.0,0.6223011,0.84941945,3.815e-05,23.0193338,-18.46395598,27.45,829136.86051648
2023-07-17,7,BTC-230825-25000-C,BTCUSDT,C,230825-25000,5930.0,5930.0,5930.0,5930.0,0.0,0.0,5380.0,5945.0,4.95,3.1,,0.68417072,5614.0,0.53671122,0.88093781,3.745e-05,19.68972015,-13.54832117,27.45,830932.57617039
2023-07-17,16,BTC-230825-25000-C,BTCUSDT,C,230825-25000,5930.0,5930.0,5930.0,5930.0,0.0,0.0,5490.0,18770.0,1.5,1.5,,5.00453949,6606.0,0.96768208,0.77397817,3.169e-05,29.48678556,-36.93697961,27.45,827247.31714274
2023-07-17,6,BTC-230825-25000-C,BTCUSDT,C,230825-25000,5930.0,5930.0,5930.0,5930.0,0.0,0.0,5585.0,6000.0,1.5,1.5,,0.70739746,5778.0,0.61541557,0.85351976,3.766e-05,22.72166447,-17.90812638,27.45,830982.45070866
2023-07-17,14,BTC-230825-25000-C,BTCUSDT,C,230825-25000,5930.0,5930.0,5930.0,5930.0,0.0,0.0,5600.0,6020.0,1.5,1.5,,0.71754456,5796.0,0.6249547,0.85145097,3.759e-05,22.8398815,-18.43774428,27.45,831278.75385168
2023-07-17,1,BTC-230825-25000-C,BTCUSDT,C,230825-25000,5930.0,5930.0,5930.0,5930.0,0.0,0.0,5595.0,19035.0,1.5,1.5,,5.02191544,6718.0,0.96001453,0.77847992,3.117e-05,29.52629482,-36.10912587,27.45,831498.14571425
2023-07-17,22,BTC-230825-25000-C,BTCUSDT,C,230825-25000,5930.0,5930.0,5930.0,5930.0,0.0,0.0,5475.0,18780.0,1.5,1.5,,5.03892899,6583.0,0.97425289,0.77213908,3.176e-05,29.48326352,-37.42559749,27.45,826541.4922941
2023-07-17,21,BTC-230825-25000-C,BTCUSDT,C,230825-25000,5930.0,5930.0,5930.0,5930.0,0.0,0.0,5580.0,18860.0,1.5,1.5,,5.02168655,6680.0,0.96935101,0.77720236,3.136e-05,29.26330105,-36.9193949,27.45,830135.97937051
2023-07-17,3,BTC-230825-25000-C,BTCUSDT,C,230825-25000,5930.0,5930.0,5930.0,5930.0,0.0,0.0,5430.0,19185.0,2.79,3.25,,5.07899284,6564.0,0.90196915,0.78810179,3.235e-05,28.76855377,-33.12554072,27.45,832043.6888243
2023-07-17,17,BTC-230825-25000-C,BTCUSDT,C,230825-25000,5930.0,5930.0,5930.0,5930.0,0.0,0.0,5415.0,18725.0,1.5,1.5,,5.02653122,6535.0,0.97384281,0.76959676,3.196e-05,29.67803438,-37.45364808,27.45,824797.5464176
2023-07-17,0,BTC-230825-25000-C,BTCUSDT,C,230825-25000,5930.0,5930.0,5930.0,5930.0,0.0,0.0,5510.0,18975.0,1.5,1.5,,5.02056122,6646.0,0.95540829,0.77664961,3.154e-05,29.60580239,-35.99442708,27.45,829207.2531757
2023-07-17,2,BTC-230825-25000-C,BTCUSDT,C,230825-25000,5930.0,5930.0,5930.0,5930.0,0.0,0.0,5565.0,19035.0,1.5,1.5,,5.03370285,6691.0,0.9588129,0.77784227,3.131e-05,29.53170757,-36.1088722,27.45,830668.05469777
2023-07-17,23,BTC-230825-25000-C,BTCUSDT,C,230825-25000,5930.0,5930.0,5930.0,5930.0,0.0,0.0,5505.0,18740.0,1.5,1.5,,5.01451492,6608.0,0.97432203,0.77330348,3.165e-05,29.41625465,-37.38377788,27.45,827292.15415391
2023-07-17,4,BTC-230825-25000-C,BTCUSDT,C,230825-25000,5930.0,5930.0,5930.0,5930.0,0.0,0.0,5500.0,19035.0,1.5,1.5,,5.02792358,6636.0,0.93185968,0.78298094,3.178e-05,29.13939599,-34.7013678,27.45,831619.53504386
2023-07-17,10,BTC-230825-25000-C,BTCUSDT,C,230825-25000,5930.0,5930.0,5930.0,5930.0,0.0,0.0,5520.0,5930.0,1.5,1.5,,0.71665764,5712.0,0.62846661,0.84571799,3.84e-05,23.38637499,-18.90359738,27.45,828032.55606592
2023-07-18,8,BTC-230825-25000-C,BTCUSDT,C,230825-25000,5930.0,5930.0,5930.0,5930.0,0.0,0.0,5185.0,18575.0,3.3,1.5,,5.01176834,6462.0,0.95976181,0.77219345,3.25e-05,29.23937411,-36.96530327,27.45,823969.66346704
2023-07-18,11,BTC-230825-25000-C,BTCUSDT,C,230825-25000,5930.0,5930.0,5930.0,5930.0,0.0,0.0,5245.0,5625.0,1.5,1.5,,0.69727898,5424.0,0.61523914,0.84130448,4.089e-05,23.28391032,-18.93194096,27.45,820599.29817039
2023-07-18,13,BTC-230825-25000-C,BTCUSDT,C,230825-25000,5930.0,5930.0,5930.0,5930.0,0.0,0.0,5195.0,5570.0,1.5,1.5,,0.69356441,5372.0,0.61278343,0.8401006,4.137e-05,23.33192337,-18.93696913,27.45,817698.97038464
2023-07-18,15,BTC-230825-25000-C,BTCUSDT,C,230825-25000,5930.0,5930.0,5930.0,5930.0,0.0,0.0,5285.0,5670.0,1.5,1.5,,0.70702553,5467.0,0.62421083,0.84013126,4.054e-05,23.36797483,-19.36266184,27.45,821207.27947262
2023-07-18,20,BTC-230825-25000-C,BTCUSDT,C,230825-25000,5930.0,5930.0,5930.0,5930.0,0.0,0.0,5105.0,18285.0,1.5,1.5,,5.0091362,6245.0,0.95598526,0.76551715,3.366e-05,29.27880328,-37.36164056,27.45,817308.96621425
2023-07-18,19,BTC-230825-25000-C,BTCUSDT,C,230825-25000,5930.0,5930.0,5930.0,5930.0,0.0,0.0,5050.0,18260.0,1.5,1.5,,5.01813889,6197.0,0.95664091,0.7631086,3.388e-05,29.39472436,-37.49358295,27.45,815841.25694497
2023-07-18,9,BTC-230825-25000-C,BTCUSDT,C,230825-25000,5930.0,5930.0,5930.0,5930.0,0.0,0.0,5115.0,5725.0,5.33,1.5,,0.71110249,5519.0,0.62753677,0.84037157,4.009e-05,23.45931872,-19.41307344,27.45,822449.41912095
2023-07-18,5,BTC-230825-25000-C,BTCUSDT,C,230825-25000,5930.0,5930.0,5930.0,5930.0,0.0,0.0,5125.0,18630.0,5.35,1.5,,5.01549721,6513.0,0.96786089,0.77184862,3.217e-05,29.3418161,-37.2850603,27.45,825098.95345056
2023-07-18,18,BTC-230825-25000-C,BTCUSDT,C,230825-25000,5930.0,5930.0,5930.0,5930.0,0.0,0.0,5215.0,18395.0,1.5,1.5,,5.00577927,6344.0,0.95522232,0.76973585,3.317e-05,29.14104694,-37.0737002,27.45,820760.39045614
2023-07-18,12,BTC-230825-25000-C,BTCUSDT,C,230825-25000,5930.0,5930.0,5930.0,5930.0,0.0,0.0,5175.0,5540.0,1.5,1.5,,0.69756508,5348.0,0.62033176,0.83552981,4.167e-05,23.73689592,-19.48147212,27.45,817527.84527486
2023-07-18,7,BTC-230825-25000-C,BTCUSDT,C,230825-25000,5930.0,5930.0,5930.0,5930.0,0.0,0.0,5145.0,5690.0,4.79,4.99,,0.69433212,5385.0,0.56466341,0.86120978,4.053e-05,21.39466764,-15.8957662,27.45,822633.17726369
2023-07-18,16,BTC-230825-25000-C,BTCUSDT,C,230825-25000,5930.0,5930.0,5930.0,5930.0,0.0,0.0,5050.0,18240.0,1.5,1.5,,5.00514984,6200.0,0.95841475,0.7623199,3.383e-05,29.48733891,-37.55626807,27.45,815711.08663184
2023-07-18,6,BTC-230825-25000-C,BTCUSDT,C,230825-25000,5930.0,5930.0,5930.0,5930.0,0.0,0.0,5100.0,5720.0,4.23,1.5,,0.6998539,5513.0,0.61480522,0.84503632,4.003e-05,23.06365769,-18.63700266,27.45,822978.40173631
2023-07-18,14,BTC-230825-25000-C,BTCUSDT,C,230825-25000,5930.0,5930.0,5930.0,5930.0,0.0,0.0,5285.0,5670.0,1.5,1.5,,0.70270061,5466.0,0.61928988,0.84205219,4.05e-05,23.2058868,-19.05569016,27.45,821118.54357682
2023-07-18,1,BTC-230825-25000-C,BTCUSDT,C,230825-25000,5930.0,5930.0,5930.0,5930.0,0.0,0.0,5580.0,18775.0,1.5,1.5,,5.00816345,6672.0,0.97611256,0.77569108,3.136e-05,29.28516722,-37.36681149,27.45,829538.41781871
2023-07-18,22,BTC-230825-25000-C,BTCUSDT,C,230825-25000,5930.0,5930.0,5930.0,5930.0,0.0,0.0,5135.0,18300.0,1.5,1.5,,5.00696182,6270.0,0.9545023,0.76727614,3.356e-05,29.16554178,-37.24223142,27.45,818368.54526369
2023-07-18,21,BTC-230825-25000-C,BTCUSDT,C,230825-25000,5930.0,5930.0,5930.0,5930.0,0.0,0.0,5120.0,18300.0,1.5,1.5,,5.01057625,6258.0,0.9549386,0.76648479,3.361e-05,29.2175728,-37.2841597,27.45,817965.44352207
2023-07-18,3,BTC-230825-25000-C,BTCUSDT,C,230825-25000,5930.0,5930.0,5930.0,5930.0,0.0,0.0,5200.0,18695.0,4.35,1.5,,5.02782822,6552.0,0.97345896,0.7717325,3.194e-05,29.40603081,-37.50072763,27.45,825757.84394497
2023-07-18,17,BTC-230825-25000-C,BTCUSDT,C,230825-25000,5930.0,5930.0,5930.0,5930.0,0.0,0.0,5145.0,18320.0,1.5,1.5,,5.00020981,6283.0,0.95581598,0.76681992,3.345e-05,29.28092949,-37.23348795,27.45,818047.83575279
2023-07-18,0,BTC-230825-25000-C,BTCUSDT,C,230825-25000,5930.0,5930.0,5930.0,5930.0,0.0,0.0,5530.0,18755.0,1.5,1.5,,5.01333237,6630.0,0.97411222,0.7743599,3.156e-05,29.35222229,-37.33495091,27.45,828305.946
2023-07-18,2,BTC-230825-25000-C,BTCUSDT,C,230825-25000,5930.0,5930.0,5930.0,5930.0,0.0,0.0,5310.0,18685.0,5.82,1.5,,5.00649452,6592.0,0.97471066,0.77292855,3.174e-05,29.37914043,-37.47370016,27.45,826790.20526369
2023-07-18,23,BTC-230825-25000-C,BTCUSDT,C,230825-25000,5930.0,5930.0,5930.0,5930.0,0.0,0.0,5165.0,18300.0,1.5,1.5,,4.9968338,6295.0,0.95337219,0.7688327,3.345e-05,29.07919357,-37.1294008,27.45,819786.18392318
2023-07-18,4,BTC-230825-25000-C,BTCUSDT,C,230825-25000,5930.0,5930.0,5930.0,5930.0,0.0,0.0,5200.0,18695.0,4.35,1.5,,5.01661301,6571.0,0.96926517,0.7737382,3.189e-05,29.28589005,-37.22725865,27.45,826724.48815391
2023-07-18,10,BTC-230825-25000-C,BTCUSDT,C,230825-25000,5930.0,5930.0,5930.0,5930.0,0.0,0.0,5115.0,5735.0,5.95,1.5,,0.70466042,5528.0,0.61974764,0.84423446,3.992e-05,23.09791107,-18.8975201,27.45,823591.56535726
2023-07-19,8,BTC-230825-25000-C,BTCUSDT,C,230825-25000,5930.0,5930.0,5930.0,5930.0,0.0,0.0,5110.0,5665.0,2.73,4.87,,0.70774078,5355.0,0.57542086,0.8585164,4.091e-05,21.34692553,-16.61798736,27.45,821514.20365391
2023-07-19,11,BTC-230825-25000-C,BTCUSDT,C,230825-25000,5930.0,5930.0,5930.0,5930.0,0.0,0.0,5105.0,5650.0,5.53,5.47,,0.67306995,5329.0,0.52543402,0.88070206,3.977e-05,18.99390564,-13.54756697,27.45,823972.66185168
2023-07-19,13,BTC-230825-25000-C,BTCUSDT,C,230825-25000,5930.0,5930.0,5930.0,5930.0,0.0,0.0,5280.0,5665.0,1.5,1.5,,0.68668842,5459.0,0.59756279,0.8543731,4.019e-05,21.75557411,-17.68750676,27.45,823463.62422514
2023-07-19,15,BTC-230825-25000-C,BTCUSDT,C,230825-25000,5930.0,5930.0,5930.0,5930.0,0.0,0.0,5235.0,5770.0,1.5,5.06,,0.74223518,5480.0,0.62265396,0.84496324,4.031e-05,22.62773341,-19.21260463,27.45,822034.30574162
2023-07-19,20,BTC-230825-25000-C,BTCUSDT,C,230825-25000,5930.0,5930.0,5930.0,5930.0,0.0,0.0,5100.0,17995.0,3.93,1.5,,4.90077972,6213.0,0.90670652,0.78096605,3.44e-05,27.97044557,-34.78076903,27.45,822255.3943941
2023-07-19,19,BTC-230825-25000-C,BTCUSDT,C,230825-25000,5930.0,5930.0,5930.0,5930.0,0.0,0.0,5100.0,17995.0,3.93,1.5,,4.87295151,6180.0,0.8723671,0.78932769,3.484e-05,27.43226409,-32.78218763,27.45,824706.17237641
2023-07-19,9,BTC-230825-25000-C,BTCUSDT,C,230825-25000,5930.0,5930.0,5930.0,5930.0,0.0,0.0,5105.0,5650.0,5.53,5.47,,0.67351818,5330.0,0.52694559,0.87975606,3.983e-05,19.11935249,-13.64540226,27.45,823777.47726927
2023-07-19,5,BTC-230825-25000-C,BTCUSDT,C,230825-25000,5930.0,5930.0,5930.0,5930.0,0.0,0.0,5210.0,18620.0,2.44,5.82,,5.0620079,6317.0,0.89802094,0.7857931,3.384e-05,27.97488085,-33.87238761,27.45,826423.55169218
2023-07-19,18,BTC-230825-25000-C,BTCUSDT,C,230825-25000,5930.0,5930.0,5930.0,5930.0,0.0,0.0,5100.0,17995.0,3.93,1.5,,4.86001015,6144.0,0.84920235,0.79452895,3.521e-05,27.07460082,-31.45971349,27.45,825553.29619777
2023-07-19,12,BTC-230825-25000-C,BTCUSDT,C,230825-25000,5930.0,5930.0,5930.0,5930.0,0.0,0.0,5250.0,5635.0,1.5,1.5,,0.68899632,5429.0,0.60105562,0.85132214,4.055e-05,22.04002592,-18.00309489,27.45,822217.21926927
2023-07-19,7,BTC-230825-25000-C,BTCUSDT,C,230825-25000,5930.0,5930.0,5930.0,5930.0,0.0,0.0,5110.0,5665.0,2.73,4.87,,0.68192482,5343.0,0.53662777,0.8755141,4.004e-05,19.60677261,-14.21829103,27.45,823661.73781313
2023-07-19,16,BTC-230825-25000-C,BTCUSDT,C,230825-25000,5930.0,5930.0,5930.0,5930.0,0.0,0.0,4980.0,18385.0,5.5,2.16,,5.06454468,6094.0,0.87947197,0.7829443,3.527e-05,27.8307061,-33.41476884,27.45,820603.6268243
2023-07-19,6,BTC-230825-25000-C,BTCUSDT,C,230825-25000,5930.0,5930.0,5930.0,5930.0,0.0,0.0,5110.0,5665.0,2.73,4.87,,0.66677094,5330.0,0.50972462,0.88745258,3.918e-05,18.29446692,-12.58736184,27.45,824719.41647793
2023-07-19,14,BTC-230825-25000-C,BTCUSDT,C,230825-25000,5930.0,5930.0,5930.0,5930.0,0.0,0.0,5115.0,5480.0,1.5,1.5,,0.66910744,5285.0,0.58519125,0.85162371,4.182e-05,21.89218205,-17.44986516,27.45,818786.18947262
2023-07-19,1,BTC-230825-25000-C,BTCUSDT,C,230825-25000,5930.0,5930.0,5930.0,5930.0,0.0,0.0,5125.0,18430.0,1.5,1.5,,5.0062561,6251.0,0.89933224,0.78200647,3.417e-05,28.23386217,-34.08270408,27.45,823678.99813184
2023-07-19,22,BTC-230825-25000-C,BTCUSDT,C,230825-25000,5930.0,5930.0,5930.0,5930.0,0.0,0.0,5000.0,17865.0,4.58,1.5,,4.8846817,6123.0,0.90134926,0.7787909,3.494e-05,28.01089282,-34.70459029,27.45,820114.50402207
2023-07-19,21,BTC-230825-25000-C,BTCUSDT,C,230825-25000,5930.0,5930.0,5930.0,5930.0,0.0,0.0,4750.0,0.0,1.5,0.0,,-1e-08,5206.0,0.5,0.88862331,4.013e-05,17.93764481,-12.31416873,27.45,821661.31755503
2023-07-19,3,BTC-230825-25000-C,BTCUSDT,C,230825-25000,5930.0,5930.0,5930.0,5930.0,0.0,0.0,5290.0,18470.0,1.5,1.5,,5.00999451,6403.0,0.93873091,0.77792108,3.306e-05,28.55608606,-36.0625187,27.45,825175.68675838
2023-07-19,17,BTC-230825-25000-C,BTCUSDT,C,230825-25000,5930.0,5930.0,5930.0,5930.0,0.0,0.0,5105.0,18440.0,1.5,2.93,,5.06004333,6215.0,0.89803524,0.78307484,3.444e-05,27.88845525,-34.2298055,27.45,822805.58739553
2023-07-19,0,BTC-230825-25000-C,BTCUSDT,C,230825-25000,5930.0,5930.0,5930.0,5930.0,0.0,0.0,5350.0,18470.0,1.5,1.5,,5.00232697,6455.0,0.95591373,0.77513554,3.264e-05,28.80545878,-36.91913984,27.45,824937.17039022
2023-07-19,2,BTC-230825-25000-C,BTCUSDT,C,230825-25000,5930.0,5930.0,5930.0,5930.0,0.0,0.0,5145.0,18585.0,1.5,3.79,,5.06537437,6268.0,0.90121574,0.78235371,3.406e-05,28.20781062,-34.1607818,27.45,823831.46327486
2023-07-19,23,BTC-230825-25000-C,BTCUSDT,C,230825-25000,5930.0,5930.0,5930.0,5930.0,0.0,0.0,5000.0,17865.0,4.58,1.5,,4.87598419,6110.0,0.88731117,0.78241706,3.514e-05,27.76360778,-33.90130944,27.45,820902.69306592
2023-07-19,4,BTC-230825-25000-C,BTCUSDT,C,230825-25000,5930.0,5930.0,5930.0,5930.0,0.0,0.0,5210.0,18190.0,2.44,1.5,,4.88992691,6319.0,0.89872665,0.78552486,3.382e-05,28.00905302,-33.90232277,27.45,826276.20250559
2023-07-19,10,BTC-230825-25000-C,BTCUSDT,C,230825-25000,5930.0,5930.0,5930.0,5930.0,0.0,0.0,5105.0,5650.0,5.53,5.47,,0.68156242,5335.0,0.53997993,0.87405211,4.021e-05,19.72487524,-14.44207932,27.45,823072.67589553
2023-07-20,8,BTC-230825-25000-C,BTCUSDT,C,230825-25000,5930.0,5930.0,5930.0,5930.0,0.0,0.0,5190.0,5735.0,1.5,5.18,,0.62460423,5375.0,0.41230211,0.93841336,3.104e-05,11.54934238,-6.62129788,27.45,830812.45074721
2023-07-20,11,BTC-230825-25000-C,BTCUSDT,C,230825-25000,5930.0,5930.0,5930.0,5930.0,0.0,0.0,5320.0,5905.0,2.24,2.09,,0.69439411,5534.0,0.51169634,0.89908947,3.638e-05,16.76387471,-11.96931703,27.45,831357.74047262
2023-07-20,13,BTC-230825-25000-C,BTCUSDT,C,230825-25000,5930.0,5930.0,5930.0,5930.0,0.0,0.0,5320.0,5905.0,2.24,2.09,,0.71500301,5559.0,0.55446863,0.88127554,3.785e-05,18.78311271,-14.56593487,27.45,830067.44869777
2023-07-20,15,BTC-230825-25000-C,BTCUSDT,C,230825-25000,5930.0,5930.0,5930.0,5930.0,0.0,0.0,5075.0,5590.0,1.5,4.33,,0.72826147,5311.0,0.61071754,0.84545126,4.179e-05,22.16182751,-18.97375553,27.45,818357.63162626
2023-07-20,20,BTC-230825-25000-C,BTCUSDT,C,230825-25000,5930.0,5930.0,5930.0,5930.0,0.0,0.0,5020.0,18060.0,1.5,3.1,,5.06969452,6121.0,0.94941921,0.76869368,3.461e-05,28.23474314,-37.80013938,27.45,816189.39534078
2023-07-20,19,BTC-230825-25000-C,BTCUSDT,C,230825-25000,5930.0,5930.0,5930.0,5930.0,0.0,0.0,5020.0,18050.0,1.5,3.45,,5.05737305,6124.0,0.94531126,0.76975144,3.464e-05,28.19428017,-37.53853779,27.45,816711.20777486
2023-07-20,9,BTC-230825-25000-C,BTCUSDT,C,230825-25000,5930.0,5930.0,5930.0,5930.0,0.0,0.0,5400.0,5970.0,4.77,2.82,,0.70613384,5627.0,0.54279089,0.88872593,3.672e-05,18.03720513,-13.62936538,27.45,832337.74770335
2023-07-20,5,BTC-230825-25000-C,BTCUSDT,C,230825-25000,5930.0,5930.0,5930.0,5930.0,0.0,0.0,5160.0,18505.0,5.1,4.25,,5.07646561,6195.0,0.85780449,0.79579023,3.489e-05,26.85312418,-31.91878487,27.45,827034.46803296
2023-07-20,18,BTC-230825-25000-C,BTCUSDT,C,230825-25000,5930.0,5930.0,5930.0,5930.0,0.0,0.0,4970.0,18020.0,1.5,5.98,,5.06437302,6081.0,0.94774313,0.76700486,3.483e-05,28.33400211,-37.7772761,27.45,814903.73386816
2023-07-20,12,BTC-230825-25000-C,BTCUSDT,C,230825-25000,5930.0,5930.0,5930.0,5930.0,0.0,0.0,5320.0,5905.0,2.24,2.09,,0.717659,5562.0,0.55956364,0.87899416,3.8e-05,19.04240095,-14.88535276,27.45,829734.36255503
2023-07-20,7,BTC-230825-25000-C,BTCUSDT,C,230825-25000,5930.0,5930.0,5930.0,5930.0,0.0,0.0,5270.0,5830.0,4.18,5.76,,0.69037914,5492.0,0.52907705,0.88892554,3.773e-05,17.96029305,-13.19774425,27.45,829179.4200824
2023-07-20,16,BTC-230825-25000-C,BTCUSDT,C,230825-25000,5930.0,5930.0,5930.0,5930.0,0.0,0.0,4985.0,18040.0,1.5,2.47,,5.05876541,6096.0,0.94585485,0.76793269,3.476e-05,28.32675656,-37.60419861,27.45,815962.94189022
2023-07-20,6,BTC-230825-25000-C,BTCUSDT,C,230825-25000,5930.0,5930.0,5930.0,5930.0,0.0,0.0,5160.0,5735.0,5.1,5.95,,0.67881584,5374.0,0.50364017,0.89551532,3.801e-05,17.14922131,-11.98201255,27.45,826803.18519218
2023-07-20,14,BTC-230825-25000-C,BTCUSDT,C,230825-25000,5930.0,5930.0,5930.0,5930.0,0.0,0.0,5030.0,5540.0,1.5,5.73,,0.71721315,5262.0,0.59951663,0.84777588,4.216e-05,21.93205229,-18.41114467,27.45,816805.03247793
2023-07-20,1,BTC-230825-25000-C,BTCUSDT,C,230825-25000,5930.0,5930.0,5930.0,5930.0,0.0,0.0,5100.0,18410.0,5.85,2.6,,5.07268906,6201.0,0.89865036,0.78348699,3.454e-05,27.7263439,-34.36728411,27.45,823251.74943966
2023-07-20,22,BTC-230825-25000-C,BTCUSDT,C,230825-25000,5930.0,5930.0,5930.0,5930.0,0.0,0.0,5075.0,18140.0,1.5,5.16,,5.08308411,6168.0,0.94632692,0.77190199,3.441e-05,28.05293625,-37.52260095,27.45,818439.34816481
2023-07-20,21,BTC-230825-25000-C,BTCUSDT,C,230825-25000,5930.0,5930.0,5930.0,5930.0,0.0,0.0,5150.0,18140.0,1.5,5.16,,5.0600338,6232.0,0.95215626,0.77306064,3.401e-05,28.04602229,-37.70002856,27.45,819499.45811536
2023-07-20,3,BTC-230825-25000-C,BTCUSDT,C,230825-25000,5930.0,5930.0,5930.0,5930.0,0.0,0.0,4985.0,17830.0,5.65,1.5,,4.86084938,6054.0,0.85746117,0.78931945,3.572e-05,27.22089252,-32.2684573,27.45,822204.67371425
2023-07-20,17,BTC-230825-25000-C,BTCUSDT,C,230825-25000,5930.0,5930.0,5930.0,5930.0,0.0,0.0,5020.0,18120.0,1.5,4.85,,5.07893562,6126.0,0.94437666,0.76981625,3.462e-05,28.22535883,-37.45484038,27.45,816828.81443408
2023-07-20,0,BTC-230825-25000-C,BTCUSDT,C,230825-25000,5930.0,5930.0,5930.0,5930.0,0.0,0.0,5100.0,18400.0,5.85,4.54,,5.06187439,6198.0,0.89378185,0.78461123,3.459e-05,27.66960191,-34.07198186,27.45,823491.00484609
2023-07-20,2,BTC-230825-25000-C,BTCUSDT,C,230825-25000,5930.0,5930.0,5930.0,5930.0,0.0,0.0,5100.0,17910.0,5.85,1.5,,4.87744331,6201.0,0.89966602,0.78332559,3.454e-05,27.72021249,-34.43810177,27.45,823005.35401648
2023-07-20,23,BTC-230825-25000-C,BTCUSDT,C,230825-25000,5930.0,5930.0,5930.0,5930.0,0.0,0.0,5060.0,18070.0,1.5,4.71,,5.06135941,6154.0,0.94500132,0.77179092,3.45e-05,28.0336495,-37.48843443,27.45,817870.38206034
2023-07-20,4,BTC-230825-25000-C,BTCUSDT,C,230825-25000,5930.0,5930.0,5930.0,5930.0,0.0,0.0,5075.0,17860.0,3.41,1.5,,4.87106323,6177.0,0.89882202,0.78280185,3.469e-05,27.70477786,-34.46596051,27.45,822490.4975933
2023-07-20,10,BTC-230825-25000-C,BTCUSDT,C,230825-25000,5930.0,5930.0,5930.0,5930.0,0.0,0.0,5400.0,5970.0,4.77,2.82,,0.71848392,5637.0,0.56464434,0.87972018,3.736e-05,19.03005958,-14.97590509,27.45,831464.73212626
2023-07-21,8,BTC-230825-25000-C,BTCUSDT,C,230825-25000,5930.0,5930.0,5930.0,5930.0,0.0,0.0,4810.0,5320.0,3.38,4.97,,0.62906742,4988.0,0.45784235,0.90448872,4.02e-05,15.64306232,-10.24370066,27.45,817693.88760978
2023-07-21,11,BTC-230825-25000-C,BTCUSDT,C,230825-25000,5930.0,5930.0,5930.0,5930.0,0.0,0.0,4810.0,5340.0,3.38,4.08,,0.64221859,5003.0,0.47241926,0.8982666,4.089e-05,16.3487876,-11.08633436,27.45,817451.47092849
2023-07-21,13,BTC-230825-25000-C,BTCUSDT,C,230825-25000,5930.0,5930.0,5930.0,5930.0,0.0,0.0,4815.0,5360.0,3.99,3.39,,0.63903809,4955.0,0.41951904,0.92295189,3.744e-05,13.29193559,-8.0233356,27.45,818219.66068687
2023-07-21,15,BTC-230825-25000-C,BTCUSDT,C,230825-25000,5930.0,5930.0,5930.0,5930.0,0.0,0.0,4915.0,5435.0,5.14,3.82,,0.65406799,5115.0,0.49512863,0.89281599,4.05e-05,16.98693146,-12.13083652,27.45,819796.61492318
2023-07-21,20,BTC-230825-25000-C,BTCUSDT,C,230825-25000,5930.0,5930.0,5930.0,5930.0,0.0,0.0,4940.0,17980.0,5.25,5.61,,5.06292343,5991.0,0.87516136,0.78745297,3.612e-05,26.64706821,-33.83866022,27.45,820333.56407151
2023-07-21,19,BTC-230825-25000-C,BTCUSDT,C,230825-25000,5930.0,5930.0,5930.0,5930.0,0.0,0.0,4930.0,17980.0,3.54,5.61,,5.06230354,5982.0,0.8733017,0.78741975,3.619e-05,26.65901786,-33.74109814,27.45,820123.7435109
2023-07-21,9,BTC-230825-25000-C,BTCUSDT,C,230825-25000,5930.0,5930.0,5930.0,5930.0,0.0,0.0,4810.0,18005.0,3.38,5.11,,5.08058548,5888.0,0.86710281,0.78334538,3.678e-05,27.01147997,-33.53945945,27.45,816768.68385168
2023-07-21,5,BTC-230825-25000-C,BTCUSDT,C,230825-25000,5930.0,5930.0,5930.0,5930.0,0.0,0.0,5105.0,17885.0,1.5,1.5,,5.00017166,6183.0,0.95523901,0.77126768,3.428e-05,27.98275303,-38.09530899,27.45,818287.93275838
2023-07-21,18,BTC-230825-25000-C,BTCUSDT,C,230825-25000,5930.0,5930.0,5930.0,5930.0,0.0,0.0,5055.0,18110.0,5.97,4.3,,5.07605553,6101.0,0.88515587,0.78915185,3.539e-05,26.64440558,-34.13912289,27.45,822863.99556592
2023-07-21,12,BTC-230825-25000-C,BTCUSDT,C,230825-25000,5930.0,5930.0,5930.0,5930.0,0.0,0.0,4885.0,5405.0,2.25,3.52,,0.63777447,5058.0,0.45614004,0.90893437,3.894e-05,15.1071541,-9.90319847,27.45,819913.2170933
2023-07-21,7,BTC-230825-25000-C,BTCUSDT,C,230825-25000,5930.0,5930.0,5930.0,5930.0,0.0,0.0,4910.0,5430.0,4.23,4.31,,0.68364382,5135.0,0.55002809,0.86648343,4.25e-05,19.86233789,-15.60691439,27.45,817192.93114274
2023-07-21,16,BTC-230825-25000-C,BTCUSDT,C,230825-25000,5930.0,5930.0,5930.0,5930.0,0.0,0.0,4915.0,18005.0,5.14,3.21,,5.07820129,5990.0,0.88776894,0.78303335,3.602e-05,26.98543872,-34.5946949,27.45,818775.04356592
2023-07-21,6,BTC-230825-25000-C,BTCUSDT,C,230825-25000,5930.0,5930.0,5930.0,5930.0,0.0,0.0,5140.0,5510.0,1.5,1.5,,0.68628311,5312.0,0.59872627,0.85303656,4.153e-05,21.27571172,-18.17596676,27.45,819499.02977486
2023-07-21,14,BTC-230825-25000-C,BTCUSDT,C,230825-25000,5930.0,5930.0,5930.0,5930.0,0.0,0.0,4820.0,5360.0,1.5,3.39,,0.61431408,4999.0,0.40715704,0.93094204,3.542e-05,12.24290271,-7.18095898,27.45,819344.52850559
2023-07-21,1,BTC-230825-25000-C,BTCUSDT,C,230825-25000,5930.0,5930.0,5930.0,5930.0,0.0,0.0,5180.0,17985.0,1.5,1.5,,5.00880241,6251.0,0.96058912,0.77224634,3.386e-05,28.03820745,-38.2031039,27.45,820065.21166481
2023-07-21,22,BTC-230825-25000-C,BTCUSDT,C,230825-25000,5930.0,5930.0,5930.0,5930.0,0.0,0.0,4940.0,17990.0,5.25,5.27,,5.05811691,5928.0,0.83845444,0.79604594,3.679e-05,26.0139726,-31.72585224,27.45,821458.21771983
2023-07-21,21,BTC-230825-25000-C,BTCUSDT,C,230825-25000,5930.0,5930.0,5930.0,5930.0,0.0,0.0,4940.0,17980.0,5.25,5.61,,5.058918,5971.0,0.86160965,0.79073989,3.635e-05,26.40754864,-33.05519285,27.45,820864.71855503
2023-07-21,3,BTC-230825-25000-C,BTCUSDT,C,230825-25000,5930.0,5930.0,5930.0,5930.0,0.0,0.0,4980.0,18170.0,2.58,3.53,,5.08270264,6058.0,0.88587589,0.78468775,3.557e-05,27.13874196,-34.18229764,27.45,820512.00415391
2023-07-21,17,BTC-230825-25000-C,BTCUSDT,C,230825-25000,5930.0,5930.0,5930.0,5930.0,0.0,0.0,4915.0,18040.0,5.14,4.48,,5.06509781,5830.0,0.8,0.80306939,3.765e-05,25.54414722,-29.54502786,27.45,821349.50968687
2023-07-21,0,BTC-230825-25000-C,BTCUSDT,C,230825-25000,5930.0,5930.0,5930.0,5930.0,0.0,0.0,5065.0,18080.0,1.5,3.8,,5.0741291,6155.0,0.95090456,0.77043042,3.444e-05,28.09441699,-37.84902074,27.45,817962.91872514
2023-07-21,2,BTC-230825-25000-C,BTCUSDT,C,230825-25000,5930.0,5930.0,5930.0,5930.0,0.0,0.0,5205.0,18020.0,1.5,1.5,,5.01720428,6272.0,0.96121855,0.7731292,3.375e-05,27.98505431,-38.20082048,27.45,820662.30647793
2023-07-21,23,BTC-230825-25000-C,BTCUSDT,C,230825-25000,5930.0,5930.0,5930.0,5930.0,0.0,0.0,4940.0,17990.0,5.25,5.27,,5.06928444,5969.0,0.86216278,0.79081129,3.637e-05,26.36982608,-33.1093324,27.45,820748.93686816
2023-07-21,4,BTC-230825-25000-C,BTCUSDT,C,230825-25000,5930.0,5930.0,5930.0,5930.0,0.0,0.0,5175.0,17955.0,1.5,1.5,,5.00994682,6243.0,0.96283741,0.77172389,3.39e-05,28.01217833,-38.3931165,27.45,819849.6688352
2023-07-21,10,BTC-230825-25000-C,BTCUSDT,C,230825-25000,5930.0,5930.0,5930.0,5930.0,0.0,0.0,4810.0,5380.0,3.38,3.12,,0.65382481,5001.0,0.46270609,0.90290117,4.03e-05,15.81841828,-10.4935857,27.45,817871.27493966
2023-07-22,8,BTC-230825-25000-C,BTCUSDT,C,230825-25000,5930.0,5930.0,5930.0,5930.0,0.0,0.0,4945.0,17915.0,2.69,3.32,,5.05439758,5895.0,0.82683868,0.79977118,3.71e-05,25.58265397,-31.14511029,27.45,821780.93620866
2023-07-22,11,BTC-230825-25000-C,BTCUSDT,C,230825-25000,5930.0,5930.0,5930.0,5930.0,0.0,0.0,4945.0,5480.0,2.69,5.57,,0.67391872,5155.0,0.51275969,0.88911094,4.053e-05,17.20909762,-13.04058394,27.45,820410.8705109
2023-07-22,13,BTC-230825-25000-C,BTCUSDT,C,230825-25000,5930.0,5930.0,5930.0,5930.0,0.0,0.0,4855.0,5370.0,5.66,3.88,,0.63951015,5009.0,0.4417491,0.91727375,3.803e-05,13.83932323,-9.05704656,27.45,819359.27006034
2023-07-22,15,BTC-230825-25000-C,BTCUSDT,C,230825-25000,5930.0,5930.0,5930.0,5930.0,0.0,0.0,4860.0,17820.0,1.5,5.08,,5.04954338,5788.0,0.8,0.80464776,3.799e-05,25.06530441,-29.78054945,27.45,820790.91425279
2023-07-22,20,BTC-230825-25000-C,BTCUSDT,C,230825-25000,5930.0,5930.0,5930.0,5930.0,0.0,0.0,4880.0,17745.0,2.46,5.9,,5.0592804,5908.0,0.87228603,0.78828984,3.676e-05,26.15028164,-34.08794653,27.45,818774.45535168
2023-07-22,19,BTC-230825-25000-C,BTCUSDT,C,230825-25000,5930.0,5930.0,5930.0,5930.0,0.0,0.0,4880.0,17740.0,2.46,2.53,,5.0510025,5901.0,0.86619205,0.78962788,3.685e-05,26.07760884,-33.71374594,27.45,819063.99926461
2023-07-22,9,BTC-230825-25000-C,BTCUSDT,C,230825-25000,5930.0,5930.0,5930.0,5930.0,0.0,0.0,4945.0,5480.0,2.69,5.57,,0.65702438,5123.0,0.46867371,0.9084522,3.846e-05,15.00463019,-10.36698758,27.45,821322.18034609
2023-07-22,5,BTC-230825-25000-C,BTCUSDT,C,230825-25000,5930.0,5930.0,5930.0,5930.0,0.0,0.0,4850.0,17900.0,2.56,4.08,,5.06181717,5775.0,0.8,0.80237327,3.807e-05,25.3698938,-29.77394838,27.45,819903.15712095
2023-07-22,18,BTC-230825-25000-C,BTCUSDT,C,230825-25000,5930.0,5930.0,5930.0,5930.0,0.0,0.0,4880.0,17740.0,2.46,2.53,,5.05504608,5919.0,0.87913818,0.78643553,3.663e-05,26.30559734,-34.4739087,27.45,818398.77596461
2023-07-22,12,BTC-230825-25000-C,BTCUSDT,C,230825-25000,5930.0,5930.0,5930.0,5930.0,0.0,0.0,4945.0,5480.0,2.69,5.57,,0.69045544,5169.0,0.54272652,0.87592431,4.156e-05,18.595355,-14.93295506,27.45,819412.63768687
2023-07-22,7,BTC-230825-25000-C,BTCUSDT,C,230825-25000,5930.0,5930.0,5930.0,5930.0,0.0,0.0,4945.0,17940.0,2.69,2.96,,5.05918503,5833.0,0.8,0.80545194,3.766e-05,25.16244021,-29.60286076,27.45,821980.1085824
2023-07-22,16,BTC-230825-25000-C,BTCUSDT,C,230825-25000,5930.0,5930.0,5930.0,5930.0,0.0,0.0,4965.0,17840.0,5.93,5.32,,5.06069183,5993.0,0.87990112,0.78928712,3.616e-05,26.2085742,-34.29136942,27.45,820754.6169067
2023-07-22,6,BTC-230825-25000-C,BTCUSDT,C,230825-25000,5930.0,5930.0,5930.0,5930.0,0.0,0.0,4850.0,17900.0,2.56,4.08,,5.05748749,5792.0,0.8,0.80332872,3.795e-05,25.29911997,-29.72723001,27.45,820545.2970824
2023-07-22,14,BTC-230825-25000-C,BTCUSDT,C,230825-25000,5930.0,5930.0,5930.0,5930.0,0.0,0.0,4860.0,5370.0,1.5,3.88,,0.62599182,5004.0,0.41299591,0.93119415,3.533e-05,12.0333715,-7.37166603,27.45,820331.0784891
2023-07-22,1,BTC-230825-25000-C,BTCUSDT,C,230825-25000,5930.0,5930.0,5930.0,5930.0,0.0,0.0,4940.0,18020.0,5.25,2.6,,5.07974625,5926.0,0.83944626,0.79612932,3.68e-05,25.95983506,-31.81296211,27.45,821502.90089022
2023-07-22,22,BTC-230825-25000-C,BTCUSDT,C,230825-25000,5930.0,5930.0,5930.0,5930.0,0.0,0.0,4815.0,17745.0,2.39,5.9,,5.07187843,5768.0,0.82496948,0.79669106,3.802e-05,25.48387283,-31.49574545,27.45,818235.47912626
2023-07-22,21,BTC-230825-25000-C,BTCUSDT,C,230825-25000,5930.0,5930.0,5930.0,5930.0,0.0,0.0,4880.0,17745.0,2.46,5.9,,5.06254196,5907.0,0.87260551,0.78831675,3.677e-05,26.13174006,-34.11874202,27.45,818755.19800621
2023-07-22,3,BTC-230825-25000-C,BTCUSDT,C,230825-25000,5930.0,5930.0,5930.0,5930.0,0.0,0.0,4930.0,17960.0,2.21,4.13,,5.06874084,5940.0,0.85252113,0.79304231,3.663e-05,26.14152017,-32.61393784,27.45,820964.92010447
2023-07-22,17,BTC-230825-25000-C,BTCUSDT,C,230825-25000,5930.0,5930.0,5930.0,5930.0,0.0,0.0,4880.0,17840.0,2.46,5.32,,5.08520126,5902.0,0.86506672,0.78968608,3.684e-05,26.10694938,-33.62418649,27.45,818916.14387641
2023-07-22,0,BTC-230825-25000-C,BTCUSDT,C,230825-25000,5930.0,5930.0,5930.0,5930.0,0.0,0.0,4945.0,18020.0,1.5,2.6,,5.05717278,5873.0,0.8,0.8061934,3.736e-05,25.24436692,-29.4466392,27.45,822956.43570335
2023-07-22,2,BTC-230825-25000-C,BTCUSDT,C,230825-25000,5930.0,5930.0,5930.0,5930.0,0.0,0.0,5010.0,18020.0,4.59,2.6,,5.07904053,6053.0,0.88498898,0.78831665,3.57e-05,26.53691419,-34.32623906,27.45,821471.24892849
2023-07-22,23,BTC-230825-25000-C,BTCUSDT,C,230825-25000,5930.0,5930.0,5930.0,5930.0,0.0,0.0,4815.0,17660.0,2.39,5.82,,5.04676819,5819.0,0.85156746,0.79092362,3.75e-05,25.87668275,-33.05359999,27.45,817570.09715922
2023-07-22,4,BTC-230825-25000-C,BTCUSDT,C,230825-25000,5930.0,5930.0,5930.0,5930.0,0.0,0.0,4930.0,17900.0,2.21,4.08,,5.05353928,5962.0,0.86700268,0.7898091,3.64e-05,26.34907684,-33.47210613,27.45,820332.24285168
2023-07-22,10,BTC-230825-25000-C,BTCUSDT,C,230825-25000,5930.0,5930.0,5930.0,5930.0,0.0,0.0,4945.0,5480.0,2.69,5.57,,0.66792965,5147.0,0.50014257,0.89460071,4.002e-05,16.60998481,-12.26178262,27.45,820806.15956034
2023-07-23,8,BTC-230825-25000-C,BTCUSDT,C,230825-25000,5930.0,5930.0,5930.0,5930.0,0.0,0.0,4950.0,5475.0,2.03,2.32,,0.65709591,5088.0,0.43787718,0.92483077,3.598e-05,12.76092882,-8.47694191,27.45,822130.22388464
2023-07-23,11,BTC-230825-25000-C,BTCUSDT,C,230825-25000,5930.0,5930.0,5930.0,5930.0,0.0,0.0,4950.0,5475.0,2.03,2.32,,0.68114758,5157.0,0.52096128,0.88901284,4.052e-05,16.96468435,-13.45879285,27.45,820433.52731871
2023-07-23,13,BTC-230825-25000-C,BTCUSDT,C,230825-25000,5930.0,5930.0,5930.0,5930.0,0.0,0.0,4950.0,5475.0,2.03,2.32,,0.68194866,5157.0,0.52149534,0.8890694,4.052e-05,16.93705451,-13.48487316,27.45,820465.77654386
2023-07-23,15,BTC-230825-25000-C,BTCUSDT,C,230825-25000,5930.0,5930.0,5930.0,5930.0,0.0,0.0,4950.0,5475.0,2.03,2.32,,0.67966938,5153.0,0.5156064,0.8919475,4.025e-05,16.60376117,-13.10357532,27.45,820706.17821425
2023-07-23,20,BTC-230825-25000-C,BTCUSDT,C,230825-25000,5930.0,5930.0,5930.0,5930.0,0.0,0.0,5150.0,17360.0,5.59,1.5,,4.87495422,6029.0,0.8333046,0.80978551,3.625e-05,24.40962724,-31.33347468,27.45,827418.41208799
2023-07-23,19,BTC-230825-25000-C,BTCUSDT,C,230825-25000,5930.0,5930.0,5930.0,5930.0,0.0,0.0,5150.0,17360.0,5.59,1.5,,4.88865852,6118.0,0.88537998,0.79777019,3.545e-05,25.3058572,-34.4696791,27.45,825813.63984078
2023-07-23,9,BTC-230825-25000-C,BTCUSDT,C,230825-25000,5930.0,5930.0,5930.0,5930.0,0.0,0.0,4950.0,5475.0,2.03,2.32,,0.67549706,5151.0,0.51017284,0.89347781,4.011e-05,16.4989637,-12.78580295,27.45,820804.48842849
2023-07-23,5,BTC-230825-25000-C,BTCUSDT,C,230825-25000,5930.0,5930.0,5930.0,5930.0,0.0,0.0,5020.0,17780.0,2.86,4.29,,5.07087708,6042.0,0.90033836,0.78769357,3.576e-05,26.1283619,-35.55318645,27.45,821248.33079665
2023-07-23,18,BTC-230825-25000-C,BTCUSDT,C,230825-25000,5930.0,5930.0,5930.0,5930.0,0.0,0.0,5275.0,17910.0,3.58,5.14,,5.05649567,6189.0,0.86204834,0.80766823,3.511e-05,24.69499879,-32.70925757,27.45,830645.78098352
2023-07-23,12,BTC-230825-25000-C,BTCUSDT,C,230825-25000,5930.0,5930.0,5930.0,5930.0,0.0,0.0,4950.0,5475.0,2.03,2.32,,0.66979408,5140.0,0.49388409,0.90106032,3.932e-05,15.61661865,-11.76029995,27.45,821082.70473631
2023-07-23,7,BTC-230825-25000-C,BTCUSDT,C,230825-25000,5930.0,5930.0,5930.0,5930.0,0.0,0.0,4940.0,17720.0,5.25,5.5,,5.05498886,5916.0,0.85452385,0.79585225,3.687e-05,25.4929867,-33.00660226,27.45,820969.04967039
2023-07-23,16,BTC-230825-25000-C,BTCUSDT,C,230825-25000,5930.0,5930.0,5930.0,5930.0,0.0,0.0,4950.0,17675.0,2.03,5.44,,5.05191803,5800.0,0.8,0.80936648,3.795e-05,24.35212068,-29.85699561,27.45,822255.51654386
2023-07-23,6,BTC-230825-25000-C,BTCUSDT,C,230825-25000,5930.0,5930.0,5930.0,5930.0,0.0,0.0,4940.0,5465.0,5.25,2.33,,0.66333771,5123.0,0.48179626,0.90514171,3.893e-05,15.19772809,-11.08026137,27.45,821234.88632961
2023-07-23,14,BTC-230825-25000-C,BTCUSDT,C,230825-25000,5930.0,5930.0,5930.0,5930.0,0.0,0.0,4950.0,5475.0,2.03,2.32,,0.6803751,5155.0,0.51769018,0.89088743,4.035e-05,16.72975602,-13.23948133,27.45,820603.24976369
2023-07-23,1,BTC-230825-25000-C,BTCUSDT,C,230825-25000,5930.0,5930.0,5930.0,5930.0,0.0,0.0,4905.0,17715.0,5.19,4.9,,5.06221771,5938.0,0.88622875,0.78638895,3.648e-05,26.2067008,-34.92499799,27.45,818897.97431871
2023-07-23,22,BTC-230825-25000-C,BTCUSDT,C,230825-25000,5930.0,5930.0,5930.0,5930.0,0.0,0.0,5005.0,17190.0,4.9,1.5,,4.85486031,5840.0,0.8,0.81223999,3.767e-05,24.07961192,-29.75086123,27.45,823862.32190112
2023-07-23,21,BTC-230825-25000-C,BTCUSDT,C,230825-25000,5930.0,5930.0,5930.0,5930.0,0.0,0.0,4930.0,17170.0,4.86,1.5,,4.86660004,5784.0,0.8,0.8094398,3.808e-05,24.25825468,-29.93305421,27.45,821859.05709888
2023-07-23,3,BTC-230825-25000-C,BTCUSDT,C,230825-25000,5930.0,5930.0,5930.0,5930.0,0.0,0.0,4905.0,17715.0,5.19,4.9,,5.06293297,5926.0,0.87743111,0.78874208,3.664e-05,26.01976384,-34.41790283,27.45,819355.27925279
2023-07-23,17,BTC-230825-25000-C,BTCUSDT,C,230825-25000,5930.0,5930.0,5930.0,5930.0,0.0,0.0,5025.0,17770.0,1.5,3.61,,5.04076004,5930.0,0.8,0.81550407,3.702e-05,23.97736277,-29.43511519,27.45,826288.26843966
2023-07-23,0,BTC-230825-25000-C,BTCUSDT,C,230825-25000,5930.0,5930.0,5930.0,5930.0,0.0,0.0,4815.0,17685.0,2.39,2.86,,5.06381989,5833.0,0.86076565,0.78891476,3.734e-05,25.9965824,-33.60744528,27.45,817366.56596704
2023-07-23,2,BTC-230825-25000-C,BTCUSDT,C,230825-25000,5930.0,5930.0,5930.0,5930.0,0.0,0.0,4905.0,17715.0,5.19,4.9,,5.04713058,5883.0,0.84855385,0.79535176,3.711e-05,25.58460096,-32.68743393,27.45,820597.43096704
2023-07-23,23,BTC-230825-25000-C,BTCUSDT,C,230825-25000,5930.0,5930.0,5930.0,5930.0,0.0,0.0,5070.0,17215.0,2.8,1.5,,4.84538078,5896.0,0.8,0.81498566,3.727e-05,23.90133556,-29.56865196,27.45,825936.57662626
2023-07-23,4,BTC-230825-25000-C,BTCUSDT,C,230825-25000,5930.0,5930.0,5930.0,5930.0,0.0,0.0,4905.0,17730.0,5.19,3.09,,5.05236626,5776.0,0.8,0.80618791,3.811e-05,24.74680374,-29.88292237,27.45,821054.42218687
2023-07-23,10,BTC-230825-25000-C,BTCUSDT,C,230825-25000,5930.0,5930.0,5930.0,5930.0,0.0,0.0,4950.0,5475.0,2.03,2.32,,0.68070412,5157.0,0.52061081,0.88902178,4.052e-05,16.97448222,-13.44044991,27.45,820462.40109888
2023-07-24,8,BTC-230825-25000-C,BTCUSDT,C,230825-25000,5930.0,5930.0,5930.0,5930.0,0.0,0.0,4730.0,5270.0,5.71,3.26,,0.647192,4883.0,0.423596,0.92675768,3.727e-05,12.23987049,-8.11174703,27.45,816784.77980782
2023-07-24,11,BTC-230825-25000-C,BTCUSDT,C,230825-25000,5930.0,5930.0,5930.0,5930.0,0.0,0.0,4450.0,4755.0,1.5,1.5,,0.59819221,4589.0,0.51537991,0.86694185,4.825e-05,18.58168421,-15.0418165,27.45,803523.97137374
2023-07-24,13,BTC-230825-25000-C,BTCUSDT,C,230825-25000,5930.0,5930.0,5930.0,5930.0,0.0,0.0,4370.0,4670.0,1.5,1.5,,0.59420109,4507.0,0.51388264,0.86343828,4.948e-05,18.83345072,-15.24122802,27.45,801113.11328575
2023-07-24,15,BTC-230825-25000-C,BTCUSDT,C,230825-25000,5930.0,5930.0,5930.0,5930.0,0.0,0.0,4320.0,4610.0,1.5,1.5,,0.60045242,4455.0,0.52584648,0.8546309,5.067e-05,19.56514052,-16.24461559,27.45,798591.07968129
2023-07-24,20,BTC-230825-25000-C,BTCUSDT,C,230825-25000,5930.0,5930.0,5930.0,5930.0,0.0,0.0,4360.0,16645.0,1.5,1.5,,4.98542786,5446.0,0.92348881,0.75863365,3.946e-05,26.68527384,-39.16854462,27.45,800138.54175838
2023-07-24,19,BTC-230825-25000-C,BTCUSDT,C,230825-25000,5930.0,5930.0,5930.0,5930.0,0.0,0.0,4355.0,16795.0,1.5,2.06,,5.05544662,5442.0,0.93056746,0.75625825,3.938e-05,26.81526145,-39.60857213,27.45,799178.90484078
2023-07-24,9,BTC-230825-25000-C,BTCUSDT,C,230825-25000,5930.0,5930.0,5930.0,5930.0,0.0,0.0,4405.0,4705.0,1.5,1.5,,0.6096983,4544.0,0.53277254,0.85533723,4.951e-05,19.6344186,-16.38748088,27.45,801897.44726369
2023-07-24,5,BTC-230825-25000-C,BTCUSDT,C,230825-25000,5930.0,5930.0,5930.0,5930.0,0.0,0.0,4770.0,17455.0,5.12,4.39,,5.05527496,5659.0,0.8,0.80483668,3.903e-05,24.37111047,-30.38475015,27.45,817956.85860978
2023-07-24,18,BTC-230825-25000-C,BTCUSDT,C,230825-25000,5930.0,5930.0,5930.0,5930.0,0.0,0.0,4330.0,16630.0,1.5,1.5,,4.98095512,5423.0,0.92082329,0.75784804,3.963e-05,26.74463358,-39.03895228,27.45,799364.10486257
2023-07-24,12,BTC-230825-25000-C,BTCUSDT,C,230825-25000,5930.0,5930.0,5930.0,5930.0,0.0,0.0,4425.0,4730.0,1.5,1.5,,0.60185432,4565.0,0.52050114,0.86317804,4.88e-05,18.90347598,-15.47461675,27.45,802327.91454386
2023-07-24,7,BTC-230825-25000-C,BTCUSDT,C,230825-25000,5930.0,5930.0,5930.0,5930.0,0.0,0.0,4730.0,5290.0,5.71,4.94,,0.62737942,4938.0,0.41368971,0.93351843,3.532e-05,11.39531845,-7.36581917,27.45,818753.26153855
2023-07-24,16,BTC-230825-25000-C,BTCUSDT,C,230825-25000,5930.0,5930.0,5930.0,5930.0,0.0,0.0,4360.0,16670.0,1.5,1.5,,4.99637604,5449.0,0.93395777,0.75516094,3.927e-05,26.92508832,-39.7579228,27.45,798981.54839022
2023-07-24,6,BTC-230825-25000-C,BTCUSDT,C,230825-25000,5930.0,5930.0,5930.0,5930.0,0.0,0.0,4835.0,17455.0,4.28,4.39,,5.06536484,5832.0,0.87656326,0.78913412,3.735e-05,25.48994154,-34.86637959,27.45,817527.50441201
2023-07-24,14,BTC-230825-25000-C,BTCUSDT,C,230825-25000,5930.0,5930.0,5930.0,5930.0,0.0,0.0,4280.0,4565.0,1.5,1.5,,0.5988884,4413.0,0.52652836,0.85161075,5.136e-05,19.8148992,-16.45167286,27.45,797379.88010447
2023-07-24,1,BTC-230825-25000-C,BTCUSDT,C,230825-25000,5930.0,5930.0,5930.0,5930.0,0.0,0.0,4875.0,17560.0,3.49,5.75,,5.04717827,5757.0,0.8,0.80883849,3.829e-05,24.22041111,-30.0408092,27.45,821088.43002207
2023-07-24,22,BTC-230825-25000-C,BTCUSDT,C,230825-25000,5930.0,5930.0,5930.0,5930.0,0.0,0.0,4395.0,16650.0,1.5,1.5,,4.99020576,5472.0,0.93134708,0.75814033,3.921e-05,26.69024877,-39.61414532,27.45,800459.02503296
2023-07-24,21,BTC-230825-25000-C,BTCUSDT,C,230825-25000,5930.0,5930.0,5930.0,5930.0,0.0,0.0,4370.0,16795.0,1.5,2.06,,5.04490852,5453.0,0.9213788,0.75978737,3.945e-05,26.61564115,-39.02877223,27.45,800666.38715922
2023-07-24,3,BTC-230825-25000-C,BTCUSDT,C,230825-25000,5930.0,5930.0,5930.0,5930.0,0.0,0.0,4770.0,16960.0,5.12,1.5,,4.87359047,5778.0,0.87299652,0.78712074,3.772e-05,25.62807353,-34.77701189,27.45,815693.93792318
2023-07-24,17,BTC-230825-25000-C,BTCUSDT,C,230825-25000,5930.0,5930.0,5930.0,5930.0,0.0,0.0,4280.0,16585.0,1.5,1.5,,4.98682976,5381.0,0.92815466,0.75337995,3.979e-05,26.94935619,-39.59867231,27.45,797082.66598352
2023-07-24,0,BTC-230825-25000-C,BTCUSDT,C,230825-25000,5930.0,5930.0,5930.0,5930.0,0.0,0.0,5070.0,17225.0,2.8,1.5,,4.87639427,6045.0,0.88488884,0.79545779,3.592e-05,25.32735923,-34.70228051,27.45,823908.3051757
2023-07-24,2,BTC-230825-25000-C,BTCUSDT,C,230825-25000,5930.0,5930.0,5930.0,5930.0,0.0,0.0,4875.0,16955.0,3.49,1.5,,4.84230042,5884.0,0.88904209,0.78720244,3.691e-05,25.7085822,-35.48150603,27.45,817781.19670866
2023-07-24,23,BTC-230825-25000-C,BTCUSDT,C,230825-25000,5930.0,5930.0,5930.0,5930.0,0.0,0.0,4400.0,16650.0,1.5,1.5,,4.98806953,5476.0,0.92858143,0.75927114,3.923e-05,26.61965277,-39.44442457,27.45,800908.26389022
2023-07-24,4,BTC-230825-25000-C,BTCUSDT,C,230825-25000,5930.0,5930.0,5930.0,5930.0,0.0,0.0,4770.0,17435.0,5.12,4.45,,5.04523277,5657.0,0.8,0.80455074,3.904e-05,24.40496754,-30.38749727,27.45,817952.7954067
2023-07-24,10,BTC-230825-25000-C,BTCUSDT,C,230825-25000,5930.0,5930.0,5930.0,5930.0,0.0,0.0,4345.0,16865.0,1.5,1.5,,4.98509407,5366.0,0.83553619,0.77930936,4.096e-05,25.70657423,-33.69218101,27.45,804985.26156592
2023-07-25,8,BTC-230825-25000-C,BTCUSDT,C,230825-25000,5930.0,5930.0,5930.0,5930.0,0.0,0.0,4260.0,16715.0,2.61,4.47,,5.04079819,5321.0,0.87081261,0.76972235,4.104e-05,25.83192275,-36.33069542,27.45,801342.22425838
2023-07-25,11,BTC-230825-25000-C,BTCUSDT,C,230825-25000,5930.0,5930.0,5930.0,5930.0,0.0,0.0,4190.0,4640.0,4.08,3.83,,0.60930252,4371.0,0.47030926,0.88224751,4.958e-05,16.71050772,-12.74449221,27.45,799553.50684609
2023-07-25,13,BTC-230825-25000-C,BTCUSDT,C,230825-25000,5930.0,5930.0,5930.0,5930.0,0.0,0.0,4305.0,16755.0,2.09,5.07,,5.04701614,5322.0,0.84924526,0.77739489,4.131e-05,25.32801923,-34.97510932,27.45,803344.94006034
2023-07-25,15,BTC-230825-25000-C,BTCUSDT,C,230825-25000,5930.0,5930.0,5930.0,5930.0,0.0,0.0,4235.0,16670.0,4.54,2.42,,5.04859924,5280.0,0.86180038,0.77161941,4.149e-05,25.58359858,-35.9477393,27.45,801058.61749442
2023-07-25,20,BTC-230825-25000-C,BTCUSDT,C,230825-25000,5930.0,5930.0,5930.0,5930.0,0.0,0.0,4225.0,16645.0,4.48,5.67,,5.03944397,5155.0,0.8,0.78580008,4.316e-05,24.61820283,-32.33032248,27.45,802328.12502359
2023-07-25,19,BTC-230825-25000-C,BTCUSDT,C,230825-25000,5930.0,5930.0,5930.0,5930.0,0.0,0.0,4285.0,16700.0,3.15,2.78,,5.07030487,5337.0,0.88208981,0.76915676,4.087e-05,25.68006924,-37.13462081,27.45,801669.1248
2023-07-25,9,BTC-230825-25000-C,BTCUSDT,C,230825-25000,5930.0,5930.0,5930.0,5930.0,0.0,0.0,4260.0,16725.0,2.61,5.02,,5.05632401,5330.0,0.88193722,0.76700225,4.085e-05,25.96300481,-37.03137194,27.45,800656.18842849
2023-07-25,5,BTC-230825-25000-C,BTCUSDT,C,230825-25000,5930.0,5930.0,5930.0,5930.0,0.0,0.0,4380.0,16555.0,1.5,1.5,,4.98494148,5450.0,0.93668766,0.75669994,3.934e-05,26.6211786,-40.11107809,27.45,799727.50063184
2023-07-25,18,BTC-230825-25000-C,BTCUSDT,C,230825-25000,5930.0,5930.0,5930.0,5930.0,0.0,0.0,4285.0,16700.0,3.15,2.78,,5.04424095,5282.0,0.8395607,0.77930963,4.174e-05,25.10965282,-34.51198314,27.45,803334.2547177
2023-07-25,12,BTC-230825-25000-C,BTCUSDT,C,230825-25000,5930.0,5930.0,5930.0,5930.0,0.0,0.0,4190.0,16635.0,4.08,3.37,,5.04533768,5258.0,0.87078876,0.76710301,4.152e-05,25.8602806,-36.56644115,27.45,799253.11335168
2023-07-25,7,BTC-230825-25000-C,BTCUSDT,C,230825-25000,5930.0,5930.0,5930.0,5930.0,0.0,0.0,4175.0,4660.0,4.77,4.24,,0.61126232,4356.0,0.45149565,0.89084612,4.877e-05,15.88158001,-11.5652606,27.45,799923.50268129
2023-07-25,16,BTC-230825-25000-C,BTCUSDT,C,230825-25000,5930.0,5930.0,5930.0,5930.0,0.0,0.0,4230.0,16700.0,2.22,3.9,,5.04932404,5160.0,0.80032654,0.78522437,4.31e-05,24.72277119,-32.30413453,27.45,802454.6038352
2023-07-25,6,BTC-230825-25000-C,BTCUSDT,C,230825-25000,5930.0,5930.0,5930.0,5930.0,0.0,0.0,4370.0,4665.0,1.5,1.5,,0.61233759,4507.0,0.5354917,0.85551173,4.996e-05,19.325868,-16.6692695,27.45,800024.06319218
2023-07-25,14,BTC-230825-25000-C,BTCUSDT,C,230825-25000,5930.0,5930.0,5930.0,5930.0,0.0,0.0,4180.0,4750.0,5.81,3.62,,0.64193249,4339.0,0.42096624,0.90770938,4.644e-05,14.00223841,-9.59750473,27.45,801059.6400824
2023-07-25,1,BTC-230825-25000-C,BTCUSDT,C,230825-25000,5930.0,5930.0,5930.0,5930.0,0.0,0.0,4315.0,16530.0,1.5,1.5,,4.97709274,5401.0,0.92928715,0.75550362,3.971e-05,26.7192381,-39.72773657,27.45,798256.06902207
2023-07-25,22,BTC-230825-25000-C,BTCUSDT,C,230825-25000,5930.0,5930.0,5930.0,5930.0,0.0,0.0,4225.0,16655.0,4.48,5.97,,5.05864143,5223.0,0.83636589,0.77789336,4.225e-05,25.08293019,-34.53250906,27.45,801750.37860978
2023-07-25,21,BTC-230825-25000-C,BTCUSDT,C,230825-25000,5930.0,5930.0,5930.0,5930.0,0.0,0.0,4225.0,16650.0,4.48,3.49,,5.04526138,5153.0,0.8,0.78587936,4.318e-05,24.59542321,-32.34465383,27.45,802320.76246145
2023-07-25,3,BTC-230825-25000-C,BTCUSDT,C,230825-25000,5930.0,5930.0,5930.0,5930.0,0.0,0.0,4345.0,16555.0,1.5,1.5,,4.98410225,5424.0,0.93056269,0.75669936,3.957e-05,26.64080993,-39.77155262,27.45,799053.63329665
2023-07-25,17,BTC-230825-25000-C,BTCUSDT,C,230825-25000,5930.0,5930.0,5930.0,5930.0,0.0,0.0,4295.0,16710.0,4.25,2.39,,5.04142761,5291.0,0.83901711,0.77974868,4.167e-05,25.10725327,-34.43935747,27.45,803351.85384078
2023-07-25,0,BTC-230825-25000-C,BTCUSDT,C,230825-25000,5930.0,5930.0,5930.0,5930.0,0.0,0.0,4335.0,16590.0,1.5,1.5,,4.98775482,5419.0,0.92628307,0.75716029,3.962e-05,26.66945684,-39.47290116,27.45,799130.04685726
2023-07-25,2,BTC-230825-25000-C,BTCUSDT,C,230825-25000,5930.0,5930.0,5930.0,5930.0,0.0,0.0,4380.0,16595.0,1.5,1.5,,4.99076843,5454.0,0.93555517,0.7566943,3.93e-05,26.6773106,-39.98625365,27.45,799618.26169777
2023-07-25,23,BTC-230825-25000-C,BTCUSDT,C,230825-25000,5930.0,5930.0,5930.0,5930.0,0.0,0.0,4225.0,16655.0,4.48,5.97,,5.05455017,5149.0,0.8,0.78607122,4.322e-05,24.5482594,-32.37131873,27.45,802417.96260978
2023-07-25,4,BTC-230825-25000-C,BTCUSDT,C,230825-25000,5930.0,5930.0,5930.0,5930.0,0.0,0.0,4325.0,16555.0,1.5,1.5,,4.99416351,5405.0,0.93007631,0.75605624,3.97e-05,26.64246152,-39.80644685,27.45,798508.54869218
2023-07-25,10,BTC-230825-25000-C,BTCUSDT,C,230825-25000,5930.0,5930.0,5930.0,5930.0,0.0,0.0,4190.0,16725.0,4.08,5.02,,5.06087303,5220.0,0.84102936,0.77401703,4.215e-05,25.50186482,-34.73329385,27.45,800545.32360978
2023-07-26,8,BTC-230825-25000-C,BTCUSDT,C,230825-25000,5930.0,5930.0,5930.0,5930.0,0.0,0.0,4260.0,4710.0,2.27,4.89,,0.61452866,4431.0,0.46289921,0.89301383,4.756e-05,15.43004769,-11.92081352,27.45,801979.84854386
2023-07-26,11,BTC-230825-25000-C,BTCUSDT,C,230825-25000,5930.0,5930.0,5930.0,5930.0,0.0,0.0,4200.0,4645.0,3.94,4.1,,0.60283661,4360.0,0.4440403,0.89974143,4.747e-05,14.66598311,-10.91444412,27.45,800829.594
2023-07-26,13,BTC-230825-25000-C,BTCUSDT,C,230825-25000,5930.0,5930.0,5930.0,5930.0,0.0,0.0,4320.0,4780.0,3.0,4.49,,0.61635494,4475.0,0.44261694,0.90668691,4.504e-05,13.9552815,-10.38124636,27.45,804506.57881313
2023-07-26,15,BTC-230825-25000-C,BTCUSDT,C,230825-25000,5930.0,5930.0,5930.0,5930.0,0.0,0.0,4320.0,4780.0,3.0,4.49,,0.6104064,4441.0,0.4052032,0.92479559,4.188e-05,11.85787907,-8.09805954,27.45,804776.99449442
2023-07-26,20,BTC-230825-25000-C,BTCUSDT,C,230825-25000,5930.0,5930.0,5930.0,5930.0,0.0,0.0,4675.0,16305.0,2.04,1.5,,4.86181259,5639.0,0.89751072,0.78465752,3.877e-05,24.5814928,-37.44635578,27.45,812359.8156757
2023-07-26,19,BTC-230825-25000-C,BTCUSDT,C,230825-25000,5930.0,5930.0,5930.0,5930.0,0.0,0.0,4395.0,16090.0,5.35,1.5,,4.82997894,5259.0,0.8,0.79577194,4.24e-05,23.6949234,-32.12869709,27.45,807062.74392849
2023-07-26,9,BTC-230825-25000-C,BTCUSDT,C,230825-25000,5930.0,5930.0,5930.0,5930.0,0.0,0.0,4260.0,4710.0,2.27,4.89,,0.62620163,4443.0,0.48603535,0.88175351,4.874e-05,16.54584227,-13.44043634,27.45,801305.37791201
2023-07-26,5,BTC-230825-25000-C,BTCUSDT,C,230825-25000,5930.0,5930.0,5930.0,5930.0,0.0,0.0,4290.0,16600.0,2.72,3.92,,5.03879547,5275.0,0.84149666,0.78031295,4.184e-05,24.85913417,-34.76820547,27.45,803395.79193966
2023-07-26,18,BTC-230825-25000-C,BTCUSDT,C,230825-25000,5930.0,5930.0,5930.0,5930.0,0.0,0.0,4435.0,16615.0,4.55,3.92,,5.05455971,5421.0,0.87438889,0.78019277,4.05e-05,24.73306945,-36.6030678,27.45,806224.02275279
2023-07-26,12,BTC-230825-25000-C,BTCUSDT,C,230825-25000,5930.0,5930.0,5930.0,5930.0,0.0,0.0,4255.0,4705.0,3.12,4.5,,0.61035633,4418.0,0.45002222,0.89972887,4.679e-05,14.68433539,-11.09081061,27.45,802350.74630782
2023-07-26,7,BTC-230825-25000-C,BTCUSDT,C,230825-25000,5930.0,5930.0,5930.0,5930.0,0.0,0.0,4215.0,4670.0,2.24,5.25,,0.59680939,4337.0,0.39840469,0.92240318,4.353e-05,12.16764371,-8.07940749,27.45,801990.4243352
2023-07-26,16,BTC-230825-25000-C,BTCUSDT,C,230825-25000,5930.0,5930.0,5930.0,5930.0,0.0,0.0,4385.0,4855.0,2.95,4.55,,0.65478325,4579.0,0.51250935,0.87709083,4.755e-05,16.98314591,-14.69032507,27.45,804355.62492849
2023-07-26,6,BTC-230825-25000-C,BTCUSDT,C,230825-25000,5930.0,5930.0,5930.0,5930.0,0.0,0.0,4215.0,4670.0,2.24,5.25,,0.6009388,4363.0,0.42541981,0.90901475,4.593e-05,13.71636319,-9.71186187,27.45,801564.7985109
2023-07-26,14,BTC-230825-25000-C,BTCUSDT,C,230825-25000,5930.0,5930.0,5930.0,5930.0,0.0,0.0,4320.0,4780.0,3.0,4.49,,0.63178062,4501.0,0.48228264,0.88770799,4.739e-05,15.93469792,-12.9341237,27.45,803304.7303352
2023-07-26,1,BTC-230825-25000-C,BTCUSDT,C,230825-25000,5930.0,5930.0,5930.0,5930.0,0.0,0.0,4140.0,16570.0,3.5,3.97,,5.05811691,5118.0,0.81899948,0.77834352,4.329e-05,24.93891494,-33.7602489,27.45,799706.27665391
2023-07-26,22,BTC-230825-25000-C,BTCUSDT,C,230825-25000,5930.0,5930.0,5930.0,5930.0,0.0,0.0,4480.0,16625.0,2.82,2.39,,5.03987312,5365.0,0.82176514,0.79470413,4.139e-05,23.77791117,-33.25932038,27.45,809114.51680223
2023-07-26,21,BTC-230825-25000-C,BTCUSDT,C,230825-25000,5930.0,5930.0,5930.0,5930.0,0.0,0.0,4480.0,16680.0,2.82,2.1,,5.06267548,5401.0,0.83895035,0.79077529,4.098e-05,24.05555432,-34.30267602,27.45,808768.4235824
2023-07-26,3,BTC-230825-25000-C,BTCUSDT,C,230825-25000,5930.0,5930.0,5930.0,5930.0,0.0,0.0,4225.0,16580.0,2.09,3.66,,5.03189087,5156.0,0.8,0.78715676,4.319e-05,24.420474,-32.38072658,27.45,802888.11173073
2023-07-26,17,BTC-230825-25000-C,BTCUSDT,C,230825-25000,5930.0,5930.0,5930.0,5930.0,0.0,0.0,4325.0,16000.0,5.96,1.5,,4.82937813,5328.0,0.87037392,0.77635114,4.121e-05,24.90420826,-36.63543348,27.45,803055.42400559
2023-07-26,0,BTC-230825-25000-C,BTCUSDT,C,230825-25000,5930.0,5930.0,5930.0,5930.0,0.0,0.0,4225.0,16570.0,4.48,3.97,,5.04291534,5265.0,0.86604424,0.77113641,4.161e-05,25.44285342,-36.37077543,27.45,800708.30119777
2023-07-26,2,BTC-230825-25000-C,BTCUSDT,C,230825-25000,5930.0,5930.0,5930.0,5930.0,0.0,0.0,4330.0,16650.0,3.7,3.64,,5.04395485,5342.0,0.86142845,0.77702821,4.111e-05,25.13702933,-35.84067965,27.45,803086.33994497
2023-07-26,23,BTC-230825-25000-C,BTCUSDT,C,230825-25000,5930.0,5930.0,5930.0,5930.0,0.0,0.0,4390.0,16025.0,4.68,1.5,,4.83275414,5360.0,0.86047478,0.78224544,4.111e-05,24.49234509,-35.9233583,27.45,805692.90446704
2023-07-26,4,BTC-230825-25000-C,BTCUSDT,C,230825-25000,5930.0,5930.0,5930.0,5930.0,0.0,0.0,4225.0,16585.0,2.09,5.34,,5.05159378,5225.0,0.84193535,0.77729919,4.221e-05,25.013446,-34.95385276,27.45,801612.10602207
2023-07-26,10,BTC-230825-25000-C,BTCUSDT,C,230825-25000,5930.0,5930.0,5930.0,5930.0,0.0,0.0,4200.0,4645.0,3.94,4.1,,0.59502125,4337.0,0.41542292,0.91373578,4.535e-05,13.14090563,-9.13645394,27.45,801428.20007151
2023-07-27,8,BTC-230825-25000-C,BTCUSDT,C,230825-25000,5930.0,5930.0,5930.0,5930.0,0.0,0.0,4405.0,4890.0,1.5,3.62,,0.60985088,4573.0,0.40492544,0.93310579,3.857e-05,10.76189458,-7.52419541,27.45,808704.66115391
2023-07-27,11,BTC-230825-25000-C,BTCUSDT,C,230825-25000,5930.0,5930.0,5930.0,5930.0,0.0,0.0,4530.0,5005.0,2.48,4.19,,0.65361977,4698.0,0.47837734,0.90321449,4.319e-05,14.21060046,-11.78848535,27.45,809994.0359176
2023-07-27,13,BTC-230825-25000-C,BTCUSDT,C,230825-25000,5930.0,5930.0,5930.0,5930.0,0.0,0.0,4445.0,4960.0,2.68,2.28,,0.65736294,4577.0,0.42868147,0.9223245,4.104e-05,12.01493313,-8.95752541,27.45,808407.47116481
2023-07-27,15,BTC-230825-25000-C,BTCUSDT,C,230825-25000,5930.0,5930.0,5930.0,5930.0,0.0,0.0,4365.0,4870.0,4.46,4.25,,0.67406178,4568.0,0.51604986,0.87890507,4.751e-05,16.53074519,-14.87910231,27.45,804323.18566481
2023-07-27,20,BTC-230825-25000-C,BTCUSDT,C,230825-25000,5930.0,5930.0,5930.0,5930.0,0.0,0.0,4190.0,16200.0,5.28,5.61,,5.05052567,5171.0,0.86225338,0.77561935,4.267e-05,24.36862449,-36.91699024,27.45,799909.94358799
2023-07-27,19,BTC-230825-25000-C,BTCUSDT,C,230825-25000,5930.0,5930.0,5930.0,5930.0,0.0,0.0,4190.0,16190.0,5.28,4.63,,5.0359726,5151.0,0.84695644,0.77913526,4.3e-05,24.18396314,-35.93465807,27.45,800741.25929665
2023-07-27,9,BTC-230825-25000-C,BTCUSDT,C,230825-25000,5930.0,5930.0,5930.0,5930.0,0.0,0.0,4530.0,15665.0,2.48,3.91,,4.6559906,5354.0,0.8,0.80349409,4.164e-05,23.03387787,-31.86241196,27.45,811123.73614274
2023-07-27,5,BTC-230825-25000-C,BTCUSDT,C,230825-25000,5930.0,5930.0,5930.0,5930.0,0.0,0.0,4490.0,15125.0,4.22,1.5,,4.44948196,5425.0,0.85479088,0.78852577,4.071e-05,24.06697767,-35.36772171,27.45,808825.6130933
2023-07-27,18,BTC-230825-25000-C,BTCUSDT,C,230825-25000,5930.0,5930.0,5930.0,5930.0,0.0,0.0,4190.0,16190.0,5.28,4.63,,5.03979683,5176.0,0.86382217,0.77499536,4.261e-05,24.44043375,-36.98484097,27.45,799924.78770335
2023-07-27,12,BTC-230825-25000-C,BTCUSDT,C,230825-25000,5930.0,5930.0,5930.0,5930.0,0.0,0.0,4450.0,4915.0,1.5,2.14,,0.61306,4598.0,0.40653,0.93391548,3.814e-05,10.63960595,-7.51140479,27.45,809808.13305503
2023-07-27,7,BTC-230825-25000-C,BTCUSDT,C,230825-25000,5930.0,5930.0,5930.0,5930.0,0.0,0.0,4400.0,4895.0,3.39,5.96,,0.63671112,4535.0,0.41835556,0.92469096,4.094e-05,11.77260431,-8.49160777,27.45,807396.72554129
2023-07-27,16,BTC-230825-25000-C,BTCUSDT,C,230825-25000,5930.0,5930.0,5930.0,5930.0,0.0,0.0,4305.0,16315.0,2.6,5.55,,5.04202843,5262.0,0.85642166,0.7815893,4.2e-05,24.17053147,-36.15748184,27.45,803845.06096145
2023-07-27,6,BTC-230825-25000-C,BTCUSDT,C,230825-25000,5930.0,5930.0,5930.0,5930.0,0.0,0.0,4400.0,4865.0,3.39,2.13,,0.63302994,4557.0,0.45574188,0.90679652,4.412e-05,13.81337081,-10.83844322,27.45,806624.96717641
2023-07-27,14,BTC-230825-25000-C,BTCUSDT,C,230825-25000,5930.0,5930.0,5930.0,5930.0,0.0,0.0,4365.0,4870.0,4.46,4.25,,0.6540823,4538.0,0.46787024,0.9010754,4.521e-05,14.33113175,-11.67798076,27.45,805603.1188352
2023-07-27,1,BTC-230825-25000-C,BTCUSDT,C,230825-25000,5930.0,5930.0,5930.0,5930.0,0.0,0.0,4410.0,16055.0,5.84,1.5,,4.83622551,5323.0,0.8307869,0.79013997,4.167e-05,23.97663269,-34.05036643,27.45,806953.03442318
2023-07-27,22,BTC-230825-25000-C,BTCUSDT,C,230825-25000,5930.0,5930.0,5930.0,5930.0,0.0,0.0,4190.0,16215.0,5.28,2.08,,5.04464149,5065.0,0.8,0.7904924,4.418e-05,23.43360776,-33.03414724,27.45,801618.35315922
2023-07-27,21,BTC-230825-25000-C,BTCUSDT,C,230825-25000,5930.0,5930.0,5930.0,5930.0,0.0,0.0,4190.0,16205.0,5.28,3.39,,5.04148483,5062.0,0.80299683,0.78911239,4.418e-05,23.52992861,-33.2453671,27.45,801273.07439022
2023-07-27,3,BTC-230825-25000-C,BTCUSDT,C,230825-25000,5930.0,5930.0,5930.0,5930.0,0.0,0.0,4410.0,16565.0,5.84,2.73,,5.05542755,5288.0,0.81497498,0.79384857,4.208e-05,23.69703737,-33.10711678,27.45,807272.4920933
2023-07-27,17,BTC-230825-25000-C,BTCUSDT,C,230825-25000,5930.0,5930.0,5930.0,5930.0,0.0,0.0,4305.0,16315.0,2.6,5.55,,5.0628376,5295.0,0.88681526,0.77418687,4.144e-05,24.57440874,-38.12178174,27.45,802093.35580223
2023-07-27,0,BTC-230825-25000-C,BTCUSDT,C,230825-25000,5930.0,5930.0,5930.0,5930.0,0.0,0.0,4320.0,16525.0,3.67,2.5,,5.04491806,5216.0,0.8,0.79444963,4.278e-05,23.66547524,-32.31699467,27.45,805532.52708799
2023-07-27,2,BTC-230825-25000-C,BTCUSDT,C,230825-25000,5930.0,5930.0,5930.0,5930.0,0.0,0.0,4410.0,16555.0,5.84,4.58,,5.03668785,5280.0,0.8,0.79823516,4.224e-05,23.43765218,-32.09719997,27.45,807233.81172514
2023-07-27,23,BTC-230825-25000-C,BTCUSDT,C,230825-25000,5930.0,5930.0,5930.0,5930.0,0.0,0.0,4190.0,15715.0,5.28,1.5,,4.82935905,5080.0,0.8,0.7915027,4.406e-05,23.36588573,-32.98711932,27.45,802198.92065922
2023-07-27,4,BTC-230825-25000-C,BTCUSDT,C,230825-25000,5930.0,5930.0,5930.0,5930.0,0.0,0.0,4415.0,15625.0,1.5,2.32,,4.64226723,5313.0,0.8,0.80034968,4.198e-05,23.29170736,-31.98859826,27.45,809264.74974721
2023-07-27,10,BTC-230825-25000-C,BTCUSDT,C,230825-25000,5930.0,5930.0,5930.0,5930.0,0.0,0.0,4530.0,5005.0,2.48,4.19,,0.66468239,4715.0,0.50652027,0.89029012,4.469e-05,15.56136114,-13.64873023,27.45,809179.92321425
2023-07-28,8,BTC-230825-25000-C,BTCUSDT,C,230825-25000,5930.0,5930.0,5930.0,5930.0,0.0,0.0,4190.0,16090.0,5.07,5.76,,5.04550934,5150.0,0.85853882,0.77798525,4.297e-05,24.01427371,-36.87125658,27.45,800147.0675118
2023-07-28,11,BTC-230825-25000-C,BTCUSDT,C,230825-25000,5930.0,5930.0,5930.0,5930.0,0.0,0.0,4200.0,4620.0,0.67,3.2,,0.59714794,4313.0,0.39857397,0.92900257,4.222e-05,10.94791001,-7.83871285,27.45,801814.74131871
2023-07-28,13,BTC-230825-25000-C,BTCUSDT,C,230825-25000,5930.0,5930.0,5930.0,5930.0,0.0,0.0,4285.0,4725.0,0.69,3.2,,0.61536789,4401.0,0.40768394,0.92866317,4.137e-05,11.00352765,-8.08281025,27.45,804102.17696704
2023-07-28,15,BTC-230825-25000-C,BTCUSDT,C,230825-25000,5930.0,5930.0,5930.0,5930.0,0.0,0.0,4395.0,4880.0,3.2,3.2,,0.65529346,4548.0,0.458529,0.91047809,4.36e-05,13.08645592,-10.84430779,27.45,806391.70002207
2023-07-28,20,BTC-230825-25000-C,BTCUSDT,C,230825-25000,5930.0,5930.0,5930.0,5930.0,0.0,0.0,4320.0,4880.0,4.66,3.2,,0.67746162,4478.0,0.43873081,0.91776614,4.299e-05,12.21453711,-9.75822433,27.45,805384.59532949
2023-07-28,19,BTC-230825-25000-C,BTCUSDT,C,230825-25000,5930.0,5930.0,5930.0,5930.0,0.0,0.0,4320.0,4880.0,4.66,3.2,,0.68495274,4465.0,0.44247637,0.91511508,4.365e-05,12.51030349,-10.06456604,27.45,804603.9463941
2023-07-28,9,BTC-230825-25000-C,BTCUSDT,C,230825-25000,5930.0,5930.0,5930.0,5930.0,0.0,0.0,4195.0,4620.0,0.68,3.2,,0.59335232,4318.0,0.39667616,0.92987904,4.195e-05,10.86251398,-7.71743021,27.45,801862.82814719
2023-07-28,5,BTC-230825-25000-C,BTCUSDT,C,230825-25000,5930.0,5930.0,5930.0,5930.0,0.0,0.0,4145.0,16095.0,4.02,5.98,,5.02536774,5041.0,0.8,0.79055648,4.443e-05,23.2941309,-33.1785704,27.45,800963.89689553
2023-07-28,18,BTC-230825-25000-C,BTCUSDT,C,230825-25000,5930.0,5930.0,5930.0,5930.0,0.0,0.0,4260.0,4880.0,1.5,3.2,,0.6885004,4458.0,0.4442502,0.91374086,4.399e-05,12.6668405,-10.21587429,27.45,804549.9570882
2023-07-28,12,BTC-230825-25000-C,BTCUSDT,C,230825-25000,5930.0,5930.0,5930.0,5930.0,0.0,0.0,4285.0,4730.0,0.7,3.2,,0.61146736,4412.0,0.40573368,0.92996955,4.094e-05,10.86155513,-7.92845021,27.45,804632.89707682
2023-07-28,7,BTC-230825-25000-C,BTCUSDT,C,230825-25000,5930.0,5930.0,5930.0,5930.0,0.0,0.0,4200.0,4645.0,3.41,5.83,,0.63658237,4378.0,0.49075842,0.88405308,4.929e-05,15.75775003,-13.8093666,27.45,799992.8308059
2023-07-28,16,BTC-230825-25000-C,BTCUSDT,C,230825-25000,5930.0,5930.0,5930.0,5930.0,0.0,0.0,4320.0,4880.0,4.87,3.2,,0.66662312,4492.0,0.43331156,0.92048365,4.228e-05,11.95336958,-9.37471678,27.45,805959.43793408
2023-07-28,6,BTC-230825-25000-C,BTCUSDT,C,230825-25000,5930.0,5930.0,5930.0,5930.0,0.0,0.0,4200.0,4645.0,3.41,5.83,,0.61570644,4344.0,0.43677092,0.909936,4.598e-05,13.14543586,-10.23751861,27.45,801317.79677486
2023-07-28,14,BTC-230825-25000-C,BTCUSDT,C,230825-25000,5930.0,5930.0,5930.0,5930.0,0.0,0.0,4435.0,4915.0,2.32,3.2,,0.62933445,4589.0,0.41466722,0.93342777,3.834e-05,10.49365128,-7.85209884,27.45,809008.63219777
2023-07-28,1,BTC-230825-25000-C,BTCUSDT,C,230825-25000,5930.0,5930.0,5930.0,5930.0,0.0,0.0,4245.0,16230.0,4.0,4.61,,5.04140854,5110.0,0.8,0.79356087,4.381e-05,23.22776128,-32.88885206,27.45,803403.04356592
2023-07-28,22,BTC-230825-25000-C,BTCUSDT,C,230825-25000,5930.0,5930.0,5930.0,5930.0,0.0,0.0,4320.0,5255.0,4.66,3.2,,0.86515903,4664.0,0.58651209,0.85701817,4.798e-05,18.11269018,-19.40330093,27.45,804148.25055871
2023-07-28,21,BTC-230825-25000-C,BTCUSDT,C,230825-25000,5930.0,5930.0,5930.0,5930.0,0.0,0.0,4320.0,5125.0,4.66,3.2,,0.80081463,4573.0,0.52230597,0.88175974,4.718e-05,15.90510742,-15.15014403,27.45,804732.13143539
2023-07-28,3,BTC-230825-25000-C,BTCUSDT,C,230825-25000,5930.0,5930.0,5930.0,5930.0,0.0,0.0,4295.0,16195.0,4.19,4.79,,5.03704071,5247.0,0.86268253,0.78100567,4.212e-05,23.99928652,-36.75223097,27.45,803032.59827486
2023-07-28,17,BTC-230825-25000-C,BTCUSDT,C,230825-25000,5930.0,5930.0,5930.0,5930.0,0.0,0.0,4205.0,4880.0,1.5,3.2,,0.70746422,4425.0,0.45373211,0.9071919,4.552e-05,13.36267591,-10.99046389,27.45,803115.00995281
2023-07-28,0,BTC-230825-25000-C,BTCUSDT,C,230825-25000,5930.0,5930.0,5930.0,5930.0,0.0,0.0,4195.0,15880.0,1.5,3.65,,4.88539696,5119.0,0.8,0.79388554,4.372e-05,23.23137146,-32.84551912,27.45,803715.05052207
2023-07-28,2,BTC-230825-25000-C,BTCUSDT,C,230825-25000,5930.0,5930.0,5930.0,5930.0,0.0,0.0,4245.0,16230.0,4.0,4.61,,5.05673409,5169.0,0.83717651,0.78464858,4.299e-05,23.76534163,-35.26578024,27.45,802315.9964176
2023-07-28,23,BTC-230825-25000-C,BTCUSDT,C,230825-25000,5930.0,5930.0,5930.0,5930.0,0.0,0.0,4320.0,5525.0,4.66,3.2,,0.97176075,4725.0,0.610888,0.8498488,4.761e-05,18.71606535,-20.91478348,27.45,804663.00264719
2023-07-28,4,BTC-230825-25000-C,BTCUSDT,C,230825-25000,5930.0,5930.0,5930.0,5930.0,0.0,0.0,4210.0,16195.0,1.5,4.79,,5.03911972,5102.0,0.8,0.7937381,4.389e-05,23.1609076,-32.93994392,27.45,803168.24652207
2023-07-28,10,BTC-230825-25000-C,BTCUSDT,C,230825-25000,5930.0,5930.0,5930.0,5930.0,0.0,0.0,4195.0,4620.0,0.68,3.2,,0.59175014,4321.0,0.39587507,0.93057646,4.174e-05,10.77288999,-7.6497163,27.45,802058.12930782
2023-07-29,8,BTC-230825-25000-C,BTCUSDT,C,230825-25000,5930.0,5930.0,5930.0,5930.0,0.0,0.0,4265.0,5315.0,2.14,3.2,,0.8967638,4591.0,0.5483819,0.87252485,4.78e-05,16.61472067,-16.89868598,27.45,804021.15382949
2023-07-29,11,BTC-230825-25000-C,BTCUSDT,C,230825-25000,5930.0,5930.0,5930.0,5930.0,0.0,0.0,4265.0,4995.0,2.14,3.2,,0.76793671,4465.0,0.48396835,0.89734703,4.658e-05,14.19484497,-12.80096791,27.45,803418.4680882
2023-07-29,13,BTC-230825-25000-C,BTCUSDT,C,230825-25000,5930.0,5930.0,5930.0,5930.0,0.0,0.0,4265.0,4995.0,2.14,3.2,,0.7592392,4482.0,0.4796196,0.90071947,4.59e-05,13.84438646,-12.41128262,27.45,804120.52605871
2023-07-29,15,BTC-230825-25000-C,BTCUSDT,C,230825-25000,5930.0,5930.0,5930.0,5930.0,0.0,0.0,4265.0,4995.0,2.14,3.2,,0.76045752,4482.0,0.48022876,0.90077396,4.589e-05,13.81721498,-12.44141458,27.45,804094.82038351
2023-07-29,20,BTC-230825-25000-C,BTCUSDT,C,230825-25000,5930.0,5930.0,5930.0,5930.0,0.0,0.0,4275.0,5010.0,3.2,3.2,,0.74686527,4526.0,0.47343264,0.90720736,4.439e-05,13.12879616,-11.7460117,27.45,805813.1964
2023-07-29,19,BTC-230825-25000-C,BTCUSDT,C,230825-25000,5930.0,5930.0,5930.0,5930.0,0.0,0.0,4265.0,4995.0,2.14,3.2,,0.74578762,4510.0,0.47289381,0.90651458,4.468e-05,13.20384602,-11.78115911,27.45,805345.69383539
2023-07-29,9,BTC-230825-25000-C,BTCUSDT,C,230825-25000,5930.0,5930.0,5930.0,5930.0,0.0,0.0,4265.0,5315.0,2.14,3.2,,0.90223789,4583.0,0.55111895,0.8709633,4.803e-05,16.73456629,-17.13201097,27.45,803721.9003882
2023-07-29,5,BTC-230825-25000-C,BTCUSDT,C,230825-25000,5930.0,5930.0,5930.0,5930.0,0.0,0.0,4330.0,5130.0,4.78,3.2,,0.78797817,4575.0,0.49398909,0.89699074,4.538e-05,14.34715375,-13.08430956,27.45,806223.60586717
2023-07-29,18,BTC-230825-25000-C,BTCUSDT,C,230825-25000,5930.0,5930.0,5930.0,5930.0,0.0,0.0,4265.0,4995.0,2.14,3.2,,0.75698853,4490.0,0.47849426,0.90261244,4.552e-05,13.60373118,-12.26242603,27.45,804487.02554129
2023-07-29,12,BTC-230825-25000-C,BTCUSDT,C,230825-25000,5930.0,5930.0,5930.0,5930.0,0.0,0.0,4265.0,4995.0,2.14,3.2,,0.75850964,4482.0,0.47925482,0.90073273,4.589e-05,13.85398443,-12.39114013,27.45,803825.89067641
2023-07-29,7,BTC-230825-25000-C,BTCUSDT,C,230825-25000,5930.0,5930.0,5930.0,5930.0,0.0,0.0,4330.0,5130.0,4.78,3.2,,0.81624985,4630.0,0.5710125,0.86399964,4.796e-05,17.3868409,-18.38536886,27.45,804148.5056823
2023-07-29,16,BTC-230825-25000-C,BTCUSDT,C,230825-25000,5930.0,5930.0,5930.0,5930.0,0.0,0.0,4265.0,4995.0,2.14,3.2,,0.75562,4491.0,0.47781,0.90260667,4.551e-05,13.62588333,-12.22644226,27.45,804500.3404059
2023-07-29,6,BTC-230825-25000-C,BTCUSDT,C,230825-25000,5930.0,5930.0,5930.0,5930.0,0.0,0.0,4330.0,5130.0,4.78,3.2,,0.79681873,4561.0,0.49840937,0.89430097,4.589e-05,14.59513412,-13.45025906,27.45,805593.1798059
2023-07-29,14,BTC-230825-25000-C,BTCUSDT,C,230825-25000,5930.0,5930.0,5930.0,5930.0,0.0,0.0,4265.0,4995.0,2.14,3.2,,0.76370716,4475.0,0.48185358,0.89946057,4.616e-05,13.95655175,-12.58972515,27.45,803830.1535
2023-07-29,1,BTC-230825-25000-C,BTCUSDT,C,230825-25000,5930.0,5930.0,5930.0,5930.0,0.0,0.0,4325.0,5130.0,1.5,3.2,,0.78221321,4582.0,0.49110661,0.89797167,4.517e-05,14.29594998,-12.88226144,27.45,806389.56243539
2023-07-29,22,BTC-230825-25000-C,BTCUSDT,C,230825-25000,5930.0,5930.0,5930.0,5930.0,0.0,0.0,4330.0,5010.0,3.33,3.2,,0.74928284,4524.0,0.47464142,0.906872,4.447e-05,13.14167886,-11.82480068,27.45,805783.9896
2023-07-29,21,BTC-230825-25000-C,BTCUSDT,C,230825-25000,5930.0,5930.0,5930.0,5930.0,0.0,0.0,4330.0,5010.0,3.33,3.2,,0.74936867,4523.0,0.47468433,0.906619,4.453e-05,13.17765871,-11.83954336,27.45,805726.10562359
2023-07-29,3,BTC-230825-25000-C,BTCUSDT,C,230825-25000,5930.0,5930.0,5930.0,5930.0,0.0,0.0,4330.0,5130.0,4.78,3.2,,0.78620434,4577.0,0.49310217,0.89711411,4.535e-05,14.35746412,-13.03011107,27.45,806269.4154
2023-07-29,17,BTC-230825-25000-C,BTCUSDT,C,230825-25000,5930.0,5930.0,5930.0,5930.0,0.0,0.0,4270.0,4995.0,1.5,3.2,,0.74926853,4503.0,0.47463427,0.90492568,4.502e-05,13.38448097,-11.94870947,27.45,805009.7671941
2023-07-29,0,BTC-230825-25000-C,BTCUSDT,C,230825-25000,5930.0,5930.0,5930.0,5930.0,0.0,0.0,4320.0,5130.0,4.66,3.2,,0.80074787,4548.0,0.50037394,0.89157942,4.638e-05,14.92295752,-13.68010227,27.45,805069.03012949
2023-07-29,2,BTC-230825-25000-C,BTCUSDT,C,230825-25000,5930.0,5930.0,5930.0,5930.0,0.0,0.0,4320.0,5130.0,4.66,3.2,,0.78308105,4581.0,0.49154053,0.89791455,4.519e-05,14.2904763,-12.9084446,27.45,806450.18495281
2023-07-29,23,BTC-230825-25000-C,BTCUSDT,C,230825-25000,5930.0,5930.0,5930.0,5930.0,0.0,0.0,4330.0,5010.0,3.33,3.2,,0.74962139,4524.0,0.4748107,0.90698757,4.445e-05,13.119542,-11.82777745,27.45,805780.62984078
2023-07-29,4,BTC-230825-25000-C,BTCUSDT,C,230825-25000,5930.0,5930.0,5930.0,5930.0,0.0,0.0,4330.0,5130.0,4.78,3.2,,0.78327179,4583.0,0.49163589,0.89831012,4.512e-05,14.22965026,-12.89549097,27.45,806526.29597462
2023-07-29,10,BTC-230825-25000-C,BTCUSDT,C,230825-25000,5930.0,5930.0,5930.0,5930.0,0.0,0.0,4265.0,4995.0,2.14,3.2,,0.76231003,4474.0,0.48115501,0.89900373,4.624e-05,14.04513685,-12.5728095,27.45,803752.9318059
2023-07-30,8,BTC-230825-25000-C,BTCUSDT,C,230825-25000,5930.0,5930.0,5930.0,5930.0,0.0,0.0,4245.0,5000.0,3.55,3.2,,0.77120781,4485.0,0.4856039,0.90147358,4.575e-05,13.56439787,-12.6874895,27.45,804194.49644497
2023-07-30,11,BTC-230825-25000-C,BTCUSDT,C,230825-25000,5930.0,5930.0,5930.0,5930.0,0.0,0.0,4245.0,5000.0,3.2,3.2,,0.76764584,4494.0,0.48382292,0.9033432,4.537e-05,13.34937347,-12.50076761,27.45,804645.90717039
2023-07-30,13,BTC-230825-25000-C,BTCUSDT,C,230825-25000,5930.0,5930.0,5930.0,5930.0,0.0,0.0,4295.0,5000.0,3.0,3.2,,0.77860832,4521.0,0.52039623,0.88767815,4.715e-05,14.84775015,-15.00331994,27.45,803888.19365922
2023-07-30,15,BTC-230825-25000-C,BTCUSDT,C,230825-25000,5930.0,5930.0,5930.0,5930.0,0.0,0.0,4290.0,5000.0,3.2,3.2,,0.75595856,4517.0,0.47797928,0.90804464,4.435e-05,12.84167797,-11.95724651,27.45,805610.62384609
2023-07-30,20,BTC-230825-25000-C,BTCUSDT,C,230825-25000,5930.0,5930.0,5930.0,5930.0,0.0,0.0,4235.0,5000.0,3.84,3.2,,0.79037666,4464.0,0.49518833,0.89807899,4.649e-05,13.75505909,-13.37743044,27.45,803506.38829134
2023-07-30,19,BTC-230825-25000-C,BTCUSDT,C,230825-25000,5930.0,5930.0,5930.0,5930.0,0.0,0.0,4155.0,5000.0,5.79,3.2,,0.81497669,4421.0,0.50748835,0.88967953,4.811e-05,14.5430379,-14.47140961,27.45,801253.28324162
2023-07-30,9,BTC-230825-25000-C,BTCUSDT,C,230825-25000,5930.0,5930.0,5930.0,5930.0,0.0,0.0,4245.0,5000.0,3.55,3.2,,0.77904701,4472.0,0.48952351,0.89913517,4.624e-05,13.77881701,-13.01296168,27.45,803728.26271983
2023-07-30,5,BTC-230825-25000-C,BTCUSDT,C,230825-25000,5930.0,5930.0,5930.0,5930.0,0.0,0.0,4255.0,5010.0,2.99,3.2,,0.768466,4498.0,0.484233,0.90222965,4.549e-05,13.52728007,-12.55658621,27.45,804661.97296145
2023-07-30,18,BTC-230825-25000-C,BTCUSDT,C,230825-25000,5930.0,5930.0,5930.0,5930.0,0.0,0.0,4380.0,5000.0,5.37,3.2,,0.75510979,4602.0,0.53578854,0.88573679,4.644e-05,15.00450045,-15.73749238,27.45,805811.6604067
2023-07-30,12,BTC-230825-25000-C,BTCUSDT,C,230825-25000,5930.0,5930.0,5930.0,5930.0,0.0,0.0,4295.0,5000.0,3.0,3.2,,0.76416969,4500.0,0.48208485,0.904706,4.508e-05,13.20482347,-12.34089003,27.45,804966.06466481
2023-07-30,7,BTC-230825-25000-C,BTCUSDT,C,230825-25000,5930.0,5930.0,5930.0,5930.0,0.0,0.0,4255.0,5010.0,2.99,3.2,,0.77691078,4485.0,0.48845539,0.89993232,4.598e-05,13.72819505,-12.8953998,27.45,804187.07287905
2023-07-30,16,BTC-230825-25000-C,BTCUSDT,C,230825-25000,5930.0,5930.0,5930.0,5930.0,0.0,0.0,4325.0,5000.0,5.56,3.2,,0.74418068,4537.0,0.47209034,0.91201565,4.345e-05,12.43030869,-11.45019707,27.45,806313.95619218
2023-07-30,6,BTC-230825-25000-C,BTCUSDT,C,230825-25000,5930.0,5930.0,5930.0,5930.0,0.0,0.0,4255.0,5010.0,2.99,3.2,,0.7789135,4481.0,0.48945675,0.8990348,4.616e-05,13.82569299,-12.99278541,27.45,803935.24778575
2023-07-30,14,BTC-230825-25000-C,BTCUSDT,C,230825-25000,5930.0,5930.0,5930.0,5930.0,0.0,0.0,4370.0,5000.0,3.9,3.2,,0.73848248,4545.0,0.46924124,0.91336473,4.312e-05,12.31236956,-11.23656842,27.45,806569.61825279
2023-07-30,1,BTC-230825-25000-C,BTCUSDT,C,230825-25000,5930.0,5930.0,5930.0,5930.0,0.0,0.0,4330.0,5010.0,3.33,3.2,,0.76077461,4529.0,0.49631596,0.89723764,4.586e-05,14.07938396,-13.31013301,27.45,805051.44019777
2023-07-30,22,BTC-230825-25000-C,BTCUSDT,C,230825-25000,5930.0,5930.0,5930.0,5930.0,0.0,0.0,4150.0,5000.0,2.23,3.2,,0.83319664,4393.0,0.51659832,0.88433938,4.908e-05,14.98213155,-15.25072011,27.45,800271.82809888
2023-07-30,21,BTC-230825-25000-C,BTCUSDT,C,230825-25000,5930.0,5930.0,5930.0,5930.0,0.0,0.0,4235.0,5000.0,3.84,3.2,,0.8109498,4507.0,0.55600286,0.87186296,4.886e-05,16.14626787,-17.660394,27.45,802082.33055503
2023-07-30,3,BTC-230825-25000-C,BTCUSDT,C,230825-25000,5930.0,5930.0,5930.0,5930.0,0.0,0.0,4255.0,5010.0,2.99,3.2,,0.76627731,4500.0,0.48313866,0.90247911,4.543e-05,13.52468453,-12.48591406,27.45,804726.2451757
2023-07-30,17,BTC-230825-25000-C,BTCUSDT,C,230825-25000,5930.0,5930.0,5930.0,5930.0,0.0,0.0,4335.0,5000.0,3.2,3.2,,0.73791981,4548.0,0.4689599,0.91420714,4.293e-05,12.19537148,-11.17746771,27.45,806939.08921983
2023-07-30,0,BTC-230825-25000-C,BTCUSDT,C,230825-25000,5930.0,5930.0,5930.0,5930.0,0.0,0.0,4330.0,5010.0,3.33,3.2,,0.75210571,4521.0,0.47605286,0.90640823,4.458e-05,13.16724877,-11.92070421,27.45,805585.57798352
2023-07-30,2,BTC-230825-25000-C,BTCUSDT,C,230825-25000,5930.0,5930.0,5930.0,5930.0,0.0,0.0,4330.0,5010.0,3.33,3.2,,0.76666355,4565.0,0.52960634,0.88347593,4.71e-05,15.38974518,-15.54944939,27.45,804649.22831871
2023-07-30,23,BTC-230825-25000-C,BTCUSDT,C,230825-25000,5930.0,5930.0,5930.0,5930.0,0.0,0.0,4265.0,5000.0,3.71,3.2,,0.78764915,4471.0,0.49382458,0.89970617,4.617e-05,13.56694575,-13.2230688,27.45,803724.00042849
2023-07-30,4,BTC-230825-25000-C,BTCUSDT,C,230825-25000,5930.0,5930.0,5930.0,5930.0,0.0,0.0,4265.0,5010.0,3.2,3.2,,0.76390743,4504.0,0.48195372,0.90348605,4.522e-05,13.41491717,-12.37390684,27.45,804957.92015922
2023-07-30,10,BTC-230825-25000-C,BTCUSDT,C,230825-25000,5930.0,5930.0,5930.0,5930.0,0.0,0.0,4190.0,5000.0,1.5,3.2,,0.78124046,4470.0,0.49062023,0.89865229,4.634e-05,13.81377973,-13.09626431,27.45,803340.72603296
2023-07-31,8,BTC-230825-25000-C,BTCUSDT,C,230825-25000,5930.0,5930.0,5930.0,5930.0,0.0,0.0,4375.0,5210.0,5.54,3.2,,0.85024834,4575.0,0.50012417,0.90369177,4.442e-05,13.12173375,-13.14689777,27.45,806801.80302207
2023-07-31,11,BTC-230825-25000-C,BTCUSDT,C,230825-25000,5930.0,5930.0,5930.0,5930.0,0.0,0.0,4365.0,4825.0,2.24,6.32,,0.65303802,4479.0,0.40151901,0.94542703,3.59e-05,8.47987274,-6.85535948,27.45,807138.63262095
2023-07-31,13,BTC-230825-25000-C,BTCUSDT,C,230825-25000,5930.0,5930.0,5930.0,5930.0,0.0,0.0,4330.0,4810.0,3.2,3.2,,0.66702843,4442.0,0.40851421,0.94114337,3.757e-05,8.97108581,-7.40366535,27.45,805520.75676927
2023-07-31,15,BTC-230825-25000-C,BTCUSDT,C,230825-25000,5930.0,5930.0,5930.0,5930.0,0.0,0.0,4260.0,4710.0,3.2,3.2,,0.66541672,4409.0,0.47568321,0.90836522,4.55e-05,12.51289326,-12.06521041,27.45,803030.07649442
2023-07-31,20,BTC-230825-25000-C,BTCUSDT,C,230825-25000,5930.0,5930.0,5930.0,5930.0,0.0,0.0,4145.0,15340.0,3.2,2.8,,5.03414154,4887.0,0.775,0.80947018,4.639e-05,20.553383,-32.56326601,27.45,801795.54743408
2023-07-31,19,BTC-230825-25000-C,BTCUSDT,C,230825-25000,5930.0,5930.0,5930.0,5930.0,0.0,0.0,4110.0,15290.0,4.32,2.48,,5.02376556,4850.0,0.775,0.8071431,4.677e-05,20.69131366,-32.72604186,27.45,799971.52509888
2023-07-31,9,BTC-230825-25000-C,BTCUSDT,C,230825-25000,5930.0,5930.0,5930.0,5930.0,0.0,0.0,4320.0,4835.0,3.2,8.66,,0.66813469,4465.0,0.40906734,0.94117522,3.735e-05,9.00426718,-7.3913377,27.45,806301.9023243
2023-07-31,5,BTC-230825-25000-C,BTCUSDT,C,230825-25000,5930.0,5930.0,5930.0,5930.0,0.0,0.0,4320.0,5630.0,2.04,3.2,,1.03741646,4706.0,0.59370823,0.86759542,4.685e-05,16.50059941,-19.527981,27.45,806474.89463743
2023-07-31,18,BTC-230825-25000-C,BTCUSDT,C,230825-25000,5930.0,5930.0,5930.0,5930.0,0.0,0.0,4130.0,15345.0,3.2,2.13,,5.03256798,4878.0,0.775,0.80852391,4.647e-05,20.6413607,-32.59160679,27.45,801519.1530824
2023-07-31,12,BTC-230825-25000-C,BTCUSDT,C,230825-25000,5930.0,5930.0,5930.0,5930.0,0.0,0.0,4425.0,5220.0,5.94,3.2,,0.82753181,4631.0,0.48876591,0.91237559,4.24e-05,12.22708432,-12.05279833,27.45,808989.75202738
2023-07-31,7,BTC-230825-25000-C,BTCUSDT,C,230825-25000,5930.0,5930.0,5930.0,5930.0,0.0,0.0,4380.0,4830.0,3.2,3.2,,0.66746712,4512.0,0.46022892,0.91913976,4.236e-05,11.5221188,-10.60561967,27.45,806583.85303855
2023-07-31,16,BTC-230825-25000-C,BTCUSDT,C,230825-25000,5930.0,5930.0,5930.0,5930.0,0.0,0.0,4190.0,5020.0,3.41,3.2,,0.8266592,4411.0,0.4883296,0.90259738,4.643e-05,13.07116293,-12.96047266,27.45,802440.65259888
2023-07-31,6,BTC-230825-25000-C,BTCUSDT,C,230825-25000,5930.0,5930.0,5930.0,5930.0,0.0,0.0,4375.0,5630.0,5.54,3.2,,1.02814198,4725.0,0.58907099,0.87082168,4.641e-05,16.22523144,-19.08381104,27.45,807197.75569777
2023-07-31,14,BTC-230825-25000-C,BTCUSDT,C,230825-25000,5930.0,5930.0,5930.0,5930.0,0.0,0.0,4265.0,4735.0,3.2,3.2,,0.65319061,4381.0,0.40159531,0.94202238,3.787e-05,8.84079826,-7.18466392,27.45,804414.6725933
2023-07-31,1,BTC-230825-25000-C,BTCUSDT,C,230825-25000,5930.0,5930.0,5930.0,5930.0,0.0,0.0,4385.0,15715.0,3.2,4.18,,5.03652573,5160.0,0.8,0.81161341,4.356e-05,20.90992634,-33.1246206,27.45,808358.95102738
2023-07-31,22,BTC-230825-25000-C,BTCUSDT,C,230825-25000,5930.0,5930.0,5930.0,5930.0,0.0,0.0,4165.0,15295.0,3.59,2.58,,5.02222061,4885.0,0.775,0.80983986,4.641e-05,20.49472719,-32.58134571,27.45,801793.06788464
2023-07-31,21,BTC-230825-25000-C,BTCUSDT,C,230825-25000,5930.0,5930.0,5930.0,5930.0,0.0,0.0,4175.0,15355.0,3.2,3.56,,5.03343582,4913.0,0.775,0.81118137,4.612e-05,20.44571909,-32.44796885,27.45,802683.82038464
2023-07-31,3,BTC-230825-25000-C,BTCUSDT,C,230825-25000,5930.0,5930.0,5930.0,5930.0,0.0,0.0,4380.0,5630.0,5.44,3.2,,1.02353573,4729.0,0.58676786,0.87140473,4.632e-05,16.21816195,-18.90654014,27.45,807512.11249442
2023-07-31,17,BTC-230825-25000-C,BTCUSDT,C,230825-25000,5930.0,5930.0,5930.0,5930.0,0.0,0.0,4185.0,15405.0,5.74,3.01,,5.04787445,4896.0,0.775,0.80932525,4.628e-05,20.6203737,-32.50328561,27.45,801940.59806034
2023-07-31,0,BTC-230825-25000-C,BTCUSDT,C,230825-25000,5930.0,5930.0,5930.0,5930.0,0.0,0.0,4395.0,15720.0,2.59,2.93,,5.03126144,5169.0,0.8,0.81188077,4.347e-05,20.91564867,-33.07909973,27.45,808434.01621983
2023-07-31,2,BTC-230825-25000-C,BTCUSDT,C,230825-25000,5930.0,5930.0,5930.0,5930.0,0.0,0.0,4400.0,15735.0,3.2,4.03,,5.04520416,5169.0,0.8,0.81230556,4.348e-05,20.85406305,-33.09072948,27.45,808798.09673073
2023-07-31,23,BTC-230825-25000-C,BTCUSDT,C,230825-25000,5930.0,5930.0,5930.0,5930.0,0.0,0.0,4170.0,15310.0,3.2,2.35,,5.02529144,4902.0,0.775,0.81105345,4.623e-05,20.41261829,-32.50638011,27.45,802450.45013743
2023-07-31,4,BTC-230825-25000-C,BTCUSDT,C,230825-25000,5930.0,5930.0,5930.0,5930.0,0.0,0.0,4380.0,5630.0,5.44,3.2,,1.02870464,4721.0,0.58935232,0.87006103,4.651e-05,16.31460881,-19.13442418,27.45,807210.54558799
2023-07-31,10,BTC-230825-25000-C,BTCUSDT,C,230825-25000,5930.0,5930.0,5930.0,5930.0,0.0,0.0,4370.0,4830.0,3.2,7.26,,0.66311836,4468.0,0.40655918,0.94259116,3.689e-05,8.82797166,-7.21425378,27.45,806646.17358799
2023-08-01,8,BTC-230825-25000-C,BTCUSDT,C,230825-25000,5930.0,5930.0,5930.0,5930.0,0.0,0.0,3920.0,4690.0,1.5,3.0,,0.7720089,4151.0,0.46100445,0.90548517,4.917e-05,12.50722912,-12.03315229,27.45,795488.96121425
2023-08-01,11,BTC-230825-25000-C,BTCUSDT,C,230825-25000,5930.0,5930.0,5930.0,5930.0,0.0,0.0,3865.0,4660.0,3.0,3.0,,0.80916882,4112.0,0.51799536,0.87520663,5.382e-05,15.16434349,-16.47913786,27.45,792281.93548352
2023-08-01,13,BTC-230825-25000-C,BTCUSDT,C,230825-25000,5930.0,5930.0,5930.0,5930.0,0.0,0.0,3855.0,4255.0,3.0,2.71,,0.5996418,3947.0,0.3748209,0.93996158,4.317e-05,8.77808445,-6.92675349,27.45,792605.36284609
2023-08-01,15,BTC-230825-25000-C,BTCUSDT,C,230825-25000,5930.0,5930.0,5930.0,5930.0,0.0,0.0,3920.0,4350.0,3.0,2.38,,0.61758041,4027.0,0.38379021,0.93946142,4.24e-05,8.84338821,-7.17043126,27.45,794562.90379134
2023-08-01,20,BTC-230825-25000-C,BTCUSDT,C,230825-25000,5930.0,5930.0,5930.0,5930.0,0.0,0.0,4160.0,15120.0,3.9,3.53,,5.03339767,4870.0,0.775,0.8142711,4.659e-05,19.82794761,-32.7530767,27.45,802331.05470335
2023-08-01,19,BTC-230825-25000-C,BTCUSDT,C,230825-25000,5930.0,5930.0,5930.0,5930.0,0.0,0.0,4165.0,15120.0,1.5,3.53,,5.01328468,4908.0,0.775,0.81617905,4.618e-05,19.74873168,-32.56438194,27.45,803482.14481313
2023-08-01,9,BTC-230825-25000-C,BTCUSDT,C,230825-25000,5930.0,5930.0,5930.0,5930.0,0.0,0.0,3870.0,4300.0,3.0,3.85,,0.59698582,3998.0,0.37349291,0.94227599,4.178e-05,8.5573064,-6.68172482,27.45,794096.90836816
2023-08-01,5,BTC-230825-25000-C,BTCUSDT,C,230825-25000,5930.0,5930.0,5930.0,5930.0,0.0,0.0,3870.0,15005.0,5.18,3.01,,5.02380371,4642.0,0.775,0.79705392,4.906e-05,20.98016458,-33.75699599,27.45,793899.88674721
2023-08-01,18,BTC-230825-25000-C,BTCUSDT,C,230825-25000,5930.0,5930.0,5930.0,5930.0,0.0,0.0,4020.0,15030.0,1.5,2.69,,4.9698925,4906.0,0.775,0.81581528,4.621e-05,19.78768022,-32.57085585,27.45,802703.42149442
2023-08-01,12,BTC-230825-25000-C,BTCUSDT,C,230825-25000,5930.0,5930.0,5930.0,5930.0,0.0,0.0,3845.0,4275.0,5.93,3.34,,0.60813904,3956.0,0.37906952,0.93804681,4.37e-05,9.00558277,-7.17423524,27.45,792712.40879665
2023-08-01,7,BTC-230825-25000-C,BTCUSDT,C,230825-25000,5930.0,5930.0,5930.0,5930.0,0.0,0.0,3920.0,4330.0,3.0,2.23,,0.60905457,4012.0,0.37952728,0.9395597,4.254e-05,8.88958193,-7.0288276,27.45,794301.17859888
2023-08-01,16,BTC-230825-25000-C,BTCUSDT,C,230825-25000,5930.0,5930.0,5930.0,5930.0,0.0,0.0,3875.0,14915.0,1.5,2.56,,5.0258255,4639.0,0.775,0.79957163,4.913e-05,20.63631745,-33.84791152,27.45,793775.45680223
2023-08-01,6,BTC-230825-25000-C,BTCUSDT,C,230825-25000,5930.0,5930.0,5930.0,5930.0,0.0,0.0,4015.0,4685.0,3.0,4.64,,0.79723597,4296.0,0.59941888,0.84681368,5.315e-05,17.54671497,-21.87416391,27.45,793906.79449442
2023-08-01,14,BTC-230825-25000-C,BTCUSDT,C,230825-25000,5930.0,5930.0,5930.0,5930.0,0.0,0.0,3795.0,4240.0,5.44,5.97,,0.61310291,3911.0,0.38155146,0.93497997,4.524e-05,9.31816683,-7.49811963,27.45,790994.3525109
2023-08-01,1,BTC-230825-25000-C,BTCUSDT,C,230825-25000,5930.0,5930.0,5930.0,5930.0,0.0,0.0,4150.0,5480.0,4.22,3.2,,1.04948044,4545.0,0.59974022,0.86038421,4.922e-05,16.72142544,-20.67733314,27.45,801592.3359891
2023-08-01,22,BTC-230825-25000-C,BTCUSDT,C,230825-25000,5930.0,5930.0,5930.0,5930.0,0.0,0.0,4155.0,15085.0,1.5,5.12,,5.01852036,4886.0,0.775,0.81566731,4.642e-05,19.71554018,-32.68349962,27.45,802889.81604386
2023-08-01,21,BTC-230825-25000-C,BTCUSDT,C,230825-25000,5930.0,5930.0,5930.0,5930.0,0.0,0.0,4215.0,15070.0,5.23,5.63,,5.01030922,4881.0,0.775,0.81509914,4.648e-05,19.76506037,-32.70729014,27.45,802575.5376757
2023-08-01,3,BTC-230825-25000-C,BTCUSDT,C,230825-25000,5930.0,5930.0,5930.0,5930.0,0.0,0.0,3805.0,14745.0,4.19,3.53,,4.92725372,4579.0,0.775,0.79268337,4.974e-05,21.22368598,-34.03106639,27.45,791395.80423631
2023-08-01,17,BTC-230825-25000-C,BTCUSDT,C,230825-25000,5930.0,5930.0,5930.0,5930.0,0.0,0.0,3895.0,14945.0,3.0,3.2,,5.0373745,4653.0,0.775,0.80063651,4.899e-05,20.56527384,-33.79098108,27.45,794787.85201648
2023-08-01,0,BTC-230825-25000-C,BTCUSDT,C,230825-25000,5930.0,5930.0,5930.0,5930.0,0.0,0.0,4225.0,15335.0,3.2,3.55,,5.02275467,4943.0,0.775,0.81359272,4.58e-05,20.26116664,-32.32054202,27.45,803974.67020866
2023-08-01,2,BTC-230825-25000-C,BTCUSDT,C,230825-25000,5930.0,5930.0,5930.0,5930.0,0.0,0.0,3945.0,15105.0,2.43,2.11,,5.05052567,4781.0,0.83227463,0.78496766,4.712e-05,21.77491923,-37.4307142,27.45,794316.19767039
2023-08-01,23,BTC-230825-25000-C,BTCUSDT,C,230825-25000,5930.0,5930.0,5930.0,5930.0,0.0,0.0,4585.0,15460.0,1.5,5.18,,5.03267288,5260.0,0.775,0.83603139,4.247e-05,18.56906339,-30.83789354,27.45,814808.37980782
2023-08-01,4,BTC-230825-25000-C,BTCUSDT,C,230825-25000,5930.0,5930.0,5930.0,5930.0,0.0,0.0,3870.0,15000.0,5.18,2.74,,5.03578186,4684.0,0.81383057,0.78579434,4.827e-05,21.63771434,-36.49621734,27.45,792233.54505503
2023-08-01,10,BTC-230825-25000-C,BTCUSDT,C,230825-25000,5930.0,5930.0,5930.0,5930.0,0.0,0.0,3890.0,4300.0,3.0,3.85,,0.59753895,3998.0,0.37376947,0.9422957,4.178e-05,8.54753358,-6.69069231,27.45,794115.4748243
2023-08-02,8,BTC-230825-25000-C,BTCUSDT,C,230825-25000,5930.0,5930.0,5930.0,5930.0,0.0,0.0,4430.0,4900.0,2.19,3.64,,0.68200588,4556.0,0.41600294,0.94893194,3.409e-05,7.75686954,-7.02768548,27.45,809246.1893243
2023-08-02,11,BTC-230825-25000-C,BTCUSDT,C,230825-25000,5930.0,5930.0,5930.0,5930.0,0.0,0.0,4485.0,5345.0,3.0,4.92,,0.88925838,4723.0,0.51962919,0.91211452,4.153e-05,11.79514501,-13.42138373,27.45,811542.50248352
2023-08-02,13,BTC-230825-25000-C,BTCUSDT,C,230825-25000,5930.0,5930.0,5930.0,5930.0,0.0,0.0,4450.0,4905.0,3.0,2.07,,0.72345734,4620.0,0.54305077,0.89746382,4.482e-05,13.12520216,-15.66515926,27.45,807509.90442849
2023-08-02,15,BTC-230825-25000-C,BTCUSDT,C,230825-25000,5930.0,5930.0,5930.0,5930.0,0.0,0.0,4295.0,4745.0,3.0,2.38,,0.67659378,4398.0,0.41329689,0.9452906,3.668e-05,8.09537657,-7.38042409,27.45,805065.83485726
2023-08-02,20,BTC-230825-25000-C,BTCUSDT,C,230825-25000,5930.0,5930.0,5930.0,5930.0,0.0,0.0,4100.0,14850.0,5.79,3.91,,5.05297661,4762.0,0.775,0.81397441,4.782e-05,19.35840128,-33.40130596,27.45,799729.8242823
2023-08-02,19,BTC-230825-25000-C,BTCUSDT,C,230825-25000,5930.0,5930.0,5930.0,5930.0,0.0,0.0,4100.0,14850.0,5.79,3.91,,5.04304886,4775.0,0.775,0.81450788,4.767e-05,19.35169977,-33.32791023,27.45,800492.88807682
2023-08-02,9,BTC-230825-25000-C,BTCUSDT,C,230825-25000,5930.0,5930.0,5930.0,5930.0,0.0,0.0,4430.0,4900.0,2.19,3.64,,0.69867611,4531.0,0.42433805,0.94470478,3.567e-05,8.24511123,-7.63355496,27.45,808506.96685726
2023-08-02,5,BTC-230825-25000-C,BTCUSDT,C,230825-25000,5930.0,5930.0,5930.0,5930.0,0.0,0.0,4540.0,5065.0,1.5,5.62,,0.6960535,4715.0,0.42302675,0.95118508,3.208e-05,7.54412011,-6.9126997,27.45,813866.64873631
2023-08-02,18,BTC-230825-25000-C,BTCUSDT,C,230825-25000,5930.0,5930.0,5930.0,5930.0,0.0,0.0,4015.0,14795.0,3.0,5.93,,5.01477242,4773.0,0.775,0.8141242,4.769e-05,19.39152537,-33.33476771,27.45,799697.27546704
2023-08-02,12,BTC-230825-25000-C,BTCUSDT,C,230825-25000,5930.0,5930.0,5930.0,5930.0,0.0,0.0,4435.0,4875.0,3.0,4.93,,0.68009377,4534.0,0.41504688,0.94918267,3.419e-05,7.6930706,-7.00471667,27.45,809059.42374721
2023-08-02,7,BTC-230825-25000-C,BTCUSDT,C,230825-25000,5930.0,5930.0,5930.0,5930.0,0.0,0.0,4510.0,5035.0,4.96,2.94,,0.71484089,4655.0,0.43242044,0.94559735,3.435e-05,8.18867616,-7.69771566,27.45,811939.52299442
2023-08-02,16,BTC-230825-25000-C,BTCUSDT,C,230825-25000,5930.0,5930.0,5930.0,5930.0,0.0,0.0,4005.0,5120.0,5.18,3.0,,0.98497391,4310.0,0.56748695,0.87024193,5.152e-05,15.26799738,-19.14781192,27.45,797112.81573631
2023-08-02,6,BTC-230825-25000-C,BTCUSDT,C,230825-25000,5930.0,5930.0,5930.0,5930.0,0.0,0.0,4510.0,5085.0,4.96,3.23,,0.74616432,4661.0,0.44808216,0.93913967,3.618e-05,8.94951568,-8.70187988,27.45,811783.68542318
2023-08-02,14,BTC-230825-25000-C,BTCUSDT,C,230825-25000,5930.0,5930.0,5930.0,5930.0,0.0,0.0,4270.0,4685.0,3.0,4.46,,0.66416264,4349.0,0.40708132,0.94592236,3.692e-05,8.0158738,-7.18483114,27.45,803796.45636257
2023-08-02,1,BTC-230825-25000-C,BTCUSDT,C,230825-25000,5930.0,5930.0,5930.0,5930.0,0.0,0.0,4865.0,15190.0,2.15,1.5,,4.8710537,5553.0,0.86702652,0.8211421,4.001e-05,19.68969647,-36.7128613,27.45,819736.92173073
2023-08-02,22,BTC-230825-25000-C,BTCUSDT,C,230825-25000,5930.0,5930.0,5930.0,5930.0,0.0,0.0,4140.0,14860.0,2.33,2.81,,5.04954338,4799.0,0.775,0.81665971,4.74e-05,19.18080024,-33.21812849,27.45,801150.71676927
2023-08-02,21,BTC-230825-25000-C,BTCUSDT,C,230825-25000,5930.0,5930.0,5930.0,5930.0,0.0,0.0,4090.0,14815.0,3.0,2.64,,5.02613068,4796.0,0.775,0.81622811,4.743e-05,19.22324652,-33.22975843,27.45,801002.1036757
2023-08-02,3,BTC-230825-25000-C,BTCUSDT,C,230825-25000,5930.0,5930.0,5930.0,5930.0,0.0,0.0,4720.0,15470.0,4.48,5.03,,5.08124352,5487.0,0.92310257,0.80159112,4.043e-05,20.8003032,-41.44058361,27.45,813424.13362095
2023-08-02,17,BTC-230825-25000-C,BTCUSDT,C,230825-25000,5930.0,5930.0,5930.0,5930.0,0.0,0.0,4070.0,14845.0,3.0,5.66,,5.03250122,4776.0,0.775,0.81401841,4.766e-05,19.41722919,-33.3173688,27.45,800238.39641201
2023-08-02,0,BTC-230825-25000-C,BTCUSDT,C,230825-25000,5930.0,5930.0,5930.0,5930.0,0.0,0.0,4715.0,15025.0,1.5,1.5,,4.80381012,5355.0,0.775,0.84099569,4.151e-05,18.25411477,-30.36908461,27.45,818342.05450559
2023-08-02,2,BTC-230825-25000-C,BTCUSDT,C,230825-25000,5930.0,5930.0,5930.0,5930.0,0.0,0.0,4720.0,15055.0,4.48,1.5,,4.82809067,5346.0,0.775,0.84105471,4.158e-05,18.21273845,-30.40904544,27.45,818681.33650559
2023-08-02,23,BTC-230825-25000-C,BTCUSDT,C,230825-25000,5930.0,5930.0,5930.0,5930.0,0.0,0.0,4090.0,14800.0,3.0,5.6,,5.02700806,4797.0,0.775,0.81679448,4.742e-05,19.15357801,-33.23286999,27.45,800810.44234609
2023-08-02,4,BTC-230825-25000-C,BTCUSDT,C,230825-25000,5930.0,5930.0,5930.0,5930.0,0.0,0.0,4540.0,15385.0,1.5,5.63,,5.0327301,5227.0,0.775,0.83553082,4.279e-05,18.50254906,-31.00425587,27.45,814526.24207151
2023-08-02,10,BTC-230825-25000-C,BTCUSDT,C,230825-25000,5930.0,5930.0,5930.0,5930.0,0.0,0.0,4455.0,4900.0,3.0,3.64,,0.66073418,4589.0,0.40536709,0.95469665,3.18e-05,7.04552661,-6.24267358,27.45,810545.80504944
2023-08-03,8,BTC-230825-25000-C,BTCUSDT,C,230825-25000,5930.0,5930.0,5930.0,5930.0,0.0,0.0,3990.0,4430.0,3.0,3.0,,0.60127735,4170.0,0.37563868,0.95560876,3.494e-05,6.69624955,-5.72759542,27.45,799205.99587905
2023-08-03,11,BTC-230825-25000-C,BTCUSDT,C,230825-25000,5930.0,5930.0,5930.0,5930.0,0.0,0.0,4105.0,4530.0,3.0,3.0,,0.65196514,4212.0,0.40098257,0.94668183,3.797e-05,7.73714628,-7.10486831,27.45,800093.77714274
2023-08-03,13,BTC-230825-25000-C,BTCUSDT,C,230825-25000,5930.0,5930.0,5930.0,5930.0,0.0,0.0,4095.0,4560.0,3.0,4.17,,0.64582825,4256.0,0.39791412,0.95006648,3.633e-05,7.34239598,-6.71641726,27.45,801224.52107151
2023-08-03,15,BTC-230825-25000-C,BTCUSDT,C,230825-25000,5930.0,5930.0,5930.0,5930.0,0.0,0.0,4180.0,4725.0,3.0,3.0,,0.71292877,4343.0,0.43146439,0.93931868,3.907e-05,8.56732225,-8.53036721,27.45,803250.02037374
2023-08-03,20,BTC-230825-25000-C,BTCUSDT,C,230825-25000,5930.0,5930.0,5930.0,5930.0,0.0,0.0,4225.0,5030.0,3.0,3.0,,0.86257935,4454.0,0.50628967,0.91223578,4.431e-05,11.32314488,-13.35795315,27.45,804756.62719777
2023-08-03,19,BTC-230825-25000-C,BTCUSDT,C,230825-25000,5930.0,5930.0,5930.0,5930.0,0.0,0.0,4225.0,5030.0,3.0,3.0,,0.86836338,4443.0,0.50918169,0.91020481,4.48e-05,11.52253155,-13.6443231,27.45,804298.1458352
2023-08-03,9,BTC-230825-25000-C,BTCUSDT,C,230825-25000,5930.0,5930.0,5930.0,5930.0,0.0,0.0,3990.0,4430.0,3.0,3.0,,0.58258057,4196.0,0.36629028,0.96056708,3.255e-05,6.08507929,-5.08495263,27.45,800350.8014118
2023-08-03,5,BTC-230825-25000-C,BTCUSDT,C,230825-25000,5930.0,5930.0,5930.0,5930.0,0.0,0.0,4035.0,14720.0,3.0,4.99,,5.03085136,4760.0,0.775,0.81620496,4.784e-05,19.06156714,-33.44763802,27.45,800264.27784078
2023-08-03,18,BTC-230825-25000-C,BTCUSDT,C,230825-25000,5930.0,5930.0,5930.0,5930.0,0.0,0.0,4135.0,5030.0,3.0,3.0,,0.87417603,4432.0,0.51208801,0.90814916,4.528e-05,11.72248898,-13.93332966,27.45,803395.58681871
2023-08-03,12,BTC-230825-25000-C,BTCUSDT,C,230825-25000,5930.0,5930.0,5930.0,5930.0,0.0,0.0,4045.0,4520.0,3.0,2.51,,0.66682816,4180.0,0.40841408,0.94221407,3.982e-05,8.22544538,-7.70796002,27.45,798991.12572514
2023-08-03,7,BTC-230825-25000-C,BTCUSDT,C,230825-25000,5930.0,5930.0,5930.0,5930.0,0.0,0.0,3980.0,4430.0,3.0,3.0,,0.64098358,4113.0,0.39549179,0.94441621,3.978e-05,7.99871111,-7.18959754,27.45,797248.18345056
2023-08-03,16,BTC-230825-25000-C,BTCUSDT,C,230825-25000,5930.0,5930.0,5930.0,5930.0,0.0,0.0,4180.0,5030.0,3.0,3.0,,0.85672379,4459.0,0.50336189,0.91288528,4.414e-05,11.30654924,-13.1590358,27.45,804563.08659888
2023-08-03,6,BTC-230825-25000-C,BTCUSDT,C,230825-25000,5930.0,5930.0,5930.0,5930.0,0.0,0.0,4030.0,5205.0,3.27,3.0,,1.01519108,4375.0,0.58259554,0.8706415,5.062e-05,15.06968208,-19.91574657,27.45,798551.84428017
2023-08-03,14,BTC-230825-25000-C,BTCUSDT,C,230825-25000,5930.0,5930.0,5930.0,5930.0,0.0,0.0,4305.0,5100.0,3.0,3.0,,0.85332394,4541.0,0.50166197,0.91709775,4.246e-05,10.94896658,-12.65107992,27.45,806337.04737374
2023-08-03,1,BTC-230825-25000-C,BTCUSDT,C,230825-25000,5930.0,5930.0,5930.0,5930.0,0.0,0.0,4090.0,14815.0,3.0,2.92,,5.01959801,4849.0,0.775,0.82030013,4.683e-05,18.93125596,-32.97014772,27.45,802755.98371983
2023-08-03,22,BTC-230825-25000-C,BTCUSDT,C,230825-25000,5930.0,5930.0,5930.0,5930.0,0.0,0.0,4105.0,5315.0,3.0,3.0,,1.02930069,4501.0,0.58965034,0.87860863,4.834e-05,14.26766692,-19.6793688,27.45,802580.91003296
2023-08-03,21,BTC-230825-25000-C,BTCUSDT,C,230825-25000,5930.0,5930.0,5930.0,5930.0,0.0,0.0,4220.0,5030.0,4.71,3.0,,0.88283539,4422.0,0.51641769,0.90636546,4.57e-05,11.84975704,-14.28658575,27.45,802660.26466481
2023-08-03,3,BTC-230825-25000-C,BTCUSDT,C,230825-25000,5930.0,5930.0,5930.0,5930.0,0.0,0.0,4095.0,14780.0,3.0,4.72,,5.03832817,4788.0,0.775,0.8172804,4.753e-05,19.04732827,-33.29700383,27.45,800936.32623631
2023-08-03,17,BTC-230825-25000-C,BTCUSDT,C,230825-25000,5930.0,5930.0,5930.0,5930.0,0.0,0.0,4185.0,5030.0,2.74,3.0,,0.8885622,4407.0,0.5192811,0.9034279,4.635e-05,12.16000055,-14.62808129,27.45,802691.22585168
2023-08-03,0,BTC-230825-25000-C,BTCUSDT,C,230825-25000,5930.0,5930.0,5930.0,5930.0,0.0,0.0,4090.0,14800.0,3.0,5.6,,5.03668785,4784.0,0.775,0.81630425,4.757e-05,19.15838991,-33.30335209,27.45,800813.54329134
2023-08-03,2,BTC-230825-25000-C,BTCUSDT,C,230825-25000,5930.0,5930.0,5930.0,5930.0,0.0,0.0,4175.0,14780.0,4.14,4.72,,5.03481865,4786.0,0.775,0.81694012,4.754e-05,19.08513315,-33.30049639,27.45,800901.32296145
2023-08-03,23,BTC-230825-25000-C,BTCUSDT,C,230825-25000,5930.0,5930.0,5930.0,5930.0,0.0,0.0,4105.0,5315.0,3.0,3.0,,1.04527473,4475.0,0.59763737,0.87401159,4.907e-05,14.60891307,-20.46287721,27.45,801376.07221983
2023-08-03,4,BTC-230825-25000-C,BTCUSDT,C,230825-25000,5930.0,5930.0,5930.0,5930.0,0.0,0.0,4090.0,14715.0,3.27,2.41,,5.02840042,4751.0,0.775,0.81540819,4.795e-05,19.12249623,-33.49136007,27.45,799786.69610447
2023-08-03,10,BTC-230825-25000-C,BTCUSDT,C,230825-25000,5930.0,5930.0,5930.0,5930.0,0.0,0.0,4105.0,4530.0,3.0,3.0,,0.63548088,4235.0,0.39274044,0.95100124,3.618e-05,7.24850516,-6.5069248,27.45,800910.04059888
2023-08-04,8,BTC-230825-25000-C,BTCUSDT,C,230825-25000,5930.0,5930.0,5930.0,5930.0,0.0,0.0,4090.0,5330.0,3.0,3.0,,1.06453896,4474.0,0.60726948,0.87214186,4.924e-05,14.62517717,-21.18827546,27.45,801109.86453296
2023-08-04,11,BTC-230825-25000-C,BTCUSDT,C,230825-25000,5930.0,5930.0,5930.0,5930.0,0.0,0.0,4105.0,4525.0,3.0,3.0,,0.65157413,4227.0,0.40078707,0.95141376,3.609e-05,7.02460181,-6.75688319,27.45,800905.71496145
2023-08-04,13,BTC-230825-25000-C,BTCUSDT,C,230825-25000,5930.0,5930.0,5930.0,5930.0,0.0,0.0,4180.0,4620.0,3.0,3.0,,0.6730938,4304.0,0.4115469,0.95018467,3.584e-05,7.16987571,-7.11021316,27.45,802634.28369218
2023-08-04,15,BTC-230825-25000-C,BTCUSDT,C,230825-25000,5930.0,5930.0,5930.0,5930.0,0.0,0.0,4185.0,4615.0,3.0,3.0,,0.65444469,4327.0,0.40222235,0.95512045,3.376e-05,6.58832105,-6.41121404,27.45,803495.1549067
2023-08-04,20,BTC-230825-25000-C,BTCUSDT,C,230825-25000,5930.0,5930.0,5930.0,5930.0,0.0,0.0,3885.0,5320.0,3.0,3.0,,1.14972591,4341.0,0.64986296,0.84957572,5.241e-05,16.02098287,-25.44546822,27.45,795119.62297262
2023-08-04,19,BTC-230825-25000-C,BTCUSDT,C,230825-25000,5930.0,5930.0,5930.0,5930.0,0.0,0.0,3965.0,5320.0,3.66,3.0,,1.12751961,4376.0,0.6387598,0.85606997,5.161e-05,15.60228947,-24.30758472,27.45,796974.22943408
2023-08-04,9,BTC-230825-25000-C,BTCUSDT,C,230825-25000,5930.0,5930.0,5930.0,5930.0,0.0,0.0,4090.0,5330.0,3.0,3.0,,1.06161594,4480.0,0.60580797,0.87312399,4.909e-05,14.54781441,-21.03564844,27.45,801559.19690112
2023-08-04,5,BTC-230825-25000-C,BTCUSDT,C,230825-25000,5930.0,5930.0,5930.0,5930.0,0.0,0.0,4145.0,4935.0,3.0,3.0,,0.84667206,4384.0,0.49833603,0.91432622,4.47e-05,11.00023366,-13.00033933,27.45,802670.33670335
2023-08-04,18,BTC-230825-25000-C,BTCUSDT,C,230825-25000,5930.0,5930.0,5930.0,5930.0,0.0,0.0,3915.0,5320.0,3.0,3.0,,1.11316681,4399.0,0.6315834,0.8601274,5.108e-05,15.3384765,-23.58017465,27.45,797632.04002738
2023-08-04,12,BTC-230825-25000-C,BTCUSDT,C,230825-25000,5930.0,5930.0,5930.0,5930.0,0.0,0.0,4115.0,5310.0,3.0,3.0,,1.04603767,4489.0,0.59801884,0.87792749,4.854e-05,14.12080607,-20.30742282,27.45,802091.48256592
2023-08-04,7,BTC-230825-25000-C,BTCUSDT,C,230825-25000,5930.0,5930.0,5930.0,5930.0,0.0,0.0,4085.0,5300.0,3.0,3.0,,1.03947163,4481.0,0.59473581,0.8775873,4.868e-05,14.21464529,-20.12846182,27.45,801838.04667039
2023-08-04,16,BTC-230825-25000-C,BTCUSDT,C,230825-25000,5930.0,5930.0,5930.0,5930.0,0.0,0.0,4185.0,5320.0,3.0,3.0,,1.03909016,4519.0,0.59454508,0.88203032,4.779e-05,13.74941498,-19.81731495,27.45,803334.681
2023-08-04,6,BTC-230825-25000-C,BTCUSDT,C,230825-25000,5930.0,5930.0,5930.0,5930.0,0.0,0.0,4140.0,4595.0,2.5,2.74,,0.67841053,4263.0,0.41420527,0.9462329,3.763e-05,7.65906523,-7.53843184,27.45,801225.91770335
2023-08-04,14,BTC-230825-25000-C,BTCUSDT,C,230825-25000,5930.0,5930.0,5930.0,5930.0,0.0,0.0,4185.0,4625.0,3.0,3.0,,0.66981792,4316.0,0.40990896,0.95144277,3.527e-05,7.02099272,-6.94881182,27.45,803057.06195614
2023-08-04,1,BTC-230825-25000-C,BTCUSDT,C,230825-25000,5930.0,5930.0,5930.0,5930.0,0.0,0.0,4165.0,4935.0,5.09,3.0,,0.86025238,4357.0,0.50512619,0.90903749,4.599e-05,11.53173098,-13.70582627,27.45,801533.20687905
2023-08-04,22,BTC-230825-25000-C,BTCUSDT,C,230825-25000,5930.0,5930.0,5930.0,5930.0,0.0,0.0,3945.0,5320.0,3.0,3.0,,1.12053871,4393.0,0.63526936,0.85935771,5.119e-05,15.3289574,-23.89696039,27.45,797675.67647793
2023-08-04,21,BTC-230825-25000-C,BTCUSDT,C,230825-25000,5930.0,5930.0,5930.0,5930.0,0.0,0.0,3945.0,5320.0,3.0,3.0,,1.11964703,4393.0,0.63482351,0.85925536,5.12e-05,15.35182641,-23.86700779,27.45,797740.92603296
2023-08-04,3,BTC-230825-25000-C,BTCUSDT,C,230825-25000,5930.0,5930.0,5930.0,5930.0,0.0,0.0,4050.0,4935.0,3.0,3.0,,0.87798595,4330.0,0.51399298,0.90411809,4.715e-05,11.94956286,-14.50863315,27.45,800381.48934078
2023-08-04,17,BTC-230825-25000-C,BTCUSDT,C,230825-25000,5930.0,5930.0,5930.0,5930.0,0.0,0.0,4180.0,5320.0,2.36,3.0,,1.06409073,4479.0,0.60704536,0.87480848,4.896e-05,14.28967388,-21.07160018,27.45,801595.1745
2023-08-04,0,BTC-230825-25000-C,BTCUSDT,C,230825-25000,5930.0,5930.0,5930.0,5930.0,0.0,0.0,4105.0,5315.0,3.0,3.0,,1.03241444,4498.0,0.59120722,0.87832082,4.84e-05,14.26207359,-19.80078968,27.45,802434.22447262
2023-08-04,2,BTC-230825-25000-C,BTCUSDT,C,230825-25000,5930.0,5930.0,5930.0,5930.0,0.0,0.0,4050.0,4935.0,3.0,3.0,,0.87409973,4335.0,0.51204987,0.90503378,4.694e-05,11.8801779,-14.34162715,27.45,800705.47776927
2023-08-04,23,BTC-230825-25000-C,BTCUSDT,C,230825-25000,5930.0,5930.0,5930.0,5930.0,0.0,0.0,3945.0,5320.0,3.0,3.0,,1.10216618,4426.0,0.62608309,0.86536701,5.037e-05,14.89158233,-22.92630134,27.45,799170.49862662
2023-08-04,4,BTC-230825-25000-C,BTCUSDT,C,230825-25000,5930.0,5930.0,5930.0,5930.0,0.0,0.0,4140.0,4935.0,2.5,3.0,,0.8608675,4360.0,0.50543375,0.90971668,4.584e-05,11.43581072,-13.68057168,27.45,801434.75187374
2023-08-05,8,BTC-230825-25000-C,BTCUSDT,C,230825-25000,5930.0,5930.0,5930.0,5930.0,0.0,0.0,3945.0,5060.0,3.0,3.0,,0.99623203,4320.0,0.57311602,0.88435025,4.999e-05,13.2554778,-19.03195547,27.45,798468.97242849
2023-08-05,11,BTC-230825-25000-C,BTCUSDT,C,230825-25000,5930.0,5930.0,5930.0,5930.0,0.0,0.0,3990.0,5060.0,2.47,3.0,,1.01483822,4295.0,0.58241911,0.8796237,5.084e-05,13.57480465,-19.93164963,27.45,797349.40155503
2023-08-05,13,BTC-230825-25000-C,BTCUSDT,C,230825-25000,5930.0,5930.0,5930.0,5930.0,0.0,0.0,3935.0,5060.0,3.0,3.0,,1.0253334,4281.0,0.5876667,0.87707171,5.128e-05,13.73703654,-20.43745375,27.45,796739.61941201
2023-08-05,15,BTC-230825-25000-C,BTCUSDT,C,230825-25000,5930.0,5930.0,5930.0,5930.0,0.0,0.0,3935.0,4350.0,3.0,3.76,,0.62760353,4089.0,0.38880177,0.95592651,3.556e-05,6.28343903,-6.21104428,27.45,797131.04354428
2023-08-05,20,BTC-230825-25000-C,BTCUSDT,C,230825-25000,5930.0,5930.0,5930.0,5930.0,0.0,0.0,3935.0,5070.0,3.0,3.0,,1.02663994,4302.0,0.58831997,0.87989473,5.072e-05,13.42800478,-20.29967964,27.45,797555.80042949
2023-08-05,19,BTC-230825-25000-C,BTCUSDT,C,230825-25000,5930.0,5930.0,5930.0,5930.0,0.0,0.0,3935.0,5070.0,3.0,3.0,,1.02003098,4311.0,0.58501549,0.88156726,5.042e-05,13.3165487,-19.97534002,27.45,797989.29121983
2023-08-05,9,BTC-230825-25000-C,BTCUSDT,C,230825-25000,5930.0,5930.0,5930.0,5930.0,0.0,0.0,3945.0,5060.0,3.0,3.0,,1.0082531,4302.0,0.57912655,0.88096143,5.06e-05,13.50195933,-19.63013865,27.45,797710.73706592
2023-08-05,5,BTC-230825-25000-C,BTCUSDT,C,230825-25000,5930.0,5930.0,5930.0,5930.0,0.0,0.0,4005.0,4410.0,3.0,3.0,,0.62954426,4145.0,0.38977213,0.95590992,3.505e-05,6.36357256,-6.1751248,27.45,798673.52922514
2023-08-05,18,BTC-230825-25000-C,BTCUSDT,C,230825-25000,5930.0,5930.0,5930.0,5930.0,0.0,0.0,3935.0,5070.0,3.0,3.0,,1.01581097,4316.0,0.58290548,0.88250471,5.025e-05,13.25973959,-19.7761288,27.45,798538.2489891
2023-08-05,12,BTC-230825-25000-C,BTCUSDT,C,230825-25000,5930.0,5930.0,5930.0,5930.0,0.0,0.0,3935.0,5060.0,3.0,3.0,,1.02828026,4275.0,0.58914013,0.87578158,5.149e-05,13.84733705,-20.60972757,27.45,796452.37476927
2023-08-05,7,BTC-230825-25000-C,BTCUSDT,C,230825-25000,5930.0,5930.0,5930.0,5930.0,0.0,0.0,4005.0,5090.0,3.0,3.0,,1.02297783,4309.0,0.58648891,0.87761101,5.085e-05,13.79444128,-20.22570553,27.45,797524.55367039
2023-08-05,16,BTC-230825-25000-C,BTCUSDT,C,230825-25000,5930.0,5930.0,5930.0,5930.0,0.0,0.0,3935.0,5070.0,3.0,3.0,,1.03075027,4289.0,0.59037514,0.87714755,5.117e-05,13.69099883,-20.59317338,27.45,796947.24095614
2023-08-05,6,BTC-230825-25000-C,BTCUSDT,C,230825-25000,5930.0,5930.0,5930.0,5930.0,0.0,0.0,4005.0,5090.0,3.0,3.0,,1.017313,4317.0,0.5836565,0.87902072,5.061e-05,13.70259432,-19.95244153,27.45,797832.27420335
2023-08-05,14,BTC-230825-25000-C,BTCUSDT,C,230825-25000,5930.0,5930.0,5930.0,5930.0,0.0,0.0,3935.0,5060.0,3.0,3.0,,1.0099268,4308.0,0.5799634,0.88223239,5.039e-05,13.33398172,-19.61915469,27.45,797930.68094497
2023-08-05,1,BTC-230825-25000-C,BTCUSDT,C,230825-25000,5930.0,5930.0,5930.0,5930.0,0.0,0.0,4005.0,5085.0,3.0,3.0,,1.00572586,4322.0,0.57786293,0.88054321,5.039e-05,13.65614516,-19.4848779,27.45,798125.54879665
2023-08-05,22,BTC-230825-25000-C,BTCUSDT,C,230825-25000,5930.0,5930.0,5930.0,5930.0,0.0,0.0,3990.0,5070.0,3.0,3.0,,1.01499557,4324.0,0.58249779,0.88420461,4.996e-05,13.07331672,-19.65206068,27.45,798537.47375279
2023-08-05,21,BTC-230825-25000-C,BTCUSDT,C,230825-25000,5930.0,5930.0,5930.0,5930.0,0.0,0.0,3990.0,5070.0,3.0,3.0,,1.02037907,4314.0,0.58518953,0.88218993,5.032e-05,13.24078553,-19.95286992,27.45,798085.68596704
2023-08-05,3,BTC-230825-25000-C,BTCUSDT,C,230825-25000,5930.0,5930.0,5930.0,5930.0,0.0,0.0,4005.0,4410.0,3.0,3.0,,0.62909126,4144.0,0.38954563,0.9556342,3.518e-05,6.40856461,-6.18948822,27.45,798538.27010447
2023-08-05,17,BTC-230825-25000-C,BTCUSDT,C,230825-25000,5930.0,5930.0,5930.0,5930.0,0.0,0.0,3935.0,5070.0,3.0,3.0,,1.02004051,4308.0,0.58502026,0.88083632,5.054e-05,13.40048193,-20.01586911,27.45,797741.05898731
2023-08-05,0,BTC-230825-25000-C,BTCUSDT,C,230825-25000,5930.0,5930.0,5930.0,5930.0,0.0,0.0,4000.0,5320.0,3.0,3.0,,1.10132217,4429.0,0.62566109,0.86599579,5.029e-05,14.8313648,-22.86505757,27.45,799427.50531313
2023-08-05,2,BTC-230825-25000-C,BTCUSDT,C,230825-25000,5930.0,5930.0,5930.0,5930.0,0.0,0.0,4005.0,4410.0,3.0,3.0,,0.63316822,4138.0,0.39158411,0.95439309,3.575e-05,6.55739096,-6.35324198,27.45,798542.92755503
2023-08-05,23,BTC-230825-25000-C,BTCUSDT,C,230825-25000,5930.0,5930.0,5930.0,5930.0,0.0,0.0,3990.0,5070.0,3.0,3.0,,1.02300644,4313.0,0.58650322,0.88211501,5.034e-05,13.21778146,-20.04896572,27.45,798049.42180223
2023-08-05,4,BTC-230825-25000-C,BTCUSDT,C,230825-25000,5930.0,5930.0,5930.0,5930.0,0.0,0.0,4005.0,4410.0,3.0,3.0,,0.65155983,4114.0,0.40077991,0.94996586,3.774e-05,7.04038698,-7.01029583,27.45,797577.81873631
2023-08-05,10,BTC-230825-25000-C,BTCUSDT,C,230825-25000,5930.0,5930.0,5930.0,5930.0,0.0,0.0,3995.0,5060.0,3.0,3.0,,1.01009846,4301.0,0.58004923,0.88074324,5.064e-05,13.50431255,-19.7060667,27.45,797612.18854944
2023-08-06,8,BTC-230825-25000-C,BTCUSDT,C,230825-25000,5930.0,5930.0,5930.0,5930.0,0.0,0.0,4020.0,5135.0,3.0,3.0,,1.05017185,4358.0,0.60008593,0.88140185,4.983e-05,13.16300263,-20.83233706,27.45,799196.51507151
2023-08-06,11,BTC-230825-25000-C,BTCUSDT,C,230825-25000,5930.0,5930.0,5930.0,5930.0,0.0,0.0,3965.0,5075.0,3.0,3.0,,1.03682518,4317.0,0.59341259,0.8826853,5.023e-05,13.00354312,-20.48618086,27.45,798203.13977835
2023-08-06,13,BTC-230825-25000-C,BTCUSDT,C,230825-25000,5930.0,5930.0,5930.0,5930.0,0.0,0.0,3960.0,4380.0,4.58,8.78,,0.67726135,4076.0,0.41363068,0.94909156,3.846e-05,6.88079904,-7.5896208,27.45,796502.87371983
2023-08-06,15,BTC-230825-25000-C,BTCUSDT,C,230825-25000,5930.0,5930.0,5930.0,5930.0,0.0,0.0,3910.0,5040.0,3.0,3.0,,1.04971886,4263.0,0.59985943,0.87799194,5.142e-05,13.27869403,-21.33574519,27.45,796420.16475838
2023-08-06,20,BTC-230825-25000-C,BTCUSDT,C,230825-25000,5930.0,5930.0,5930.0,5930.0,0.0,0.0,3960.0,5040.0,3.0,3.0,,1.00822449,4338.0,0.57911224,0.89237838,4.879e-05,12.12586107,-19.02184255,27.45,799412.60086816
2023-08-06,19,BTC-230825-25000-C,BTCUSDT,C,230825-25000,5930.0,5930.0,5930.0,5930.0,0.0,0.0,3960.0,5040.0,3.0,3.0,,1.02443695,4310.0,0.58721848,0.88717367,4.979e-05,12.53936783,-19.90092933,27.45,798459.43591145
2023-08-06,9,BTC-230825-25000-C,BTCUSDT,C,230825-25000,5930.0,5930.0,5930.0,5930.0,0.0,0.0,4020.0,5135.0,3.0,3.0,,1.06289864,4340.0,0.60644932,0.87794623,5.042e-05,13.40352834,-21.48516911,27.45,798329.54754386
2023-08-06,5,BTC-230825-25000-C,BTCUSDT,C,230825-25000,5930.0,5930.0,5930.0,5930.0,0.0,0.0,3995.0,5130.0,3.0,3.0,,1.04839325,4350.0,0.59919662,0.88049111,5.002e-05,13.27294545,-20.83781473,27.45,798626.68926927
2023-08-06,18,BTC-230825-25000-C,BTCUSDT,C,230825-25000,5930.0,5930.0,5930.0,5930.0,0.0,0.0,3960.0,5040.0,3.0,3.0,,1.02332592,4310.0,0.58666296,0.88713172,4.98e-05,12.55676859,-19.86495217,27.45,798456.58674721
2023-08-06,12,BTC-230825-25000-C,BTCUSDT,C,230825-25000,5930.0,5930.0,5930.0,5930.0,0.0,0.0,3965.0,5075.0,3.0,3.0,,1.05494022,4290.0,0.60247011,0.87756483,5.112e-05,13.36633198,-21.42654695,27.45,797010.86462626
2023-08-06,7,BTC-230825-25000-C,BTCUSDT,C,230825-25000,5930.0,5930.0,5930.0,5930.0,0.0,0.0,3990.0,5130.0,3.0,3.0,,1.05421543,4345.0,0.60210772,0.87948399,5.02e-05,13.31834292,-21.10282143,27.45,798603.89068687
2023-08-06,16,BTC-230825-25000-C,BTCUSDT,C,230825-25000,5930.0,5930.0,5930.0,5930.0,0.0,0.0,3910.0,5040.0,3.0,3.0,,1.02091789,4311.0,0.58545895,0.88710752,4.98e-05,12.58700748,-19.78301089,27.45,798445.10902738
2023-08-06,6,BTC-230825-25000-C,BTCUSDT,C,230825-25000,5930.0,5930.0,5930.0,5930.0,0.0,0.0,3990.0,5130.0,3.0,3.0,,1.06219769,4330.0,0.60609884,0.87668659,5.067e-05,13.53853779,-21.54666196,27.45,797947.20524162
2023-08-06,14,BTC-230825-25000-C,BTCUSDT,C,230825-25000,5930.0,5930.0,5930.0,5930.0,0.0,0.0,3910.0,5070.0,3.0,3.0,,1.05370045,4289.0,0.60185022,0.87838172,5.104e-05,13.27536116,-21.35351662,27.45,797081.04311536
2023-08-06,1,BTC-230825-25000-C,BTCUSDT,C,230825-25000,5930.0,5930.0,5930.0,5930.0,0.0,0.0,3985.0,5070.0,5.0,3.0,,1.03859901,4291.0,0.59429951,0.87806245,5.105e-05,13.49121251,-20.82549642,27.45,797121.7565933
2023-08-06,22,BTC-230825-25000-C,BTCUSDT,C,230825-25000,5930.0,5930.0,5930.0,5930.0,0.0,0.0,4015.0,5040.0,3.0,3.0,,1.02299213,4318.0,0.58649607,0.88873201,4.951e-05,12.37846506,-19.75487484,27.45,798796.33026927
2023-08-06,21,BTC-230825-25000-C,BTCUSDT,C,230825-25000,5930.0,5930.0,5930.0,5930.0,0.0,0.0,3940.0,5040.0,3.0,3.0,,1.02777004,4309.0,0.58888502,0.88692832,4.985e-05,12.52941666,-20.03180406,27.45,797943.44368687
2023-08-06,3,BTC-230825-25000-C,BTCUSDT,C,230825-25000,5930.0,5930.0,5930.0,5930.0,0.0,0.0,3990.0,5070.0,3.0,3.0,,1.03135109,4306.0,0.59067554,0.88103472,5.054e-05,13.24123701,-20.40331347,27.45,797777.723848
2023-08-06,17,BTC-230825-25000-C,BTCUSDT,C,230825-25000,5930.0,5930.0,5930.0,5930.0,0.0,0.0,3960.0,5040.0,3.0,3.0,,1.02190018,4311.0,0.58595009,0.88718563,4.978e-05,12.56688272,-19.81227298,27.45,798477.129
2023-08-06,0,BTC-230825-25000-C,BTCUSDT,C,230825-25000,5930.0,5930.0,5930.0,5930.0,0.0,0.0,3990.0,5070.0,3.0,3.0,,1.02679253,4308.0,0.58839626,0.88132068,5.048e-05,13.26320957,-20.22639723,27.45,797779.2263243
2023-08-06,2,BTC-230825-25000-C,BTCUSDT,C,230825-25000,5930.0,5930.0,5930.0,5930.0,0.0,0.0,3990.0,5070.0,3.0,3.0,,1.02793217,4310.0,0.58896608,0.88171066,5.042e-05,13.20505536,-20.24466391,27.45,797933.25702207
2023-08-06,23,BTC-230825-25000-C,BTCUSDT,C,230825-25000,5930.0,5930.0,5930.0,5930.0,0.0,0.0,4015.0,5040.0,3.0,3.0,,1.02878094,4310.0,0.58939047,0.88738317,4.977e-05,12.46652251,-20.03903157,27.45,798516.08085168
2023-08-06,4,BTC-230825-25000-C,BTCUSDT,C,230825-25000,5930.0,5930.0,5930.0,5930.0,0.0,0.0,3990.0,5070.0,3.0,3.0,,1.02762222,4314.0,0.58881111,0.88254555,5.028e-05,13.11345835,-20.18652369,27.45,798104.21019218
2023-08-06,10,BTC-230825-25000-C,BTCUSDT,C,230825-25000,5930.0,5930.0,5930.0,5930.0,0.0,0.0,3965.0,5075.0,3.0,3.0,,1.03935242,4311.0,0.59467621,0.88154286,5.042e-05,13.10326232,-20.64157239,27.45,797952.03161536
2023-08-07,8,BTC-230825-25000-C,BTCUSDT,C,230825-25000,5930.0,5930.0,5930.0,5930.0,0.0,0.0,3975.0,4940.0,3.0,3.0,,0.99674225,4262.0,0.57337112,0.89398084,4.954e-05,11.8047905,-18.84507185,27.45,797847.94181871
2023-08-07,11,BTC-230825-25000-C,BTCUSDT,C,230825-25000,5930.0,5930.0,5930.0,5930.0,0.0,0.0,3975.0,4405.0,3.0,2.82,,0.66723824,4138.0,0.40861912,0.95757304,3.44e-05,5.81230031,-6.65892191,27.45,798545.56396145
2023-08-07,13,BTC-230825-25000-C,BTCUSDT,C,230825-25000,5930.0,5930.0,5930.0,5930.0,0.0,0.0,3970.0,4430.0,2.69,3.0,,0.72066307,4098.0,0.43533154,0.94581271,3.945e-05,7.03859777,-8.63132838,27.45,797130.16051648
2023-08-07,15,BTC-230825-25000-C,BTCUSDT,C,230825-25000,5930.0,5930.0,5930.0,5930.0,0.0,0.0,3770.0,4715.0,3.0,3.0,,0.97043991,4058.0,0.56021996,0.8899753,5.287e-05,11.94064187,-18.93221173,27.45,792072.46181871
2023-08-07,20,BTC-230825-25000-C,BTCUSDT,C,230825-25000,5930.0,5930.0,5930.0,5930.0,0.0,0.0,4045.0,4805.0,3.0,3.0,,0.87381363,4313.0,0.51190681,0.92548021,4.309e-05,8.99557616,-13.18823968,27.45,801521.98556034
2023-08-07,19,BTC-230825-25000-C,BTCUSDT,C,230825-25000,5930.0,5930.0,5930.0,5930.0,0.0,0.0,3990.0,4805.0,3.0,3.0,,0.89668274,4278.0,0.52334137,0.91884192,4.499e-05,9.59243202,-14.34318054,27.45,799787.37782961
2023-08-07,9,BTC-230825-25000-C,BTCUSDT,C,230825-25000,5930.0,5930.0,5930.0,5930.0,0.0,0.0,3975.0,5095.0,3.0,3.0,,1.06799126,4329.0,0.60899563,0.88315597,5.001e-05,12.65289778,-21.50387291,27.45,798610.40629134
2023-08-07,5,BTC-230825-25000-C,BTCUSDT,C,230825-25000,5930.0,5930.0,5930.0,5930.0,0.0,0.0,4030.0,4840.0,3.0,3.0,,0.91169357,4274.0,0.53084679,0.91186879,4.645e-05,10.36515767,-15.2137524,27.45,799552.7436757
2023-08-07,18,BTC-230825-25000-C,BTCUSDT,C,230825-25000,5930.0,5930.0,5930.0,5930.0,0.0,0.0,3990.0,4965.0,3.0,3.0,,1.0095787,4288.0,0.57978935,0.89554731,4.899e-05,11.55367969,-19.09367045,27.45,798627.63342849
2023-08-07,12,BTC-230825-25000-C,BTCUSDT,C,230825-25000,5930.0,5930.0,5930.0,5930.0,0.0,0.0,3975.0,4430.0,3.0,3.0,,0.69364548,4133.0,0.42182274,0.95244271,3.659e-05,6.36131354,-7.54101626,27.45,798180.55437374
2023-08-07,7,BTC-230825-25000-C,BTCUSDT,C,230825-25000,5930.0,5930.0,5930.0,5930.0,0.0,0.0,3975.0,4425.0,3.0,3.0,,0.67645073,4144.0,0.41322536,0.95530389,3.531e-05,6.09080917,-6.99132006,27.45,798629.63335726
2023-08-07,16,BTC-230825-25000-C,BTCUSDT,C,230825-25000,5930.0,5930.0,5930.0,5930.0,0.0,0.0,3805.0,4715.0,3.0,3.0,,0.93904018,4108.0,0.54452009,0.90002425,5.068e-05,11.15704109,-17.23469235,27.45,794092.09707682
2023-08-07,6,BTC-230825-25000-C,BTCUSDT,C,230825-25000,5930.0,5930.0,5930.0,5930.0,0.0,0.0,3975.0,4395.0,3.0,5.95,,0.67832947,4108.0,0.41416473,0.9533665,3.646e-05,6.30091048,-7.23218449,27.45,797711.21970335
2023-08-07,14,BTC-230825-25000-C,BTCUSDT,C,230825-25000,5930.0,5930.0,5930.0,5930.0,0.0,0.0,3900.0,5070.0,3.0,3.0,,1.08876228,4278.0,0.61938114,0.8773894,5.129e-05,12.98319003,-22.70551851,27.45,796626.00657682
2023-08-07,1,BTC-230825-25000-C,BTCUSDT,C,230825-25000,5930.0,5930.0,5930.0,5930.0,0.0,0.0,4025.0,5195.0,3.0,3.0,,1.088624,4396.0,0.619312,0.8803671,4.946e-05,13.00819727,-22.07158236,27.45,799864.94971983
2023-08-07,22,BTC-230825-25000-C,BTCUSDT,C,230825-25000,5930.0,5930.0,5930.0,5930.0,0.0,0.0,4045.0,4805.0,3.0,3.0,,0.88503838,4300.0,0.51751919,0.92305429,4.381e-05,9.18981272,-13.68604676,27.45,800954.70567039
2023-08-07,21,BTC-230825-25000-C,BTCUSDT,C,230825-25000,5930.0,5930.0,5930.0,5930.0,0.0,0.0,4045.0,4805.0,3.0,3.0,,0.87610722,4311.0,0.51305361,0.92517353,4.318e-05,9.0122452,-13.27395744,27.45,801526.30214832
2023-08-07,3,BTC-230825-25000-C,BTCUSDT,C,230825-25000,5930.0,5930.0,5930.0,5930.0,0.0,0.0,4055.0,4870.0,3.0,3.0,,0.9106493,4307.0,0.53032465,0.91322275,4.58e-05,10.28198083,-15.00766351,27.45,800523.91260978
2023-08-07,17,BTC-230825-25000-C,BTCUSDT,C,230825-25000,5930.0,5930.0,5930.0,5930.0,0.0,0.0,3805.0,4715.0,3.0,3.0,,0.92089176,4137.0,0.53544588,0.90586074,4.93e-05,10.67866363,-16.25926832,27.45,795500.07092318
2023-08-07,0,BTC-230825-25000-C,BTCUSDT,C,230825-25000,5930.0,5930.0,5930.0,5930.0,0.0,0.0,3955.0,5040.0,3.0,3.0,,1.04335308,4289.0,0.59667654,0.88340302,5.051e-05,12.74936097,-20.7942773,27.45,797409.66486257
2023-08-07,2,BTC-230825-25000-C,BTCUSDT,C,230825-25000,5930.0,5930.0,5930.0,5930.0,0.0,0.0,4110.0,4890.0,3.0,3.0,,0.9051466,4336.0,0.5275733,0.91559145,4.499e-05,10.09463753,-14.62423206,27.45,801429.04468687
2023-08-07,23,BTC-230825-25000-C,BTCUSDT,C,230825-25000,5930.0,5930.0,5930.0,5930.0,0.0,0.0,4045.0,4805.0,3.0,3.0,,0.87028027,4323.0,0.51014013,0.92738091,4.253e-05,8.79209086,-12.93806366,27.45,801932.77330223
2023-08-07,4,BTC-230825-25000-C,BTCUSDT,C,230825-25000,5930.0,5930.0,5930.0,5930.0,0.0,0.0,4115.0,4870.0,3.0,3.0,,0.9021759,4321.0,0.52608795,0.91597211,4.509e-05,10.03270961,-14.56023249,27.45,801104.16337905
2023-08-07,10,BTC-230825-25000-C,BTCUSDT,C,230825-25000,5930.0,5930.0,5930.0,5930.0,0.0,0.0,3975.0,5095.0,3.0,3.0,,1.04914188,4361.0,0.59957094,0.88906477,4.893e-05,12.20003648,-20.46093043,27.45,799732.83377486
2023-08-08,8,BTC-230825-25000-C,BTCUSDT,C,230825-25000,5930.0,5930.0,5930.0,5930.0,0.0,0.0,4065.0,4510.0,3.0,3.94,,0.70305824,4230.0,0.42652912,0.9580696,3.337e-05,5.63186548,-7.08251497,27.45,801073.03025279
2023-08-08,11,BTC-230825-25000-C,BTCUSDT,C,230825-25000,5930.0,5930.0,5930.0,5930.0,0.0,0.0,4290.0,5405.0,3.0,3.0,,1.12649918,4642.0,0.63824959,0.89594127,4.478e-05,11.41760654,-21.64537919,27.45,807809.88466481
2023-08-08,13,BTC-230825-25000-C,BTCUSDT,C,230825-25000,5930.0,5930.0,5930.0,5930.0,0.0,0.0,4255.0,4710.0,3.0,3.0,,0.73899269,4412.0,0.44449635,0.95884511,3.154e-05,5.54742162,-7.36061772,27.45,806485.91988464
2023-08-08,15,BTC-230825-25000-C,BTCUSDT,C,230825-25000,5930.0,5930.0,5930.0,5930.0,0.0,0.0,4435.0,5635.0,3.0,3.0,,1.21129036,4783.0,0.68064518,0.88863209,4.416e-05,11.97369651,-24.44949946,27.45,810837.58648352
2023-08-08,20,BTC-230825-25000-C,BTCUSDT,C,230825-25000,5930.0,5930.0,5930.0,5930.0,0.0,0.0,4810.0,5465.0,3.0,3.0,,0.90414047,5049.0,0.52707024,0.95348283,2.901e-05,6.19768865,-9.92389344,27.45,822717.63276927
2023-08-08,19,BTC-230825-25000-C,BTCUSDT,C,230825-25000,5930.0,5930.0,5930.0,5930.0,0.0,0.0,4745.0,5465.0,3.0,3.0,,0.95737934,4974.0,0.55368967,0.94232537,3.283e-05,7.33760211,-12.31136862,27.45,820055.23012095
2023-08-08,9,BTC-230825-25000-C,BTCUSDT,C,230825-25000,5930.0,5930.0,5930.0,5930.0,0.0,0.0,4065.0,4510.0,3.0,3.94,,0.69076538,4246.0,0.42038269,0.96100783,3.194e-05,5.30648705,-6.59336092,27.45,801651.52844497
2023-08-08,5,BTC-230825-25000-C,BTCUSDT,C,230825-25000,5930.0,5930.0,5930.0,5930.0,0.0,0.0,4155.0,4805.0,3.0,3.0,,0.85832596,4348.0,0.50416298,0.93239938,4.097e-05,8.27093524,-12.20457519,27.45,802962.95973631
2023-08-08,18,BTC-230825-25000-C,BTCUSDT,C,230825-25000,5930.0,5930.0,5930.0,5930.0,0.0,0.0,4685.0,5465.0,3.0,3.0,,0.9735775,4950.0,0.56178875,0.93852693,3.401e-05,7.71488776,-13.10065728,27.45,819047.53760447
2023-08-08,12,BTC-230825-25000-C,BTCUSDT,C,230825-25000,5930.0,5930.0,5930.0,5930.0,0.0,0.0,4455.0,4920.0,3.0,3.0,,0.75289249,4627.0,0.45144625,0.96302553,2.821e-05,5.12841984,-6.89390856,27.45,812423.81339022
2023-08-08,7,BTC-230825-25000-C,BTCUSDT,C,230825-25000,5930.0,5930.0,5930.0,5930.0,0.0,0.0,4120.0,4545.0,2.57,3.0,,0.72411537,4241.0,0.43705769,0.95440859,3.479e-05,6.03381139,-7.75624073,27.45,801358.82396704
2023-08-08,16,BTC-230825-25000-C,BTCUSDT,C,230825-25000,5930.0,5930.0,5930.0,5930.0,0.0,0.0,4630.0,5465.0,3.0,3.0,,1.02158546,4877.0,0.58579273,0.92701781,3.727e-05,8.80235927,-15.50783307,27.45,816311.24920866
2023-08-08,6,BTC-230825-25000-C,BTCUSDT,C,230825-25000,5930.0,5930.0,5930.0,5930.0,0.0,0.0,4155.0,4590.0,3.0,3.0,,0.73276997,4279.0,0.44138498,0.95398501,3.462e-05,6.09391019,-7.89171233,27.45,802314.68123073
2023-08-08,14,BTC-230825-25000-C,BTCUSDT,C,230825-25000,5930.0,5930.0,5930.0,5930.0,0.0,0.0,4345.0,5515.0,3.0,3.0,,1.18572235,4683.0,0.66786118,0.88794245,4.53e-05,12.00247835,-23.98798129,27.45,808134.37382961
2023-08-08,1,BTC-230825-25000-C,BTCUSDT,C,230825-25000,5930.0,5930.0,5930.0,5930.0,0.0,0.0,4085.0,4805.0,3.0,3.0,,0.90239525,4279.0,0.52619762,0.9192513,4.49e-05,9.48790496,-14.4710426,27.45,800215.44097262
2023-08-08,22,BTC-230825-25000-C,BTCUSDT,C,230825-25000,5930.0,5930.0,5930.0,5930.0,0.0,0.0,4620.0,5460.0,3.0,3.0,,1.01750374,4888.0,0.58375187,0.9297043,3.66e-05,8.49324625,-15.13876295,27.45,817318.65075871
2023-08-08,21,BTC-230825-25000-C,BTCUSDT,C,230825-25000,5930.0,5930.0,5930.0,5930.0,0.0,0.0,4750.0,5645.0,3.0,1.5,,1.08524323,4997.0,0.61762161,0.92216691,3.724e-05,9.21838816,-17.34052309,27.45,819251.5484176
2023-08-08,3,BTC-230825-25000-C,BTCUSDT,C,230825-25000,5930.0,5930.0,5930.0,5930.0,0.0,0.0,4130.0,4805.0,3.0,3.0,,0.8825922,4310.0,0.5162961,0.9253363,4.315e-05,8.93239309,-13.43230081,27.45,801450.22945056
2023-08-08,17,BTC-230825-25000-C,BTCUSDT,C,230825-25000,5930.0,5930.0,5930.0,5930.0,0.0,0.0,4625.0,5465.0,3.0,3.0,,0.99533558,4917.0,0.57266779,0.93337626,3.552e-05,8.21092801,-14.17727852,27.45,818100.08124721
2023-08-08,0,BTC-230825-25000-C,BTCUSDT,C,230825-25000,5930.0,5930.0,5930.0,5930.0,0.0,0.0,4145.0,4805.0,3.0,3.0,,0.84778786,4356.0,0.49889393,0.93363124,4.056e-05,8.20664303,-11.83877102,27.45,803008.50562095
2023-08-08,2,BTC-230825-25000-C,BTCUSDT,C,230825-25000,5930.0,5930.0,5930.0,5930.0,0.0,0.0,4085.0,4805.0,3.0,3.0,,0.89468479,4291.0,0.5223424,0.92171524,4.421e-05,9.26266866,-14.05796014,27.45,800680.69434078
2023-08-08,23,BTC-230825-25000-C,BTCUSDT,C,230825-25000,5930.0,5930.0,5930.0,5930.0,0.0,0.0,4620.0,5460.0,3.0,3.0,,1.01672173,4891.0,0.58336086,0.9302094,3.646e-05,8.43668334,-15.06620629,27.45,817416.64260978
2023-08-08,4,BTC-230825-25000-C,BTCUSDT,C,230825-25000,5930.0,5930.0,5930.0,5930.0,0.0,0.0,4155.0,4805.0,3.0,3.0,,0.86936951,4331.0,0.50968475,0.92919115,4.198e-05,8.57515091,-12.76093642,27.45,802136.16271983
2023-08-08,10,BTC-230825-25000-C,BTCUSDT,C,230825-25000,5930.0,5930.0,5930.0,5930.0,0.0,0.0,4065.0,4545.0,3.0,2.73,,0.65289021,4330.0,0.4014451,0.97007301,2.685e-05,4.27803186,-5.08857411,27.45,804276.22203296
2023-08-09,8,BTC-230825-25000-C,BTCUSDT,C,230825-25000,5930.0,5930.0,5930.0,5930.0,0.0,0.0,4690.0,5165.0,3.0,3.0,,0.79214573,4873.0,0.47107286,0.96742096,2.479e-05,4.5443308,-6.70718342,27.45,818949.30280223
2023-08-09,11,BTC-230825-25000-C,BTCUSDT,C,230825-25000,5930.0,5930.0,5930.0,5930.0,0.0,0.0,4680.0,5235.0,3.0,5.05,,0.81283569,4929.0,0.48141785,0.9664876,2.488e-05,4.64150515,-7.05632141,27.45,820110.60672514
2023-08-09,13,BTC-230825-25000-C,BTCUSDT,C,230825-25000,5930.0,5930.0,5930.0,5930.0,0.0,0.0,4785.0,5425.0,3.0,2.05,,0.95227242,4965.0,0.55113621,0.94700805,3.157e-05,6.70568179,-11.73251211,27.45,820259.62402738
2023-08-09,15,BTC-230825-25000-C,BTCUSDT,C,230825-25000,5930.0,5930.0,5930.0,5930.0,0.0,0.0,4615.0,5490.0,3.0,3.0,,1.06197357,4890.0,0.60598679,0.92666651,3.724e-05,8.57962722,-16.59299005,27.45,816826.15691201
2023-08-09,20,BTC-230825-25000-C,BTCUSDT,C,230825-25000,5930.0,5930.0,5930.0,5930.0,0.0,0.0,4370.0,5175.0,3.0,3.0,,1.00704193,4619.0,0.57852097,0.92638551,3.974e-05,8.47190926,-15.85285215,27.45,809532.10369777
2023-08-09,19,BTC-230825-25000-C,BTCUSDT,C,230825-25000,5930.0,5930.0,5930.0,5930.0,0.0,0.0,4310.0,5115.0,3.0,3.0,,1.01036072,4545.0,0.58018036,0.92222969,4.138e-05,8.82087217,-16.50868696,27.45,807782.04252207
2023-08-09,9,BTC-230825-25000-C,BTCUSDT,C,230825-25000,5930.0,5930.0,5930.0,5930.0,0.0,0.0,4690.0,5165.0,3.0,3.0,,0.82758904,4831.0,0.48879452,0.96130055,2.759e-05,5.217197,-8.01089666,27.45,817564.29344497
2023-08-09,5,BTC-230825-25000-C,BTCUSDT,C,230825-25000,5930.0,5930.0,5930.0,5930.0,0.0,0.0,4625.0,13060.0,3.0,1.5,,4.7979641,5060.0,0.775,0.8744739,4.268e-05,12.88728077,-31.04964375,27.45,816251.26643408
2023-08-09,18,BTC-230825-25000-C,BTCUSDT,C,230825-25000,5930.0,5930.0,5930.0,5930.0,0.0,0.0,4370.0,5155.0,3.0,3.0,,0.97877502,4633.0,0.56438751,0.93142675,3.843e-05,8.05127288,-14.6188777,27.45,810446.43906592
2023-08-09,12,BTC-230825-25000-C,BTCUSDT,C,230825-25000,5930.0,5930.0,5930.0,5930.0,0.0,0.0,4830.0,5350.0,3.0,4.28,,0.77836037,5097.0,0.46418018,0.9750389,2.01e-05,3.6507084,-5.36544144,27.45,825045.19066481
2023-08-09,7,BTC-230825-25000-C,BTCUSDT,C,230825-25000,5930.0,5930.0,5930.0,5930.0,0.0,0.0,4625.0,5175.0,3.0,2.47,,0.80974102,4862.0,0.47987051,0.96442197,2.614e-05,4.88927825,-7.3319336,27.45,818527.50489553
2023-08-09,16,BTC-230825-25000-C,BTCUSDT,C,230825-25000,5930.0,5930.0,5930.0,5930.0,0.0,0.0,4435.0,13195.0,3.0,4.31,,5.01867294,4862.0,0.775,0.86817493,4.512e-05,13.0481758,-32.35945201,27.45,811122.43000559
2023-08-09,6,BTC-230825-25000-C,BTCUSDT,C,230825-25000,5930.0,5930.0,5930.0,5930.0,0.0,0.0,4625.0,5105.0,3.0,3.0,,0.81632614,4775.0,0.48316307,0.96079279,2.816e-05,5.28343887,-7.95665675,27.45,816031.50824055
2023-08-09,14,BTC-230825-25000-C,BTCUSDT,C,230825-25000,5930.0,5930.0,5930.0,5930.0,0.0,0.0,4640.0,5240.0,3.0,3.0,,0.90184212,4827.0,0.52592106,0.95065274,3.144e-05,6.3004126,-10.54700443,27.45,817354.25871425
2023-08-09,1,BTC-230825-25000-C,BTCUSDT,C,230825-25000,5930.0,5930.0,5930.0,5930.0,0.0,0.0,4685.0,13165.0,3.0,1.5,,4.78126526,5169.0,0.775,0.87841213,4.136e-05,12.7184332,-30.32854986,27.45,819644.50270866
2023-08-09,22,BTC-230825-25000-C,BTCUSDT,C,230825-25000,5930.0,5930.0,5930.0,5930.0,0.0,0.0,4430.0,5150.0,3.0,3.0,,0.93961716,4687.0,0.54480858,0.94141288,3.532e-05,7.10313505,-12.58486503,27.45,812422.46200559
2023-08-09,21,BTC-230825-25000-C,BTCUSDT,C,230825-25000,5930.0,5930.0,5930.0,5930.0,0.0,0.0,4370.0,5150.0,3.0,3.0,,0.97851753,4633.0,0.56425877,0.93227413,3.823e-05,7.94277206,-14.53548778,27.45,810136.52554944
2023-08-09,3,BTC-230825-25000-C,BTCUSDT,C,230825-25000,5930.0,5930.0,5930.0,5930.0,0.0,0.0,4625.0,13060.0,3.0,1.5,,4.79381561,5044.0,0.775,0.87301574,4.294e-05,13.0155041,-31.19693337,27.45,815729.83507051
2023-08-09,17,BTC-230825-25000-C,BTCUSDT,C,230825-25000,5930.0,5930.0,5930.0,5930.0,0.0,0.0,4370.0,5155.0,3.0,3.0,,0.98237038,4626.0,0.56618519,0.93023959,3.878e-05,8.16676444,-14.83603517,27.45,810066.03032961
2023-08-09,0,BTC-230825-25000-C,BTCUSDT,C,230825-25000,5930.0,5930.0,5930.0,5930.0,0.0,0.0,4685.0,5515.0,3.0,3.0,,1.04608536,4912.0,0.59804268,0.92627427,3.713e-05,8.79106253,-16.13532537,27.45,817593.50507151
2023-08-09,2,BTC-230825-25000-C,BTCUSDT,C,230825-25000,5930.0,5930.0,5930.0,5930.0,0.0,0.0,4550.0,5380.0,3.0,3.0,,1.01140976,4813.0,0.58070488,0.92881982,3.743e-05,8.51002768,-15.2446614,27.45,815328.70014719
2023-08-09,23,BTC-230825-25000-C,BTCUSDT,C,230825-25000,5930.0,5930.0,5930.0,5930.0,0.0,0.0,4430.0,5150.0,3.0,3.0,,0.95161438,4673.0,0.55080719,0.93907026,3.61e-05,7.30994896,-13.12946546,27.45,811924.58235168
2023-08-09,4,BTC-230825-25000-C,BTCUSDT,C,230825-25000,5930.0,5930.0,5930.0,5930.0,0.0,0.0,4625.0,13060.0,3.0,1.5,,4.78160858,5085.0,0.775,0.87535381,4.238e-05,12.85232687,-30.88541451,27.45,817068.51712014
2023-08-09,10,BTC-230825-25000-C,BTCUSDT,C,230825-25000,5930.0,5930.0,5930.0,5930.0,0.0,0.0,4680.0,5190.0,3.0,3.0,,0.80824852,4884.0,0.47912426,0.96577127,2.544e-05,4.72184158,-7.125503,27.45,818965.2298352
2023-08-10,8,BTC-230825-25000-C,BTCUSDT,C,230825-25000,5930.0,5930.0,5930.0,5930.0,0.0,0.0,4355.0,4825.0,3.0,5.78,,0.76687813,4555.0,0.45843906,0.96687279,2.696e-05,4.41333006,-6.76292368,27.45,810273.03952738
2023-08-10,11,BTC-230825-25000-C,BTCUSDT,C,230825-25000,5930.0,5930.0,5930.0,5930.0,0.0,0.0,4355.0,5585.0,3.0,3.0,,1.27017498,4741.0,0.71008749,0.89041393,4.44e-05,11.15363262,-26.69679376,27.45,809903.09195614
2023-08-10,13,BTC-230825-25000-C,BTCUSDT,C,230825-25000,5930.0,5930.0,5930.0,5930.0,0.0,0.0,4455.0,4920.0,3.0,4.94,,0.7328701,4702.0,0.44143505,0.97600567,2.144e-05,3.36877239,-5.04099338,27.45,814376.28362626
2023-08-10,15,BTC-230825-25000-C,BTCUSDT,C,230825-25000,5930.0,5930.0,5930.0,5930.0,0.0,0.0,4325.0,4820.0,3.0,3.0,,0.80646515,4512.0,0.47823257,0.9610256,2.987e-05,4.98369212,-8.12509784,27.45,808797.69252207
2023-08-10,20,BTC-230825-25000-C,BTCUSDT,C,230825-25000,5930.0,5930.0,5930.0,5930.0,0.0,0.0,4255.0,4820.0,3.0,3.0,,0.82188606,4500.0,0.48594303,0.95933215,3.066e-05,5.11974383,-8.60369513,27.45,808277.66886257
2023-08-10,19,BTC-230825-25000-C,BTCUSDT,C,230825-25000,5930.0,5930.0,5930.0,5930.0,0.0,0.0,4255.0,4820.0,3.0,3.0,,0.82831383,4491.0,0.48915691,0.95780701,3.135e-05,5.28031204,-8.90654855,27.45,808184.77625279
2023-08-10,9,BTC-230825-25000-C,BTCUSDT,C,230825-25000,5930.0,5930.0,5930.0,5930.0,0.0,0.0,4355.0,4825.0,3.0,5.78,,0.75899124,4565.0,0.45449562,0.96847888,2.613e-05,4.23188028,-6.44704882,27.45,810620.54747793
2023-08-10,5,BTC-230825-25000-C,BTCUSDT,C,230825-25000,5930.0,5930.0,5930.0,5930.0,0.0,0.0,4435.0,4890.0,3.0,3.0,,0.76953411,4620.0,0.45976706,0.96772401,2.614e-05,4.34732156,-6.62570287,27.45,812032.18936816
2023-08-10,18,BTC-230825-25000-C,BTCUSDT,C,230825-25000,5930.0,5930.0,5930.0,5930.0,0.0,0.0,4255.0,4820.0,3.0,3.0,,0.83070755,4487.0,0.49035378,0.95706232,3.168e-05,5.3622296,-9.04087369,27.45,807989.32923631
2023-08-10,12,BTC-230825-25000-C,BTCUSDT,C,230825-25000,5930.0,5930.0,5930.0,5930.0,0.0,0.0,4455.0,4915.0,3.0,3.0,,0.81456661,4604.0,0.48228331,0.96197367,2.882e-05,4.92085994,-8.02224251,27.45,811190.75637374
2023-08-10,7,BTC-230825-25000-C,BTCUSDT,C,230825-25000,5930.0,5930.0,5930.0,5930.0,0.0,0.0,4355.0,4910.0,3.0,3.0,,0.83554268,4566.0,0.49277134,0.95646578,3.13e-05,5.52155679,-9.06954278,27.45,809832.82900559
2023-08-10,16,BTC-230825-25000-C,BTCUSDT,C,230825-25000,5930.0,5930.0,5930.0,5930.0,0.0,0.0,4325.0,4820.0,3.0,3.0,,0.83101273,4484.0,0.49050636,0.95646017,3.194e-05,5.43762578,-9.11859122,27.45,807890.77770335
2023-08-10,6,BTC-230825-25000-C,BTCUSDT,C,230825-25000,5930.0,5930.0,5930.0,5930.0,0.0,0.0,4435.0,4910.0,3.0,3.0,,0.83110809,4571.0,0.49055405,0.95708996,3.103e-05,5.46606765,-8.91323948,27.45,810266.6295
2023-08-10,14,BTC-230825-25000-C,BTCUSDT,C,230825-25000,5930.0,5930.0,5930.0,5930.0,0.0,0.0,4260.0,4735.0,3.0,2.86,,0.71372032,4521.0,0.43186016,0.97446876,2.326e-05,3.52206068,-5.1706623,27.45,809682.97613743
2023-08-10,1,BTC-230825-25000-C,BTCUSDT,C,230825-25000,5930.0,5930.0,5930.0,5930.0,0.0,0.0,4495.0,5150.0,3.0,3.0,,0.93912125,4693.0,0.54456062,0.94245587,3.498e-05,6.9768841,-12.45683105,27.45,812509.20400559
2023-08-10,22,BTC-230825-25000-C,BTCUSDT,C,230825-25000,5930.0,5930.0,5930.0,5930.0,0.0,0.0,4255.0,4820.0,3.0,3.0,,0.81561565,4511.0,0.48280783,0.96105444,2.987e-05,4.93066626,-8.28021686,27.45,808859.21671983
2023-08-10,21,BTC-230825-25000-C,BTCUSDT,C,230825-25000,5930.0,5930.0,5930.0,5930.0,0.0,0.0,4255.0,4820.0,3.0,3.0,,0.81406593,4511.0,0.48203297,0.96109313,2.985e-05,4.93390406,-8.24844799,27.45,808836.43321983
2023-08-10,3,BTC-230825-25000-C,BTCUSDT,C,230825-25000,5930.0,5930.0,5930.0,5930.0,0.0,0.0,4495.0,5285.0,3.0,3.0,,1.04272842,4707.0,0.59636421,0.9258069,3.904e-05,8.46590047,-16.64425124,27.45,812031.76102738
2023-08-10,17,BTC-230825-25000-C,BTCUSDT,C,230825-25000,5930.0,5930.0,5930.0,5930.0,0.0,0.0,4255.0,4820.0,3.0,3.0,,0.84426403,4469.0,0.49713202,0.95403475,3.299e-05,5.66850266,-9.66168655,27.45,807173.71734078
2023-08-10,0,BTC-230825-25000-C,BTCUSDT,C,230825-25000,5930.0,5930.0,5930.0,5930.0,0.0,0.0,4495.0,5150.0,3.0,3.0,,0.93232632,4701.0,0.54116316,0.94362111,3.458e-05,6.87706216,-12.1687516,27.45,812659.8441757
2023-08-10,2,BTC-230825-25000-C,BTCUSDT,C,230825-25000,5930.0,5930.0,5930.0,5930.0,0.0,0.0,4495.0,5305.0,3.0,4.5,,1.0533905,4713.0,0.60169525,0.92391326,3.939e-05,8.64218703,-17.09575543,27.45,812086.23570335
2023-08-10,23,BTC-230825-25000-C,BTCUSDT,C,230825-25000,5930.0,5930.0,5930.0,5930.0,0.0,0.0,4315.0,4820.0,3.0,3.0,,0.82335472,4503.0,0.48667736,0.95983459,3.044e-05,5.04690989,-8.56819116,27.45,808554.31239876
2023-08-10,4,BTC-230825-25000-C,BTCUSDT,C,230825-25000,5930.0,5930.0,5930.0,5930.0,0.0,0.0,4435.0,5245.0,3.0,3.0,,1.03927612,4669.0,0.59463806,0.9250529,3.956e-05,8.50840618,-16.72534971,27.45,810952.27017039
2023-08-10,10,BTC-230825-25000-C,BTCUSDT,C,230825-25000,5930.0,5930.0,5930.0,5930.0,0.0,0.0,4355.0,5585.0,3.0,3.0,,1.2471199,4772.0,0.69855995,0.89553984,4.347e-05,10.80732642,-25.37667075,27.45,811171.48226593
2023-08-11,8,BTC-230825-25000-C,BTCUSDT,C,230825-25000,5930.0,5930.0,5930.0,5930.0,0.0,0.0,4260.0,4715.0,3.0,3.0,,0.77870846,4449.0,0.46435423,0.96680707,2.77e-05,4.2550114,-7.07760323,27.45,807397.94302949
2023-08-11,11,BTC-230825-25000-C,BTCUSDT,C,230825-25000,5930.0,5930.0,5930.0,5930.0,0.0,0.0,4260.0,4705.0,3.0,3.0,,0.74914932,4474.0,0.44957466,0.97217755,2.48e-05,3.66364981,-5.95331112,27.45,808275.87103855
2023-08-11,13,BTC-230825-25000-C,BTCUSDT,C,230825-25000,5930.0,5930.0,5930.0,5930.0,0.0,0.0,4260.0,5425.0,3.0,3.0,,1.23926163,4667.0,0.69463081,0.90106293,4.383e-05,9.96030037,-25.15900265,27.45,808894.44623073
2023-08-11,15,BTC-230825-25000-C,BTCUSDT,C,230825-25000,5930.0,5930.0,5930.0,5930.0,0.0,0.0,4250.0,4690.0,3.0,3.0,,0.77917099,4430.0,0.46458549,0.96759827,2.744e-05,4.12487031,-7.01104862,27.45,806665.27999442
2023-08-11,20,BTC-230825-25000-C,BTCUSDT,C,230825-25000,5930.0,5930.0,5930.0,5930.0,0.0,0.0,4200.0,4690.0,3.0,3.0,,0.76651096,4449.0,0.45825548,0.9708893,2.563e-05,3.74903597,-6.38271755,27.45,807573.67892318
2023-08-11,19,BTC-230825-25000-C,BTCUSDT,C,230825-25000,5930.0,5930.0,5930.0,5930.0,0.0,0.0,4200.0,4690.0,3.0,3.0,,0.78609467,4427.0,0.46804733,0.96735564,2.758e-05,4.12454866,-7.1499346,27.45,806740.45378017
2023-08-11,9,BTC-230825-25000-C,BTCUSDT,C,230825-25000,5930.0,5930.0,5930.0,5930.0,0.0,0.0,4260.0,4715.0,3.0,3.0,,0.79911709,4427.0,0.47455854,0.96335591,2.946e-05,4.60384612,-7.8495546,27.45,806553.24517051
2023-08-11,5,BTC-230825-25000-C,BTCUSDT,C,230825-25000,5930.0,5930.0,5930.0,5930.0,0.0,0.0,4240.0,5475.0,3.0,3.0,,1.25971317,4675.0,0.70485659,0.89517914,4.453e-05,10.50901921,-26.29826741,27.45,808582.4299059
2023-08-11,18,BTC-230825-25000-C,BTCUSDT,C,230825-25000,5930.0,5930.0,5930.0,5930.0,0.0,0.0,4200.0,4690.0,3.0,3.0,,0.79756737,4413.0,0.47378368,0.96508183,2.877e-05,4.3636695,-7.63360114,27.45,806365.88193966
2023-08-11,12,BTC-230825-25000-C,BTCUSDT,C,230825-25000,5930.0,5930.0,5930.0,5930.0,0.0,0.0,4260.0,5425.0,3.0,3.0,,1.25891685,4637.0,0.70445843,0.89590603,4.485e-05,10.33546811,-26.39601752,27.45,807646.30981313
2023-08-11,7,BTC-230825-25000-C,BTCUSDT,C,230825-25000,5930.0,5930.0,5930.0,5930.0,0.0,0.0,4310.0,4715.0,3.0,3.0,,0.77549934,4451.0,0.46274967,0.96713786,2.752e-05,4.22673389,-6.9854218,27.45,807538.93204944
2023-08-11,16,BTC-230825-25000-C,BTCUSDT,C,230825-25000,5930.0,5930.0,5930.0,5930.0,0.0,0.0,4115.0,4690.0,3.0,3.0,,0.80558777,4402.0,0.47779388,0.96310525,2.977e-05,4.57676669,-8.02476798,27.45,805969.02431871
2023-08-11,6,BTC-230825-25000-C,BTCUSDT,C,230825-25000,5930.0,5930.0,5930.0,5930.0,0.0,0.0,4310.0,4755.0,3.0,3.0,,0.77372551,4496.0,0.46186275,0.96845152,2.658e-05,4.09932456,-6.74180573,27.45,808738.51514832
2023-08-11,14,BTC-230825-25000-C,BTCUSDT,C,230825-25000,5930.0,5930.0,5930.0,5930.0,0.0,0.0,4350.0,5425.0,3.0,3.0,,1.22895241,4683.0,0.6894762,0.90396018,4.323e-05,9.73911308,-24.49196734,27.45,809741.31191201
2023-08-11,1,BTC-230825-25000-C,BTCUSDT,C,230825-25000,5930.0,5930.0,5930.0,5930.0,0.0,0.0,4320.0,5475.0,3.0,3.0,,1.25566483,4671.0,0.70283241,0.89424508,4.469e-05,10.63646367,-26.23033458,27.45,808443.57545614
2023-08-11,22,BTC-230825-25000-C,BTCUSDT,C,230825-25000,5930.0,5930.0,5930.0,5930.0,0.0,0.0,4200.0,4690.0,3.0,3.0,,0.75743675,4461.0,0.45371838,0.97278475,2.454e-05,3.53540483,-5.99654859,27.45,807975.61080372
2023-08-11,21,BTC-230825-25000-C,BTCUSDT,C,230825-25000,5930.0,5930.0,5930.0,5930.0,0.0,0.0,4200.0,4690.0,3.0,3.0,,0.77529907,4441.0,0.46264954,0.96966613,2.632e-05,3.87198731,-6.67591896,27.45,807306.15742414
2023-08-11,3,BTC-230825-25000-C,BTCUSDT,C,230825-25000,5930.0,5930.0,5930.0,5930.0,0.0,0.0,4240.0,5475.0,3.0,3.0,,1.27874374,4643.0,0.71437187,0.88961194,4.555e-05,10.92207081,-27.53793104,27.45,807251.44608799
2023-08-11,17,BTC-230825-25000-C,BTCUSDT,C,230825-25000,5930.0,5930.0,5930.0,5930.0,0.0,0.0,4200.0,4690.0,3.0,3.0,,0.82098961,4385.0,0.4854948,0.96047577,3.106e-05,4.83033635,-8.63227437,27.45,805388.79164832
2023-08-11,0,BTC-230825-25000-C,BTCUSDT,C,230825-25000,5930.0,5930.0,5930.0,5930.0,0.0,0.0,4315.0,4820.0,3.0,3.0,,0.80537796,4525.0,0.47768898,0.96346885,2.872e-05,4.66902958,-7.80294637,27.45,809334.94935168
2023-08-11,2,BTC-230825-25000-C,BTCUSDT,C,230825-25000,5930.0,5930.0,5930.0,5930.0,0.0,0.0,4240.0,5475.0,3.0,3.0,,1.29294395,4621.0,0.72147198,0.8856488,4.624e-05,11.2036889,-28.44507097,27.45,806216.5328243
2023-08-11,23,BTC-230825-25000-C,BTCUSDT,C,230825-25000,5930.0,5930.0,5930.0,5930.0,0.0,0.0,4265.0,5405.0,3.0,3.0,,1.26729488,4631.0,0.70864744,0.89820846,4.461e-05,9.99911346,-26.57190008,27.45,807766.12908234
2023-08-11,4,BTC-230825-25000-C,BTCUSDT,C,230825-25000,5930.0,5930.0,5930.0,5930.0,0.0,0.0,4240.0,5475.0,3.0,3.0,,1.27717495,4648.0,0.71358747,0.89048199,4.539e-05,10.8470446,-27.39932328,27.45,807450.32284609
2023-08-11,10,BTC-230825-25000-C,BTCUSDT,C,230825-25000,5930.0,5930.0,5930.0,5930.0,0.0,0.0,4260.0,4715.0,3.0,3.0,,0.79458237,4434.0,0.47229118,0.96444179,2.892e-05,4.48632704,-7.63549887,27.45,806870.36769218
2023-08-12,8,BTC-230825-25000-C,BTCUSDT,C,230825-25000,5930.0,5930.0,5930.0,5930.0,0.0,0.0,4270.0,5070.0,3.0,3.0,,1.08667374,4512.0,0.61833687,0.92618937,4.083e-05,7.74484183,-18.4781362,27.45,806864.2471709
2023-08-12,11,BTC-230825-25000-C,BTCUSDT,C,230825-25000,5930.0,5930.0,5930.0,5930.0,0.0,0.0,4270.0,5095.0,3.0,3.0,,1.09000206,4542.0,0.62000103,0.92797356,4.012e-05,7.57317297,-18.2936525,27.45,807803.6070189
2023-08-12,13,BTC-230825-25000-C,BTCUSDT,C,230825-25000,5930.0,5930.0,5930.0,5930.0,0.0,0.0,4270.0,5085.0,3.0,3.0,,1.09759331,4526.0,0.62379665,0.92665862,4.059e-05,7.64877489,-18.71088568,27.45,807267.78649379
2023-08-12,15,BTC-230825-25000-C,BTCUSDT,C,230825-25000,5930.0,5930.0,5930.0,5930.0,0.0,0.0,4270.0,5085.0,3.0,3.0,,1.08371735,4548.0,0.61685867,0.93056593,3.944e-05,7.31775697,-17.81849105,27.45,808109.33747462
2023-08-12,20,BTC-230825-25000-C,BTCUSDT,C,230825-25000,5930.0,5930.0,5930.0,5930.0,0.0,0.0,4320.0,5085.0,3.0,3.0,,1.10333443,4534.0,0.62666721,0.92845371,4.009e-05,7.42175149,-18.66607627,27.45,807621.6715891
2023-08-12,19,BTC-230825-25000-C,BTCUSDT,C,230825-25000,5930.0,5930.0,5930.0,5930.0,0.0,0.0,4320.0,5085.0,3.0,3.0,,1.10412598,4531.0,0.62706299,0.92784187,4.026e-05,7.48167178,-18.76590048,27.45,807399.2685189
2023-08-12,9,BTC-230825-25000-C,BTCUSDT,C,230825-25000,5930.0,5930.0,5930.0,5930.0,0.0,0.0,4270.0,5070.0,3.0,3.0,,1.07555389,4528.0,0.61277695,0.92909647,3.999e-05,7.50386023,-17.79943912,27.45,807506.83429752
2023-08-12,5,BTC-230825-25000-C,BTCUSDT,C,230825-25000,5930.0,5930.0,5930.0,5930.0,0.0,0.0,4265.0,5405.0,3.0,3.0,,1.28959656,4616.0,0.71979828,0.89601304,4.506e-05,10.05243474,-27.65242862,27.45,807183.38215391
2023-08-12,18,BTC-230825-25000-C,BTCUSDT,C,230825-25000,5930.0,5930.0,5930.0,5930.0,0.0,0.0,4320.0,5085.0,3.0,3.0,,1.09511375,4540.0,0.62255688,0.92937254,3.981e-05,7.37500489,-18.30440841,27.45,807832.10106592
2023-08-12,12,BTC-230825-25000-C,BTCUSDT,C,230825-25000,5930.0,5930.0,5930.0,5930.0,0.0,0.0,4270.0,5095.0,3.0,3.0,,1.09242439,4542.0,0.6212122,0.92786644,4.015e-05,7.56918658,-18.37941407,27.45,807770.46827486
2023-08-12,7,BTC-230825-25000-C,BTCUSDT,C,230825-25000,5930.0,5930.0,5930.0,5930.0,0.0,0.0,4265.0,5405.0,3.0,3.0,,1.28642082,4626.0,0.71821041,0.89778389,4.472e-05,9.90121961,-27.35058721,27.45,807644.25455697
2023-08-12,16,BTC-230825-25000-C,BTCUSDT,C,230825-25000,5930.0,5930.0,5930.0,5930.0,0.0,0.0,4320.0,5085.0,3.0,3.0,,1.07424736,4562.0,0.61212368,0.93302854,3.869e-05,7.10965727,-17.23558647,27.45,808686.95137905
2023-08-12,6,BTC-230825-25000-C,BTCUSDT,C,230825-25000,5930.0,5930.0,5930.0,5930.0,0.0,0.0,4265.0,5405.0,3.0,3.0,,1.28656387,4623.0,0.71828194,0.89723711,4.482e-05,9.95408057,-27.41148853,27.45,807464.10515922
2023-08-12,14,BTC-230825-25000-C,BTCUSDT,C,230825-25000,5930.0,5930.0,5930.0,5930.0,0.0,0.0,4270.0,5085.0,3.0,3.0,,1.0766077,4555.0,0.61330385,0.93168655,3.91e-05,7.24072751,-17.47185061,27.45,808298.87172514
2023-08-12,1,BTC-230825-25000-C,BTCUSDT,C,230825-25000,5930.0,5930.0,5930.0,5930.0,0.0,0.0,4265.0,5405.0,3.0,3.0,,1.28167152,4616.0,0.71583576,0.89582931,4.508e-05,10.12906585,-27.36128769,27.45,807172.01906034
2023-08-12,22,BTC-230825-25000-C,BTCUSDT,C,230825-25000,5930.0,5930.0,5930.0,5930.0,0.0,0.0,4320.0,5075.0,3.0,3.0,,1.09674454,4536.0,0.62337227,0.93026892,3.963e-05,7.25367536,-18.26963974,27.45,807769.99064129
2023-08-12,21,BTC-230825-25000-C,BTCUSDT,C,230825-25000,5930.0,5930.0,5930.0,5930.0,0.0,0.0,4320.0,5075.0,3.0,3.0,,1.1000061,4529.0,0.62500305,0.92912625,3.997e-05,7.35502139,-18.51103299,27.45,807531.92163539
2023-08-12,3,BTC-230825-25000-C,BTCUSDT,C,230825-25000,5930.0,5930.0,5930.0,5930.0,0.0,0.0,4265.0,5405.0,3.0,3.0,,1.28727436,4614.0,0.71863718,0.89553054,4.514e-05,10.11702626,-27.60936014,27.45,807082.00558855
2023-08-12,17,BTC-230825-25000-C,BTCUSDT,C,230825-25000,5930.0,5930.0,5930.0,5930.0,0.0,0.0,4320.0,5085.0,3.0,3.0,,1.09206676,4542.0,0.62103338,0.92960425,3.974e-05,7.36915368,-18.18471348,27.45,807900.55714274
2023-08-12,0,BTC-230825-25000-C,BTCUSDT,C,230825-25000,5930.0,5930.0,5930.0,5930.0,0.0,0.0,4265.0,5405.0,3.0,3.0,,1.2554884,4649.0,0.7027442,0.90146993,4.395e-05,9.75837356,-25.79674392,27.45,808547.81004386
2023-08-12,2,BTC-230825-25000-C,BTCUSDT,C,230825-25000,5930.0,5930.0,5930.0,5930.0,0.0,0.0,4265.0,5405.0,3.0,3.0,,1.28980637,4608.0,0.71990318,0.89441935,4.536e-05,10.20760002,-27.81757972,27.45,806825.58089228
2023-08-12,23,BTC-230825-25000-C,BTCUSDT,C,230825-25000,5930.0,5930.0,5930.0,5930.0,0.0,0.0,4320.0,5075.0,3.0,3.0,,1.09656811,4538.0,0.62328405,0.93074172,3.949e-05,7.20447768,-18.20445341,27.45,807870.7935
2023-08-12,4,BTC-230825-25000-C,BTCUSDT,C,230825-25000,5930.0,5930.0,5930.0,5930.0,0.0,0.0,4265.0,5405.0,3.0,3.0,,1.28199577,4624.0,0.71599789,0.89728113,4.481e-05,9.98305634,-27.22987024,27.45,807509.74955697
2023-08-12,10,BTC-230825-25000-C,BTCUSDT,C,230825-25000,5930.0,5930.0,5930.0,5930.0,0.0,0.0,4270.0,5070.0,3.0,3.0,,1.06842041,4540.0,0.60921021,0.93108455,3.939e-05,7.33350556,-17.3500676,27.45,807929.63379104
2023-08-13,8,BTC-230825-25000-C,BTCUSDT,C,230825-25000,5930.0,5930.0,5930.0,5930.0,0.0,0.0,4265.0,5320.0,3.0,3.0,,1.29087448,4591.0,0.72043724,0.90513403,4.402e-05,8.98846966,-27.07577149,27.45,807215.4295941
2023-08-13,11,BTC-230825-25000-C,BTCUSDT,C,230825-25000,5930.0,5930.0,5930.0,5930.0,0.0,0.0,4240.0,5405.0,3.0,3.0,,1.36744022,4597.0,0.75872011,0.89448753,4.546e-05,9.65407331,-30.9495736,27.45,806562.28106461
2023-08-13,13,BTC-230825-25000-C,BTCUSDT,C,230825-25000,5930.0,5930.0,5930.0,5930.0,0.0,0.0,4240.0,5405.0,3.0,3.0,,1.37616634,4592.0,0.76308317,0.89368823,4.562e-05,9.67009088,-31.40032492,27.45,806345.24282872
2023-08-13,15,BTC-230825-25000-C,BTCUSDT,C,230825-25000,5930.0,5930.0,5930.0,5930.0,0.0,0.0,4240.0,5355.0,3.0,3.0,,1.34946823,4575.0,0.74973412,0.89791997,4.525e-05,9.35564187,-30.06101538,27.45,806308.06876038
2023-08-13,20,BTC-230825-25000-C,BTCUSDT,C,230825-25000,5930.0,5930.0,5930.0,5930.0,0.0,0.0,4260.0,5355.0,3.0,3.0,,1.33700371,4606.0,0.74350185,0.90352998,4.41e-05,8.91068987,-28.90956106,27.45,807614.51578777
2023-08-13,19,BTC-230825-25000-C,BTCUSDT,C,230825-25000,5930.0,5930.0,5930.0,5930.0,0.0,0.0,4260.0,5355.0,3.0,3.0,,1.32329941,4621.0,0.7366497,0.90595381,4.358e-05,8.76755421,-28.0809118,27.45,808244.0715177
2023-08-13,9,BTC-230825-25000-C,BTCUSDT,C,230825-25000,5930.0,5930.0,5930.0,5930.0,0.0,0.0,4265.0,5320.0,3.0,3.0,,1.29322529,4591.0,0.72161264,0.90514875,4.402e-05,8.97171391,-27.16403878,27.45,807291.65662949
2023-08-13,5,BTC-230825-25000-C,BTCUSDT,C,230825-25000,5930.0,5930.0,5930.0,5930.0,0.0,0.0,4270.0,5035.0,3.0,3.0,,1.10604286,4494.0,0.62802143,0.929404,4.025e-05,7.22558346,-18.77717345,27.45,806611.96282181
2023-08-13,18,BTC-230825-25000-C,BTCUSDT,C,230825-25000,5930.0,5930.0,5930.0,5930.0,0.0,0.0,4260.0,5355.0,3.0,3.0,,1.33171082,4607.0,0.74085541,0.90355727,4.409e-05,8.94144192,-28.69736733,27.45,807628.9816059
2023-08-13,12,BTC-230825-25000-C,BTCUSDT,C,230825-25000,5930.0,5930.0,5930.0,5930.0,0.0,0.0,4240.0,5405.0,3.0,3.0,,1.36594772,4602.0,0.75797386,0.89539813,4.529e-05,9.57932264,-30.78813729,27.45,806773.25853539
2023-08-13,7,BTC-230825-25000-C,BTCUSDT,C,230825-25000,5930.0,5930.0,5930.0,5930.0,0.0,0.0,4270.0,5035.0,3.0,3.0,,1.10228539,4503.0,0.62614269,0.93110582,3.974e-05,7.06978081,-18.4445305,27.45,806970.51423539
2023-08-13,16,BTC-230825-25000-C,BTCUSDT,C,230825-25000,5930.0,5930.0,5930.0,5930.0,0.0,0.0,4240.0,5355.0,3.0,3.0,,1.36192799,4562.0,0.75596399,0.89571024,4.569e-05,9.47893949,-30.82034327,27.45,805763.6313882
2023-08-13,6,BTC-230825-25000-C,BTCUSDT,C,230825-25000,5930.0,5930.0,5930.0,5930.0,0.0,0.0,4270.0,5035.0,3.0,3.0,,1.09857559,4506.0,0.6242878,0.93145268,3.963e-05,7.05527603,-18.28865809,27.45,807008.45336461
2023-08-13,14,BTC-230825-25000-C,BTCUSDT,C,230825-25000,5930.0,5930.0,5930.0,5930.0,0.0,0.0,4240.0,5405.0,3.0,3.0,,1.38032913,4590.0,0.76516457,0.89333977,4.569e-05,9.67464091,-31.61289008,27.45,806247.94304129
2023-08-13,1,BTC-230825-25000-C,BTCUSDT,C,230825-25000,5930.0,5930.0,5930.0,5930.0,0.0,0.0,4270.0,5120.0,3.0,3.0,,1.11951828,4565.0,0.63475914,0.92887587,3.969e-05,7.33376413,-19.00069149,27.45,808454.72268484
2023-08-13,22,BTC-230825-25000-C,BTCUSDT,C,230825-25000,5930.0,5930.0,5930.0,5930.0,0.0,0.0,4195.0,5355.0,3.0,3.0,,1.39409065,4540.0,0.77204533,0.89207962,4.641e-05,9.60010048,-32.5789238,27.45,804818.44715281
2023-08-13,21,BTC-230825-25000-C,BTCUSDT,C,230825-25000,5930.0,5930.0,5930.0,5930.0,0.0,0.0,4260.0,5355.0,3.0,3.0,,1.36621952,4572.0,0.75810976,0.89768304,4.532e-05,9.269223,-30.77553855,27.45,806194.80178777
2023-08-13,3,BTC-230825-25000-C,BTCUSDT,C,230825-25000,5930.0,5930.0,5930.0,5930.0,0.0,0.0,4270.0,5075.0,3.0,3.0,,1.11117363,4529.0,0.63058681,0.9293654,3.992e-05,7.26174879,-18.81846033,27.45,807528.59728777
2023-08-13,17,BTC-230825-25000-C,BTCUSDT,C,230825-25000,5930.0,5930.0,5930.0,5930.0,0.0,0.0,4240.0,5355.0,3.0,3.0,,1.34135246,4592.0,0.74567623,0.90086819,4.465e-05,9.1327999,-29.39613671,27.45,806991.9911508
2023-08-13,0,BTC-230825-25000-C,BTCUSDT,C,230825-25000,5930.0,5930.0,5930.0,5930.0,0.0,0.0,4320.0,5075.0,3.0,3.0,,1.08737469,4552.0,0.61868734,0.93313377,3.876e-05,7.00429723,-17.62765818,27.45,808383.39780825
2023-08-13,2,BTC-230825-25000-C,BTCUSDT,C,230825-25000,5930.0,5930.0,5930.0,5930.0,0.0,0.0,4270.0,5120.0,3.0,3.0,,1.12469673,4561.0,0.63734837,0.92821218,3.988e-05,7.37221851,-19.24368722,27.45,808301.3373492
2023-08-13,23,BTC-230825-25000-C,BTCUSDT,C,230825-25000,5930.0,5930.0,5930.0,5930.0,0.0,0.0,4195.0,5355.0,3.0,3.0,,1.40478134,4527.0,0.775,0.89092795,4.67e-05,9.65068463,-32.99679244,27.45,804413.4111
2023-08-13,4,BTC-230825-25000-C,BTCUSDT,C,230825-25000,5930.0,5930.0,5930.0,5930.0,0.0,0.0,4270.0,5055.0,3.0,3.0,,1.11194611,4507.0,0.63097305,0.928665,4.03e-05,7.2988616,-18.99126017,27.45,806911.71633539
2023-08-13,10,BTC-230825-25000-C,BTCUSDT,C,230825-25000,5930.0,5930.0,5930.0,5930.0,0.0,0.0,4240.0,5405.0,3.0,3.0,,1.35479927,4611.0,0.75239964,0.89674952,4.502e-05,9.52696136,-30.18136955,27.45,807118.87987051
2023-08-14,8,BTC-230825-25000-C,BTCUSDT,C,230825-25000,5930.0,5930.0,5930.0,5930.0,0.0,0.0,4270.0,4710.0,3.0,3.0,,0.86299896,4456.0,0.50649948,0.97138385,2.533e-05,3.33590474,-7.70934859,27.45,807716.01719628
2023-08-14,11,BTC-230825-25000-C,BTCUSDT,C,230825-25000,5930.0,5930.0,5930.0,5930.0,0.0,0.0,4270.0,4710.0,3.0,3.0,,0.8825016,4441.0,0.5162508,0.96932264,2.65e-05,3.51185431,-8.3676723,27.45,807292.09423877
2023-08-14,13,BTC-230825-25000-C,BTCUSDT,C,230825-25000,5930.0,5930.0,5930.0,5930.0,0.0,0.0,4210.0,4675.0,3.0,3.0,,0.8744812,4414.0,0.5122406,0.97005586,2.63e-05,3.42580802,-8.16202823,27.45,806337.20369628
2023-08-14,15,BTC-230825-25000-C,BTCUSDT,C,230825-25000,5930.0,5930.0,5930.0,5930.0,0.0,0.0,4480.0,5655.0,3.0,3.0,,1.49406433,4773.0,0.775,0.91007138,4.138e-05,8.21241607,-29.83413537,27.45,812545.29569628
2023-08-14,20,BTC-230825-25000-C,BTCUSDT,C,230825-25000,5930.0,5930.0,5930.0,5930.0,0.0,0.0,4205.0,4945.0,5.55,3.0,,1.10855579,4481.0,0.6292779,0.94243759,3.682e-05,5.73861443,-17.26460185,27.45,807077.72825324
2023-08-14,19,BTC-230825-25000-C,BTCUSDT,C,230825-25000,5930.0,5930.0,5930.0,5930.0,0.0,0.0,4205.0,4945.0,3.0,3.0,,1.13318443,4450.0,0.64159222,0.93719434,3.864e-05,6.14754603,-18.78196827,27.45,805741.33368979
2023-08-14,9,BTC-230825-25000-C,BTCUSDT,C,230825-25000,5930.0,5930.0,5930.0,5930.0,0.0,0.0,4270.0,4710.0,3.0,3.0,,0.8754158,4445.0,0.5127079,0.96981589,2.622e-05,3.47883737,-8.16927716,27.45,807306.50753736
2023-08-14,5,BTC-230825-25000-C,BTCUSDT,C,230825-25000,5930.0,5930.0,5930.0,5930.0,0.0,0.0,4270.0,5280.0,3.0,3.0,,1.2943697,4601.0,0.72218485,0.91365473,4.249e-05,8.07897603,-26.32108867,27.45,808252.56740497
2023-08-14,18,BTC-230825-25000-C,BTCUSDT,C,230825-25000,5930.0,5930.0,5930.0,5930.0,0.0,0.0,4205.0,4945.0,3.0,3.0,,1.15100861,4427.0,0.6505043,0.93314215,3.997e-05,6.4591592,-19.92904144,27.45,804675.31120248
2023-08-14,12,BTC-230825-25000-C,BTCUSDT,C,230825-25000,5930.0,5930.0,5930.0,5930.0,0.0,0.0,4210.0,4675.0,3.0,3.0,,0.87067604,4416.0,0.51033802,0.97033878,2.614e-05,3.40580557,-8.05302028,27.45,806687.16339876
2023-08-14,7,BTC-230825-25000-C,BTCUSDT,C,230825-25000,5930.0,5930.0,5930.0,5930.0,0.0,0.0,4270.0,4715.0,3.0,3.0,,0.8704567,4452.0,0.51022835,0.97014374,2.601e-05,3.46151147,-8.02799737,27.45,807762.65787338
2023-08-14,16,BTC-230825-25000-C,BTCUSDT,C,230825-25000,5930.0,5930.0,5930.0,5930.0,0.0,0.0,4480.0,4945.0,3.0,3.0,,0.91209412,4681.0,0.53104706,0.97314573,2.31e-05,3.13930685,-7.84526049,27.45,813715.88183531
2023-08-14,6,BTC-230825-25000-C,BTCUSDT,C,230825-25000,5930.0,5930.0,5930.0,5930.0,0.0,0.0,4270.0,4715.0,3.0,3.0,,0.87087631,4450.0,0.51043816,0.96979819,2.62e-05,3.50101582,-8.09230274,27.45,807561.62658234
2023-08-14,14,BTC-230825-25000-C,BTCUSDT,C,230825-25000,5930.0,5930.0,5930.0,5930.0,0.0,0.0,4355.0,4840.0,3.0,3.0,,0.90841293,4565.0,0.52920647,0.97020527,2.527e-05,3.42242397,-8.45681061,27.45,810467.96656317
2023-08-14,1,BTC-230825-25000-C,BTCUSDT,C,230825-25000,5930.0,5930.0,5930.0,5930.0,0.0,0.0,4140.0,5280.0,3.0,3.0,,1.379776,4481.0,0.764888,0.8926307,4.702e-05,9.49482382,-32.27764149,27.45,803341.12367641
2023-08-14,22,BTC-230825-25000-C,BTCUSDT,C,230825-25000,5930.0,5930.0,5930.0,5930.0,0.0,0.0,4275.0,4945.0,3.0,3.0,,1.08789921,4509.0,0.6189496,0.94719117,3.506e-05,5.34624188,-15.94723183,27.45,808064.38564916
2023-08-14,21,BTC-230825-25000-C,BTCUSDT,C,230825-25000,5930.0,5930.0,5930.0,5930.0,0.0,0.0,4205.0,4945.0,5.55,3.0,,1.10767365,4484.0,0.62883682,0.94306463,3.66e-05,5.67891776,-17.14132144,27.45,807227.39677214
2023-08-14,3,BTC-230825-25000-C,BTCUSDT,C,230825-25000,5930.0,5930.0,5930.0,5930.0,0.0,0.0,4210.0,5280.0,3.0,3.0,,1.31590366,4568.0,0.73295183,0.90792798,4.382e-05,8.49228066,-27.87056515,27.45,806734.7251941
2023-08-14,17,BTC-230825-25000-C,BTCUSDT,C,230825-25000,5930.0,5930.0,5930.0,5930.0,0.0,0.0,4385.0,4945.0,3.0,3.0,,1.042099,4548.0,0.5960495,0.95330225,3.263e-05,4.90336971,-13.8077852,27.45,809697.32692414
2023-08-14,0,BTC-230825-25000-C,BTCUSDT,C,230825-25000,5930.0,5930.0,5930.0,5930.0,0.0,0.0,4140.0,5280.0,3.0,3.0,,1.3776207,4481.0,0.76381035,0.89250527,4.704e-05,9.52015163,-32.19889098,27.45,803368.29594719
2023-08-14,2,BTC-230825-25000-C,BTCUSDT,C,230825-25000,5930.0,5930.0,5930.0,5930.0,0.0,0.0,4085.0,5280.0,3.0,3.0,,1.35647774,4514.0,0.75323887,0.89844982,4.586e-05,9.11772966,-30.63712096,27.45,804709.37054129
2023-08-14,23,BTC-230825-25000-C,BTCUSDT,C,230825-25000,5930.0,5930.0,5930.0,5930.0,0.0,0.0,4275.0,4945.0,3.0,3.0,,1.09485626,4504.0,0.62242813,0.94635829,3.538e-05,5.40081848,-16.26589155,27.45,807889.86920141
2023-08-14,4,BTC-230825-25000-C,BTCUSDT,C,230825-25000,5930.0,5930.0,5930.0,5930.0,0.0,0.0,4210.0,5280.0,3.0,3.0,,1.31118774,4577.0,0.73059387,0.90951089,4.346e-05,8.37189239,-27.48964904,27.45,807367.5689811
2023-08-14,10,BTC-230825-25000-C,BTCUSDT,C,230825-25000,5930.0,5930.0,5930.0,5930.0,0.0,0.0,4270.0,4710.0,3.0,3.0,,0.86037636,4461.0,0.50518818,0.97230985,2.48e-05,3.23417861,-7.51203247,27.45,808005.41316469
2023-08-15,8,BTC-230825-25000-C,BTCUSDT,C,230825-25000,5930.0,5930.0,5930.0,5930.0,0.0,0.0,4215.0,4690.0,3.0,3.0,,0.88413239,4452.0,0.51706619,0.97451949,2.363e-05,2.88653063,-7.49385274,27.45,807817.06691201
2023-08-15,11,BTC-230825-25000-C,BTCUSDT,C,230825-25000,5930.0,5930.0,5930.0,5930.0,0.0,0.0,4215.0,4660.0,3.0,3.0,,0.91522217,4395.0,0.53261108,0.97025532,2.632e-05,3.25636493,-8.81885093,27.45,806120.91029665
2023-08-15,13,BTC-230825-25000-C,BTCUSDT,C,230825-25000,5930.0,5930.0,5930.0,5930.0,0.0,0.0,4215.0,4660.0,3.0,3.0,,0.90981483,4404.0,0.52990742,0.97164593,2.552e-05,3.1171763,-8.4708353,27.45,806382.49974721
2023-08-15,15,BTC-230825-25000-C,BTCUSDT,C,230825-25000,5930.0,5930.0,5930.0,5930.0,0.0,0.0,4215.0,4730.0,3.0,3.0,,1.01662636,4381.0,0.58331318,0.95829027,3.202e-05,4.25567947,-12.83995318,27.45,805142.10362626
2023-08-15,20,BTC-230825-25000-C,BTCUSDT,C,230825-25000,5930.0,5930.0,5930.0,5930.0,0.0,0.0,4045.0,4730.0,3.0,3.0,,1.12596512,4278.0,0.63798256,0.94099342,3.921e-05,5.52641447,-18.63833515,27.45,801523.8195824
2023-08-15,19,BTC-230825-25000-C,BTCUSDT,C,230825-25000,5930.0,5930.0,5930.0,5930.0,0.0,0.0,4045.0,4730.0,3.0,3.0,,1.13443851,4266.0,0.64221926,0.93883601,3.999e-05,5.69339951,-19.24424396,27.45,801317.54037374
2023-08-15,9,BTC-230825-25000-C,BTCUSDT,C,230825-25000,5930.0,5930.0,5930.0,5930.0,0.0,0.0,4215.0,4690.0,3.0,3.0,,0.89015007,4448.0,0.52007504,0.97399879,2.395e-05,2.92922168,-7.68107542,27.45,807834.20355503
2023-08-15,5,BTC-230825-25000-C,BTCUSDT,C,230825-25000,5930.0,5930.0,5930.0,5930.0,0.0,0.0,4275.0,4945.0,3.0,3.0,,1.14951134,4457.0,0.64975567,0.93892274,3.808e-05,5.89665377,-18.99857759,27.45,806042.85630372
2023-08-15,18,BTC-230825-25000-C,BTCUSDT,C,230825-25000,5930.0,5930.0,5930.0,5930.0,0.0,0.0,4160.0,4730.0,3.0,3.0,,1.0307312,4373.0,0.5903656,0.95717078,3.254e-05,4.31824264,-13.3589807,27.45,804925.81874162
2023-08-15,12,BTC-230825-25000-C,BTCUSDT,C,230825-25000,5930.0,5930.0,5930.0,5930.0,0.0,0.0,4215.0,4660.0,3.0,3.0,,0.91413498,4398.0,0.53206749,0.97072535,2.605e-05,3.20715102,-8.71362778,27.45,806319.18677486
2023-08-15,7,BTC-230825-25000-C,BTCUSDT,C,230825-25000,5930.0,5930.0,5930.0,5930.0,0.0,0.0,4215.0,4665.0,3.0,3.0,,0.87309837,4433.0,0.51154919,0.97503879,2.344e-05,2.84130652,-7.2673318,27.45,807304.80033539
2023-08-15,16,BTC-230825-25000-C,BTCUSDT,C,230825-25000,5930.0,5930.0,5930.0,5930.0,0.0,0.0,4095.0,4730.0,3.0,3.0,,1.0564518,4342.0,0.6032259,0.95187693,3.487e-05,4.75671731,-14.90582661,27.45,803933.06988464
2023-08-15,6,BTC-230825-25000-C,BTCUSDT,C,230825-25000,5930.0,5930.0,5930.0,5930.0,0.0,0.0,4215.0,4655.0,3.0,3.0,,0.89288712,4402.0,0.52144356,0.97176575,2.547e-05,3.15215412,-8.18424182,27.45,806316.05329752
2023-08-15,14,BTC-230825-25000-C,BTCUSDT,C,230825-25000,5930.0,5930.0,5930.0,5930.0,0.0,0.0,4215.0,4665.0,3.0,4.75,,0.84395409,4469.0,0.49697704,0.98041566,1.992e-05,2.28457093,-5.8474401,27.45,808365.28262626
2023-08-15,1,BTC-230825-25000-C,BTCUSDT,C,230825-25000,5930.0,5930.0,5930.0,5930.0,0.0,0.0,4275.0,4945.0,3.0,3.0,,1.11288548,4488.0,0.63144274,0.94392823,3.629e-05,5.5669158,-17.14724186,27.45,807414.12279104
2023-08-15,22,BTC-230825-25000-C,BTCUSDT,C,230825-25000,5930.0,5930.0,5930.0,5930.0,0.0,0.0,4045.0,4730.0,3.0,3.0,,1.14048481,4267.0,0.6452424,0.93925801,3.985e-05,5.6257083,-19.3596857,27.45,801178.04912626
2023-08-15,21,BTC-230825-25000-C,BTCUSDT,C,230825-25000,5930.0,5930.0,5930.0,5930.0,0.0,0.0,4045.0,4730.0,3.0,3.0,,1.10602856,4302.0,0.62801428,0.94525375,3.759e-05,5.20388613,-17.35280058,27.45,802400.50923631
2023-08-15,3,BTC-230825-25000-C,BTCUSDT,C,230825-25000,5930.0,5930.0,5930.0,5930.0,0.0,0.0,4275.0,4945.0,3.0,3.0,,1.12353802,4481.0,0.63676901,0.94287213,3.668e-05,5.62462268,-17.61433441,27.45,806820.48005697
2023-08-15,17,BTC-230825-25000-C,BTCUSDT,C,230825-25000,5930.0,5930.0,5930.0,5930.0,0.0,0.0,4160.0,4730.0,3.0,3.0,,1.01895332,4383.0,0.58447666,0.9587152,3.182e-05,4.20266533,-12.8157748,27.45,805166.0364067
2023-08-15,0,BTC-230825-25000-C,BTCUSDT,C,230825-25000,5930.0,5930.0,5930.0,5930.0,0.0,0.0,4275.0,4945.0,3.0,3.0,,1.09523773,4506.0,0.62261887,0.94673376,3.524e-05,5.3604895,-16.21476021,27.45,807961.84063283
2023-08-15,2,BTC-230825-25000-C,BTCUSDT,C,230825-25000,5930.0,5930.0,5930.0,5930.0,0.0,0.0,4275.0,4945.0,3.0,3.0,,1.13302231,4468.0,0.64151115,0.94060528,3.749e-05,5.80759379,-18.24799332,27.45,806486.48652538
2023-08-15,23,BTC-230825-25000-C,BTCUSDT,C,230825-25000,5930.0,5930.0,5930.0,5930.0,0.0,0.0,4045.0,4730.0,3.0,3.0,,1.13192558,4279.0,0.64096279,0.94142218,3.906e-05,5.45886088,-18.74422698,27.45,801573.44073631
2023-08-15,4,BTC-230825-25000-C,BTCUSDT,C,230825-25000,5930.0,5930.0,5930.0,5930.0,0.0,0.0,4275.0,4945.0,3.0,3.0,,1.14226818,4463.0,0.64613409,0.93981383,3.777e-05,5.84275274,-18.64295019,27.45,806419.69268359
2023-08-15,10,BTC-230825-25000-C,BTCUSDT,C,230825-25000,5930.0,5930.0,5930.0,5930.0,0.0,0.0,4215.0,4690.0,3.0,3.0,,0.91108322,4430.0,0.53054161,0.9714212,2.547e-05,3.16059445,-8.49025268,27.45,807091.24366481
2023-08-16,8,BTC-230825-25000-C,BTCUSDT,C,230825-25000,5930.0,5930.0,5930.0,5930.0,0.0,0.0,4035.0,4450.0,3.0,3.0,,0.90652466,4208.0,0.52826233,0.97194229,2.665e-05,2.94235854,-8.67535907,27.45,801139.27826369
2023-08-16,11,BTC-230825-25000-C,BTCUSDT,C,230825-25000,5930.0,5930.0,5930.0,5930.0,0.0,0.0,4035.0,4450.0,3.0,3.0,,0.92783928,4194.0,0.53891964,0.96995396,2.786e-05,3.09111594,-9.42940135,27.45,800605.69852738
2023-08-16,13,BTC-230825-25000-C,BTCUSDT,C,230825-25000,5930.0,5930.0,5930.0,5930.0,0.0,0.0,3935.0,4390.0,3.0,3.0,,0.93676567,4123.0,0.54338284,0.96738568,2.979e-05,3.28407545,-10.19718783,27.45,798531.95057151
2023-08-16,15,BTC-230825-25000-C,BTCUSDT,C,230825-25000,5930.0,5930.0,5930.0,5930.0,0.0,0.0,3995.0,5065.0,3.0,3.0,,1.50458336,4261.0,0.775,0.90877103,4.719e-05,7.35702821,-32.89436106,27.45,798922.53692318
2023-08-16,20,BTC-230825-25000-C,BTCUSDT,C,230825-25000,5930.0,5930.0,5930.0,5930.0,0.0,0.0,3780.0,4970.0,3.0,3.0,,1.52955532,4133.0,0.775,0.90475528,4.954e-05,7.46872549,-34.2162818,27.45,795143.55255871
2023-08-16,19,BTC-230825-25000-C,BTCUSDT,C,230825-25000,5930.0,5930.0,5930.0,5930.0,0.0,0.0,3980.0,4970.0,3.0,3.0,,1.44264221,4261.0,0.775,0.91097716,4.678e-05,7.15609718,-32.62333978,27.45,799645.42683539
2023-08-16,9,BTC-230825-25000-C,BTCUSDT,C,230825-25000,5930.0,5930.0,5930.0,5930.0,0.0,0.0,4035.0,4450.0,3.0,3.0,,0.92151642,4196.0,0.53575821,0.97015879,2.774e-05,3.08832046,-9.27807977,27.45,800631.94796704
2023-08-16,5,BTC-230825-25000-C,BTCUSDT,C,230825-25000,5930.0,5930.0,5930.0,5930.0,0.0,0.0,4065.0,4770.0,3.0,3.0,,1.22122765,4244.0,0.68561382,0.92941975,4.287e-05,6.21189505,-23.44379275,27.45,799944.06001648
2023-08-16,18,BTC-230825-25000-C,BTCUSDT,C,230825-25000,5930.0,5930.0,5930.0,5930.0,0.0,0.0,3980.0,4970.0,3.0,3.0,,1.40267372,4316.0,0.775,0.91321168,4.57e-05,7.05309852,-31.99694019,27.45,800770.16636461
2023-08-16,12,BTC-230825-25000-C,BTCUSDT,C,230825-25000,5930.0,5930.0,5930.0,5930.0,0.0,0.0,3935.0,4375.0,3.0,4.69,,0.85216522,4178.0,0.50108261,0.97820292,2.296e-05,2.35674657,-6.71615073,27.45,800470.97634078
2023-08-16,7,BTC-230825-25000-C,BTCUSDT,C,230825-25000,5930.0,5930.0,5930.0,5930.0,0.0,0.0,4005.0,4425.0,3.0,3.0,,0.85902214,4219.0,0.50451107,0.97722994,2.336e-05,2.47738512,-6.9437034,27.45,801651.27204386
2023-08-16,16,BTC-230825-25000-C,BTCUSDT,C,230825-25000,5930.0,5930.0,5930.0,5930.0,0.0,0.0,3795.0,5065.0,3.0,3.0,,1.52023315,4241.0,0.775,0.90828,4.753e-05,7.36338832,-33.08184517,27.45,798213.21685726
2023-08-16,6,BTC-230825-25000-C,BTCUSDT,C,230825-25000,5930.0,5930.0,5930.0,5930.0,0.0,0.0,3950.0,4395.0,3.0,5.16,,0.82828522,4210.0,0.48914261,0.97994964,2.159e-05,2.22945419,-6.03052336,27.45,801411.86279665
2023-08-16,14,BTC-230825-25000-C,BTCUSDT,C,230825-25000,5930.0,5930.0,5930.0,5930.0,0.0,0.0,3935.0,4390.0,3.0,3.0,,0.87377548,4180.0,0.51188774,0.97648851,2.408e-05,2.50013055,-7.34804486,27.45,800267.05300559
2023-08-16,1,BTC-230825-25000-C,BTCUSDT,C,230825-25000,5930.0,5930.0,5930.0,5930.0,0.0,0.0,4065.0,4830.0,3.0,3.0,,1.18983269,4336.0,0.66991634,0.93626942,4.003e-05,5.8134257,-21.05137304,27.45,802797.55387905
2023-08-16,22,BTC-230825-25000-C,BTCUSDT,C,230825-25000,5930.0,5930.0,5930.0,5930.0,0.0,0.0,3780.0,4970.0,3.0,3.0,,1.57384872,4073.0,0.775,0.90257684,5.073e-05,7.53984816,-34.88581643,27.45,793588.4348243
2023-08-16,21,BTC-230825-25000-C,BTCUSDT,C,230825-25000,5930.0,5930.0,5930.0,5930.0,0.0,0.0,3780.0,4970.0,3.0,3.0,,1.55819416,4093.0,0.775,0.90311068,5.037e-05,7.53350564,-34.68391392,27.45,794053.93934129
2023-08-16,3,BTC-230825-25000-C,BTCUSDT,C,230825-25000,5930.0,5930.0,5930.0,5930.0,0.0,0.0,4065.0,4830.0,3.0,3.0,,1.20675087,4323.0,0.67837543,0.93415166,4.076e-05,5.93249889,-21.95158053,27.45,802341.1146757
2023-08-16,17,BTC-230825-25000-C,BTCUSDT,C,230825-25000,5930.0,5930.0,5930.0,5930.0,0.0,0.0,3910.0,4970.0,3.0,3.0,,1.40209198,4313.0,0.775,0.91252678,4.586e-05,7.11080572,-32.10213786,27.45,800665.67225279
2023-08-16,0,BTC-230825-25000-C,BTCUSDT,C,230825-25000,5930.0,5930.0,5930.0,5930.0,0.0,0.0,4060.0,4730.0,3.0,3.0,,1.11747742,4297.0,0.63373871,0.94464245,3.784e-05,5.21377754,-17.78027908,27.45,802245.81189553
2023-08-16,2,BTC-230825-25000-C,BTCUSDT,C,230825-25000,5930.0,5930.0,5930.0,5930.0,0.0,0.0,4065.0,4830.0,3.0,3.0,,1.186409,4342.0,0.6682045,0.93747565,3.962e-05,5.7163941,-20.74053638,27.45,803065.75244497
2023-08-16,23,BTC-230825-25000-C,BTCUSDT,C,230825-25000,5930.0,5930.0,5930.0,5930.0,0.0,0.0,3660.0,4970.0,3.0,3.0,,1.67757034,3911.0,0.775,0.89368539,5.453e-05,7.96522145,-37.03822832,27.45,788735.17226369
2023-08-16,4,BTC-230825-25000-C,BTCUSDT,C,230825-25000,5930.0,5930.0,5930.0,5930.0,0.0,0.0,4065.0,4830.0,3.0,3.0,,1.22145176,4310.0,0.68572588,0.93188434,4.151e-05,6.07233055,-22.81615852,27.45,801885.55628575
2023-08-16,10,BTC-230825-25000-C,BTCUSDT,C,230825-25000,5930.0,5930.0,5930.0,5930.0,0.0,0.0,4035.0,4450.0,3.0,3.0,,0.89442253,4222.0,0.52221127,0.97424067,2.521e-05,2.72854852,-8.02747559,27.45,801496.92461536
2023-08-17,8,BTC-230825-25000-C,BTCUSDT,C,230825-25000,3565.0,3565.0,3565.0,3565.0,4.81,4.81,3470.0,3850.0,3.0,3.0,,0.90126991,3590.0,0.52563496,0.9600356,3.886e-05,3.63064843,-11.98990337,27.45,783842.67128575
2023-08-17,11,BTC-230825-25000-C,BTCUSDT,C,230825-25000,3565.0,3565.0,3565.0,3565.0,4.81,4.81,3425.0,3780.0,3.0,2.01,,0.84021568,3570.0,0.49510784,0.96885065,3.39e-05,2.93526293,-9.2761886,27.45,783538.79676927
2023-08-17,13,BTC-230825-25000-C,BTCUSDT,C,230825-25000,3565.0,3565.0,3565.0,3565.0,4.81,4.81,3245.0,4375.0,3.0,3.0,,1.47631645,3594.0,0.775,0.88208982,6.16e-05,8.17612233,-40.88055061,27.45,779716.83674162
2023-08-17,15,BTC-230825-25000-C,BTCUSDT,C,230825-25000,3565.0,3565.0,3565.0,3565.0,4.81,4.81,2835.0,3300.0,3.0,3.0,,0.89789391,2986.0,0.52394695,0.93236853,6.167e-05,5.29114717,-18.08006253,27.45,766827.6470109
2023-08-17,20,BTC-230825-25000-C,BTCUSDT,C,230825-25000,3565.0,3565.0,3565.0,3565.0,4.81,4.81,2130.0,3110.0,1.5,3.0,,0.92092037,2759.0,0.53546019,0.91394705,7.414e-05,6.21257152,-22.30109188,27.45,758378.00912626
2023-08-17,19,BTC-230825-25000-C,BTCUSDT,C,230825-25000,3565.0,3565.0,3565.0,3565.0,4.81,4.81,2770.0,3775.0,3.0,3.0,,1.32883072,3112.0,0.73941536,0.86132837,7.48e-05,8.84203608,-43.5861813,27.45,765719.1225
2023-08-17,9,BTC-230825-25000-C,BTCUSDT,C,230825-25000,3565.0,3565.0,3565.0,3565.0,4.81,4.81,3425.0,3825.0,3.0,4.59,,0.8386898,3617.0,0.4943449,0.97000229,3.268e-05,2.86505382,-8.94519586,27.45,784785.38573073
2023-08-17,5,BTC-230825-25000-C,BTCUSDT,C,230825-25000,5930.0,5930.0,3565.0,3565.0,4.81,4.81,3500.0,3885.0,3.0,4.9,,0.81256866,3698.0,0.48128433,0.97454215,2.889e-05,2.53251472,-7.53932729,27.45,787222.38466481
2023-08-17,18,BTC-230825-25000-C,BTCUSDT,C,230825-25000,3565.0,3565.0,3565.0,3565.0,4.81,4.81,2570.0,3775.0,3.0,3.0,,1.33412838,3103.0,0.74206419,0.85879968,7.528e-05,8.971181,-44.13601291,27.45,765094.00757151
2023-08-17,12,BTC-230825-25000-C,BTCUSDT,C,230825-25000,3565.0,3565.0,3565.0,3565.0,4.81,4.81,3405.0,4375.0,3.0,3.0,,1.41431808,3682.0,0.775,0.88740724,5.925e-05,7.96070275,-39.59060191,27.45,782531.96696704
2023-08-17,7,BTC-230825-25000-C,BTCUSDT,C,230825-25000,3565.0,3565.0,3565.0,3565.0,4.81,4.81,3465.0,3870.0,3.0,4.97,,0.85707664,3648.0,0.50353832,0.96798309,3.365e-05,3.04264317,-9.57553264,27.45,785661.45700559
2023-08-17,16,BTC-230825-25000-C,BTCUSDT,C,230825-25000,3565.0,3565.0,3565.0,3565.0,4.81,4.81,2850.0,3270.0,3.0,3.0,,0.85978031,2990.0,0.50489016,0.94044345,5.809e-05,4.7821342,-15.83245125,27.45,766612.54458799
2023-08-17,6,BTC-230825-25000-C,BTCUSDT,C,230825-25000,3565.0,3565.0,3565.0,3565.0,4.81,4.81,3500.0,3905.0,3.0,3.6,,0.82697868,3710.0,0.48848934,0.97347599,2.952e-05,2.61517427,-7.94289897,27.45,787523.05265922
2023-08-17,14,BTC-230825-25000-C,BTCUSDT,C,230825-25000,3565.0,3565.0,3565.0,3565.0,4.81,4.81,3245.0,3590.0,3.0,2.16,,0.77850342,3413.0,0.46425171,0.97259135,3.295e-05,2.60437134,-7.84269424,27.45,779754.8715824
2023-08-17,1,BTC-230825-25000-C,BTCUSDT,C,230825-25000,5930.0,5930.0,3565.0,3565.0,4.81,4.81,3425.0,3785.0,3.0,3.0,,0.72875977,3646.0,0.43937988,0.98156526,2.389e-05,1.9448059,-5.17883267,27.45,785651.32463743
2023-08-17,22,BTC-230825-25000-C,BTCUSDT,C,230825-25000,3565.0,3565.0,3565.0,3565.0,4.81,4.81,1480.0,2110.0,4.32,2.99,,0.63780546,1887.0,0.39390273,0.89958079,0.00011725,6.70962909,-17.91821745,27.45,737348.48569777
2023-08-17,21,BTC-230825-25000-C,BTCUSDT,C,230825-25000,3565.0,3565.0,3565.0,3565.0,4.81,4.81,1475.0,7625.0,4.84,5.48,,4.88038063,2074.0,0.92434711,0.67061803,0.00010455,13.55063646,-84.44138541,27.45,720746.99718129
2023-08-17,3,BTC-230825-25000-C,BTCUSDT,C,230825-25000,5930.0,5930.0,3565.0,3565.0,4.81,4.81,3500.0,4450.0,3.0,3.0,,1.34307861,3816.0,0.74653931,0.89944516,5.506e-05,7.55324164,-34.52316601,27.45,786642.4868243
2023-08-17,17,BTC-230825-25000-C,BTCUSDT,C,230825-25000,3565.0,3565.0,3565.0,3565.0,4.81,4.81,2870.0,3775.0,3.0,3.0,,1.27408981,3161.0,0.71204491,0.87415891,7.204e-05,8.33913414,-39.15052042,27.45,767705.51912626
2023-08-17,0,BTC-230825-25000-C,BTCUSDT,C,230825-25000,5930.0,5930.0,5930.0,5930.0,0.0,0.0,3215.0,3565.0,3.0,4.81,,6e-07,3580.0,0.15,1.0,0.0,3.9e-07,-3.6e-07,27.45,784071.90895056
2023-08-17,2,BTC-230825-25000-C,BTCUSDT,C,230825-25000,5930.0,5930.0,3565.0,3565.0,4.81,4.81,3430.0,3780.0,3.0,3.0,,0.77949524,3604.0,0.46474762,0.97485367,2.948e-05,2.5176105,-7.12721933,27.45,784559.72863184
2023-08-17,23,BTC-230825-25000-C,BTCUSDT,C,230825-25000,3565.0,3565.0,3565.0,3565.0,4.81,4.81,1895.0,2355.0,4.57,1.5,,0.80895424,2071.0,0.55139542,0.83225898,0.00011915,9.58083306,-35.84688925,27.45,731861.33627486
2023-08-17,4,BTC-230825-25000-C,BTCUSDT,C,230825-25000,5930.0,5930.0,3565.0,3565.0,4.81,4.81,3500.0,4450.0,3.0,3.0,,1.35134697,3811.0,0.75067348,0.89840523,5.533e-05,7.58859725,-35.05569617,27.45,786390.07653296
2023-08-17,10,BTC-230825-25000-C,BTCUSDT,C,230825-25000,3565.0,3565.0,3565.0,3565.0,4.81,4.81,3425.0,4430.0,3.0,3.0,,1.42343521,3724.0,0.775,0.88887461,5.83e-05,7.94066086,-39.07303572,27.45,783708.29599442
2023-08-18,8,BTC-230825-25000-C,BTCUSDT,C,230825-25000,3565.0,3565.0,1535.0,1650.0,8.93,8.93,1660.0,26440.0,1.5,3.0,,9.9999994,2205.0,0.88345356,0.7143797,0.00010478,12.47676119,-79.20446054,32.45,862537.46035174
2023-08-18,11,BTC-230825-25000-C,BTCUSDT,C,230825-25000,3565.0,3565.0,1535.0,1725.0,8.96,8.96,1565.0,1735.0,1.5,2.97,,0.54688215,1641.0,0.451442,0.83402121,0.00015227,9.03293417,-29.83784628,32.45,859806.19020883
2023-08-18,13,BTC-230825-25000-C,BTCUSDT,C,230825-25000,3565.0,3565.0,1535.0,1725.0,8.96,8.96,1475.0,1510.0,2.39,2.97,,0.52453995,1492.0,0.50843954,0.76862755,0.00016793,10.87107711,-40.94278503,32.45,852025.96394511
2023-08-18,15,BTC-230825-25000-C,BTCUSDT,C,230825-25000,3565.0,3565.0,1535.0,1725.0,8.96,8.96,1265.0,1310.0,3.86,2.97,,0.51108122,1287.0,0.491606,0.73280919,0.00019043,11.55573772,-42.60645075,32.45,842784.90286814
2023-08-18,20,BTC-230825-25000-C,BTCUSDT,C,230825-25000,3565.0,3565.0,1535.0,1725.0,8.96,8.96,1315.0,1350.0,7.38,2.97,,0.49568415,1332.0,0.4795444,0.75763483,0.00018782,10.84489855,-40.26271788,32.45,847558.78283501
2023-08-18,19,BTC-230825-25000-C,BTCUSDT,C,230825-25000,3565.0,3565.0,1535.0,1725.0,8.96,8.96,1330.0,1360.0,7.6,2.37,,0.51855326,1344.0,0.50518632,0.74259945,0.00018365,11.22303817,-43.61319421,32.45,845000.39630757
2023-08-18,9,BTC-230825-25000-C,BTCUSDT,C,230825-25000,3565.0,3565.0,1535.0,1755.0,8.95,8.95,1535.0,1680.0,1.5,2.98,,0.52247047,1601.0,0.4428196,0.83058382,0.00015659,9.194138,-29.43135653,32.45,858214.56406593
2023-08-18,5,BTC-230825-25000-C,BTCUSDT,C,230825-25000,3565.0,3565.0,1535.0,1655.0,8.0,8.0,1650.0,1680.0,0.93,3.0,,0.52298546,1664.0,0.50861001,0.79597659,0.00015122,10.43654794,-37.46911114,32.45,857993.43336278
2023-08-18,18,BTC-230825-25000-C,BTCUSDT,C,230825-25000,3565.0,3565.0,1535.0,1725.0,8.96,8.96,1335.0,1365.0,7.16,2.37,,0.47935724,1349.0,0.46524048,0.76972214,0.00018674,10.62723967,-37.79016553,32.45,848111.66664826
2023-08-18,12,BTC-230825-25000-C,BTCUSDT,C,230825-25000,3565.0,3565.0,1535.0,1725.0,8.96,8.96,1455.0,1580.0,1.5,2.97,,0.52461147,1514.0,0.46150446,0.80333432,0.00016721,9.95294439,-33.81585566,32.45,854262.56058233
2023-08-18,7,BTC-230825-25000-C,BTCUSDT,C,230825-25000,3565.0,3565.0,1535.0,1650.0,8.93,8.93,1505.0,1655.0,4.0,3.0,,0.51762581,1574.0,0.43640614,0.82789782,0.00015972,9.33260723,-29.09143088,32.45,857484.42480221
2023-08-18,16,BTC-230825-25000-C,BTCUSDT,C,230825-25000,3565.0,3565.0,1535.0,1725.0,8.96,8.96,1170.0,1210.0,7.88,2.97,,0.48704147,1189.0,0.4699409,0.72234475,0.00020445,11.69772239,-41.4885177,32.45,837485.20809337
2023-08-18,6,BTC-230825-25000-C,BTCUSDT,C,230825-25000,3565.0,3565.0,1535.0,1655.0,8.0,8.0,1650.0,1895.0,0.93,3.0,,0.66991806,1764.0,0.55372119,0.78856247,0.00014191,10.65493184,-41.89243908,32.45,860128.27963722
2023-08-18,14,BTC-230825-25000-C,BTCUSDT,C,230825-25000,3565.0,3565.0,1535.0,1725.0,8.96,8.96,1285.0,1330.0,2.39,2.97,,0.51050425,1307.0,0.49093723,0.73738003,0.00018825,11.50200451,-42.08759646,32.45,845051.5425
2023-08-18,1,BTC-230825-25000-C,BTCUSDT,C,230825-25000,3565.0,3565.0,3565.0,3565.0,0.0,0.0,1635.0,2770.0,3.49,4.81,,1.27880335,2110.0,0.77544808,0.73465888,0.00011269,12.29362758,-65.74520504,27.45,730493.24335726
2023-08-18,22,BTC-230825-25000-C,BTCUSDT,C,230825-25000,3565.0,3565.0,1535.0,1725.0,8.96,8.96,1275.0,1310.0,7.25,2.97,,0.47212124,1292.0,0.45553088,0.76650468,0.00019509,10.55079123,-37.69570593,32.45,846028.64052744
2023-08-18,21,BTC-230825-25000-C,BTCUSDT,C,230825-25000,3565.0,3565.0,1535.0,1725.0,8.96,8.96,1285.0,1320.0,9.7,2.97,,0.48306704,1302.0,0.4667747,0.76000872,0.00019269,10.74426237,-39.07901939,32.45,846478.57582429
2023-08-18,3,BTC-230825-25000-C,BTCUSDT,C,230825-25000,3565.0,3565.0,3565.0,3565.0,0.0,0.0,1435.0,1690.0,2.11,1.5,,0.56098938,1542.0,0.41980028,0.83001352,0.00016296,9.35984878,-27.41344749,27.45,724817.81709888
2023-08-18,17,BTC-230825-25000-C,BTCUSDT,C,230825-25000,3565.0,3565.0,1535.0,1725.0,8.96,8.96,1250.0,1290.0,7.55,5.34,,0.4868412,1269.0,0.4689765,0.74586331,0.00019565,11.19779954,-39.88477653,32.45,844230.6395164
2023-08-18,2,BTC-230825-25000-C,BTCUSDT,C,230825-25000,3565.0,3565.0,3565.0,3565.0,0.0,0.0,1530.0,1690.0,2.98,1.5,,0.49819946,1599.0,0.40351391,0.85174292,0.00015406,8.60961892,-24.09777157,27.45,727643.71918687
2023-08-18,23,BTC-230825-25000-C,BTCUSDT,C,230825-25000,3565.0,3565.0,1535.0,1725.0,8.96,8.96,1255.0,1285.0,7.23,2.37,,0.46330214,1269.0,0.44902563,0.76650728,0.00019871,10.50879734,-37.25297948,32.45,845423.13422524
2023-08-18,4,BTC-230825-25000-C,BTCUSDT,C,230825-25000,3565.0,3565.0,1535.0,1535.0,5.0,5.0,1530.0,1560.0,2.42,1.5,,0.53589582,1544.0,0.52267909,0.76224212,0.00016124,11.35042395,-41.63241845,32.45,851830.29757697
2023-08-18,10,BTC-230825-25000-C,BTCUSDT,C,230825-25000,3565.0,3565.0,1535.0,1755.0,8.95,8.95,1555.0,1690.0,3.24,2.98,,0.53435564,1618.0,0.46267867,0.82124979,0.00015554,9.48399102,-31.91296706,32.45,858336.18024732
2023-08-19,8,BTC-230825-25000-C,BTCUSDT,C,230825-25000,1755.0,1755.0,1130.0,1170.0,1.98,1.98,1060.0,1170.0,1.5,1.5,,0.45354128,1112.0,0.39834023,0.77228516,0.00022877,10.00525755,-33.44466129,34.4,892228.46030756
2023-08-19,11,BTC-230825-25000-C,BTCUSDT,C,230825-25000,1130.0,1170.0,1130.0,1170.0,1.95,1.95,1035.0,1110.0,1.5,2.97,,0.42428732,1071.0,0.38617134,0.77342519,0.00023812,9.85934424,-32.63475969,34.4,891080.9708133
2023-08-19,13,BTC-230825-25000-C,BTCUSDT,C,230825-25000,1130.0,1170.0,1115.0,1115.0,2.12,2.12,1050.0,1125.0,1.5,2.97,,0.42402625,1086.0,0.3848666,0.78142569,0.00023554,9.59905394,-32.12476323,34.57,896357.87901323
2023-08-19,15,BTC-230825-25000-C,BTCUSDT,C,230825-25000,1130.0,1170.0,1115.0,1115.0,2.12,2.12,1295.0,1375.0,1.5,2.97,,0.44988155,1332.0,0.40012121,0.83596106,0.0001892,8.07808982,-28.51948664,34.57,905206.44660441
2023-08-19,20,BTC-230825-25000-C,BTCUSDT,C,230825-25000,1130.0,1170.0,1115.0,1115.0,2.12,2.12,1160.0,1240.0,6.85,2.97,,0.44923306,1198.0,0.4033494,0.80635469,0.0002136,8.74828528,-32.32312795,34.57,900676.17346802
2023-08-19,19,BTC-230825-25000-C,BTCUSDT,C,230825-25000,1130.0,1170.0,1115.0,1115.0,2.12,2.12,1190.0,1335.0,6.71,1.5,,0.48990965,1255.0,0.40231943,0.8207053,0.00020285,8.39515789,-30.70480038,34.57,903561.14633749
2023-08-19,9,BTC-230825-25000-C,BTCUSDT,C,230825-25000,1725.0,1725.0,1130.0,1170.0,1.96,1.96,1070.0,1150.0,1.5,2.97,,0.42795897,1108.0,0.38675785,0.78183794,0.00023064,9.73389534,-31.81396965,34.4,892508.24193417
2023-08-19,5,BTC-230825-25000-C,BTCUSDT,C,230825-25000,1650.0,1755.0,1650.0,1725.0,0.96,0.96,1065.0,1110.0,2.48,5.38,,0.42578459,1087.0,0.40430069,0.75619741,0.00023205,10.47839521,-34.81984398,32.45,840188.1789836
2023-08-19,18,BTC-230825-25000-C,BTCUSDT,C,230825-25000,1130.0,1170.0,1115.0,1115.0,2.12,2.12,1210.0,1310.0,1.5,2.97,,0.4615283,1257.0,0.40194035,0.8200799,0.00020272,8.44538667,-30.62737939,34.57,903470.67170882
2023-08-19,12,BTC-230825-25000-C,BTCUSDT,C,230825-25000,1130.0,1170.0,1115.0,1115.0,2.12,2.12,1065.0,1140.0,2.05,2.97,,0.44523478,1101.0,0.4077065,0.76592289,0.00023039,10.00975947,-35.23196403,34.57,895935.4754011
2023-08-19,7,BTC-230825-25000-C,BTCUSDT,C,230825-25000,1755.0,1755.0,1130.0,1130.0,0.05,0.05,1090.0,1130.0,2.47,2.49,,0.42601824,1109.0,0.40649056,0.76351847,0.00022829,10.2469147,-34.71055089,32.47,841506.38219241
2023-08-19,16,BTC-230825-25000-C,BTCUSDT,C,230825-25000,1130.0,1170.0,1115.0,1115.0,2.12,2.12,1245.0,1445.0,2.86,2.97,,0.49655914,1308.0,0.32327957,0.89225793,0.00017583,6.03750888,-17.34932683,34.57,906968.56308015
2023-08-19,6,BTC-230825-25000-C,BTCUSDT,C,230825-25000,1650.0,1755.0,1650.0,1725.0,0.96,0.96,1040.0,1080.0,2.48,5.38,,0.43380976,1059.0,0.41525841,0.73989145,0.00023504,10.78449532,-37.06215537,32.45,838747.7591429
2023-08-19,14,BTC-230825-25000-C,BTCUSDT,C,230825-25000,1130.0,1170.0,1115.0,1115.0,2.12,2.12,1090.0,1175.0,1.5,2.97,,0.43643236,1130.0,0.39079189,0.79073566,0.00022654,9.34329064,-31.98196933,34.57,898040.39331544
2023-08-19,1,BTC-230825-25000-C,BTCUSDT,C,230825-25000,1555.0,1755.0,1535.0,1725.0,8.96,8.96,1190.0,1225.0,7.12,2.97,,0.43405294,1207.0,0.41684985,0.77634911,0.00021059,10.17658508,-33.93680099,32.45,844407.39573628
2023-08-19,22,BTC-230825-25000-C,BTCUSDT,C,230825-25000,1130.0,1170.0,1115.0,1115.0,2.12,2.12,1165.0,1235.0,1.5,2.97,,0.44949055,1198.0,0.40933251,0.80423307,0.00021354,8.73812503,-33.27247427,34.57,900716.47980882
2023-08-19,21,BTC-230825-25000-C,BTCUSDT,C,230825-25000,1130.0,1170.0,1115.0,1115.0,2.12,2.12,1190.0,1270.0,1.5,2.97,,0.45964479,1228.0,0.41346192,0.80756468,0.00020816,8.69085482,-33.16919885,34.57,901850.11738736
2023-08-19,3,BTC-230825-25000-C,BTCUSDT,C,230825-25000,1555.0,1755.0,1535.0,1725.0,8.96,8.96,1150.0,1185.0,2.48,2.41,,0.43649435,1167.0,0.41960478,0.76530621,0.00021682,10.36481405,-35.26311357,32.45,842608.0575
2023-08-19,17,BTC-230825-25000-C,BTCUSDT,C,230825-25000,1130.0,1170.0,1115.0,1115.0,2.12,2.12,1190.0,1290.0,1.5,2.97,,0.4711628,1237.0,0.41484118,0.80407975,0.00020657,8.92158973,-33.14359786,34.57,902219.07435589
2023-08-19,0,BTC-230825-25000-C,BTCUSDT,C,230825-25000,3565.0,3565.0,1535.0,1725.0,8.96,8.96,1225.0,1315.0,1.5,2.97,,0.460217,1268.0,0.41405559,0.79347802,0.00020114,9.77860789,-32.17652798,32.45,846884.82842871
2023-08-19,2,BTC-230825-25000-C,BTCUSDT,C,230825-25000,1555.0,1755.0,1535.0,1725.0,8.96,8.96,1180.0,1215.0,2.48,2.97,,0.43632507,1197.0,0.41920543,0.77287551,0.00021207,10.22592976,-34.52421957,32.45,843985.1534836
2023-08-19,23,BTC-230825-25000-C,BTCUSDT,C,230825-25000,1130.0,1170.0,1115.0,1115.0,2.12,2.12,1215.0,1290.0,1.5,2.97,,0.47277689,1251.0,0.42973518,0.8036193,0.00020423,8.7357198,-35.19410632,34.57,902263.89759008
2023-08-19,4,BTC-230825-25000-C,BTCUSDT,C,230825-25000,1655.0,1755.0,1650.0,1725.0,3.96,3.96,1165.0,1205.0,7.17,2.41,,0.44275284,1184.0,0.42325139,0.76847654,0.0002139,10.25983269,-35.44881833,32.45,843067.94175268
2023-08-19,10,BTC-230825-25000-C,BTCUSDT,C,230825-25000,1725.0,1725.0,1130.0,1170.0,1.96,1.96,1025.0,1140.0,3.69,2.97,,0.44440508,1080.0,0.38574576,0.77525325,0.00023635,9.85300921,-32.34680065,34.4,891352.69679136
2023-08-20,8,BTC-230825-25000-C,BTCUSDT,C,230825-25000,1115.0,1240.0,1115.0,1240.0,0.34,0.34,1190.0,1740.0,1.5,2.97,,0.92326403,1439.0,0.63876152,0.73271563,0.00016923,10.0114087,-64.48626266,34.4,898143.06021978
2023-08-20,11,BTC-230825-25000-C,BTCUSDT,C,230825-25000,1115.0,1300.0,1115.0,1300.0,0.59,0.59,1245.0,1770.0,1.5,2.97,,0.92060089,1479.0,0.63741684,0.74669359,0.00016665,9.63919947,-63.56041398,34.65,907072.48246161
2023-08-20,13,BTC-230825-25000-C,BTCUSDT,C,230825-25000,1210.0,1300.0,1210.0,1300.0,0.42,0.42,1205.0,2120.0,1.5,2.97,,1.27616405,1620.0,0.81378698,0.70021905,0.00014325,10.36309257,-88.77188733,34.65,905646.91292321
2023-08-20,15,BTC-230825-25000-C,BTCUSDT,C,230825-25000,1210.0,1300.0,1210.0,1230.0,0.58,0.58,1180.0,2050.0,1.5,2.81,,1.24189377,1577.0,0.79956532,0.69972208,0.00014738,10.26735718,-87.957882,34.64,903758.61255387
2023-08-20,20,BTC-230825-25000-C,BTCUSDT,C,230825-25000,1210.0,1300.0,1210.0,1230.0,0.58,0.58,1305.0,1475.0,1.5,2.81,,0.61293602,1382.0,0.50169706,0.81454857,0.0001838,7.7502119,-43.60652476,34.64,908427.62395618
2023-08-20,19,BTC-230825-25000-C,BTCUSDT,C,230825-25000,1210.0,1300.0,1210.0,1230.0,0.58,0.58,1220.0,1310.0,1.5,2.81,,0.50290823,1262.0,0.44269204,0.82375846,0.00020154,7.51468977,-36.96316445,34.64,905384.59131434
2023-08-20,9,BTC-230825-25000-C,BTCUSDT,C,230825-25000,1115.0,1300.0,1115.0,1300.0,0.59,0.59,1215.0,2100.0,1.5,2.97,,1.23180389,1617.0,0.79077959,0.7031423,0.00014421,10.49972989,-84.43680569,34.65,905897.24203844
2023-08-20,5,BTC-230825-25000-C,BTCUSDT,C,230825-25000,1130.0,1240.0,1115.0,1240.0,2.29,2.29,1185.0,1265.0,1.5,2.97,,0.46344757,1223.0,0.41451693,0.8154256,0.00020884,8.20734996,-33.46305961,34.4,897575.42619784
2023-08-20,18,BTC-230825-25000-C,BTCUSDT,C,230825-25000,1210.0,1300.0,1210.0,1230.0,0.58,0.58,1205.0,2025.0,1.5,2.81,,1.23062611,1582.0,0.80973387,0.70111373,0.00014716,10.11090103,-90.13341064,34.64,904486.78722636
2023-08-20,12,BTC-230825-25000-C,BTCUSDT,C,230825-25000,1210.0,1300.0,1210.0,1300.0,0.42,0.42,1255.0,2120.0,1.5,1.5,,1.2426734,1646.0,0.80302835,0.7083958,0.00014245,10.29572336,-86.27204576,34.65,907210.66361553
2023-08-20,7,BTC-230825-25000-C,BTCUSDT,C,230825-25000,1170.0,1240.0,1115.0,1240.0,2.27,2.27,1170.0,1335.0,5.89,2.97,,0.54678917,1246.0,0.44958115,0.7983005,0.00020499,8.59165393,-38.6263668,34.4,897382.30989028
2023-08-20,16,BTC-230825-25000-C,BTCUSDT,C,230825-25000,1210.0,1300.0,1210.0,1230.0,0.58,0.58,1145.0,2170.0,1.5,2.81,,1.38705254,1620.0,0.87976694,0.6794517,0.0001387,10.49521629,-99.81968891,34.64,902406.87981549
2023-08-20,6,BTC-230825-25000-C,BTCUSDT,C,230825-25000,1130.0,1240.0,1115.0,1240.0,2.29,2.29,1170.0,1250.0,1.5,2.97,,0.47281265,1208.0,0.42532563,0.80477062,0.00021177,8.451688,-35.65002932,34.4,896593.88835179
2023-08-20,14,BTC-230825-25000-C,BTCUSDT,C,230825-25000,1210.0,1300.0,1210.0,1230.0,0.58,0.58,1150.0,2085.0,1.5,1.5,,1.2899828,1580.0,0.82448363,0.68910431,0.00014471,10.45806399,-91.56617411,34.64,904097.00348139
2023-08-20,1,BTC-230825-25000-C,BTCUSDT,C,230825-25000,1130.0,1170.0,1115.0,1115.0,2.12,2.12,1190.0,1260.0,1.5,2.97,,0.46764612,1223.0,0.42747855,0.80076831,0.00020897,8.73366174,-35.55661756,34.57,901323.57839449
2023-08-20,22,BTC-230825-25000-C,BTCUSDT,C,230825-25000,1210.0,1300.0,1210.0,1230.0,0.58,0.58,1290.0,1375.0,1.5,2.81,,0.51874638,1330.0,0.45928955,0.83275283,0.00019,7.18563161,-37.71744895,34.64,907914.06121318
2023-08-20,21,BTC-230825-25000-C,BTCUSDT,C,230825-25000,1210.0,1300.0,1210.0,1230.0,0.58,0.58,1260.0,1345.0,1.5,2.81,,0.51269293,1300.0,0.45461893,0.82750279,0.00019512,7.35478538,-37.85225549,34.64,906507.7076659
2023-08-20,3,BTC-230825-25000-C,BTCUSDT,C,230825-25000,1130.0,1170.0,1115.0,1115.0,2.12,2.12,1205.0,1295.0,1.5,2.97,,0.48164845,1247.0,0.42820573,0.80895292,0.00020474,8.45656968,-35.04332389,34.57,902426.02329228
2023-08-20,17,BTC-230825-25000-C,BTCUSDT,C,230825-25000,1210.0,1300.0,1210.0,1230.0,0.58,0.58,1220.0,2175.0,1.5,2.81,,1.35771275,1662.0,0.87791562,0.68987674,0.00013731,10.32878707,-98.9212431,34.64,904735.71178913
2023-08-20,0,BTC-230825-25000-C,BTCUSDT,C,230825-25000,1130.0,1170.0,1115.0,1115.0,2.12,2.12,1290.0,1360.0,1.5,2.97,,0.4804039,1323.0,0.43853045,0.8162184,0.00019229,8.38028135,-34.72441392,34.57,904937.42742316
2023-08-20,2,BTC-230825-25000-C,BTCUSDT,C,230825-25000,1130.0,1170.0,1115.0,1115.0,2.12,2.12,1220.0,1280.0,1.5,2.97,,0.47252178,1249.0,0.43800354,0.80082011,0.00020455,8.70492238,-36.6026721,34.57,902056.31423749
2023-08-20,23,BTC-230825-25000-C,BTCUSDT,C,230825-25000,1210.0,1300.0,1210.0,1230.0,0.58,0.58,1265.0,1350.0,1.5,2.81,,0.50981045,1304.0,0.44947147,0.83499183,0.00019354,7.08395467,-36.73877352,34.64,907218.84783295
2023-08-20,4,BTC-230825-25000-C,BTCUSDT,C,230825-25000,1130.0,1170.0,1115.0,1115.0,2.12,2.12,1215.0,1330.0,1.5,1.5,,0.50695181,1269.0,0.43845296,0.8081042,0.00020117,8.45094873,-36.14961081,34.57,903135.67701213
2023-08-20,10,BTC-230825-25000-C,BTCUSDT,C,230825-25000,1115.0,1300.0,1115.0,1300.0,0.59,0.59,1210.0,2120.0,1.5,2.97,,1.25164747,1620.0,0.79345942,0.70408865,0.00014409,10.44210369,-84.97811097,34.65,905767.09892292
2023-08-21,8,BTC-230825-25000-C,BTCUSDT,C,230825-25000,1300.0,1300.0,1220.0,1230.0,0.41,0.41,1135.0,1205.0,1.5,2.81,,0.48001289,1168.0,0.42894125,0.82938382,0.00021789,6.88334201,-37.29525082,34.64,902702.67115618
2023-08-21,11,BTC-230825-25000-C,BTCUSDT,C,230825-25000,1245.0,1245.0,1220.0,1230.0,0.16,0.16,1110.0,1350.0,1.5,2.81,,0.68943024,1219.0,0.53540707,0.77784141,0.00020846,7.94350099,-55.47383111,34.64,901683.72223295
2023-08-21,13,BTC-230825-25000-C,BTCUSDT,C,230825-25000,1245.0,1245.0,1220.0,1230.0,0.16,0.16,0.0,0.0,0.0,0.0,,-1e-08,1486.0,0.775,0.72584136,0.00016234,8.82291833,-91.16987467,34.64,904885.04825503
2023-08-21,15,BTC-230825-25000-C,BTCUSDT,C,230825-25000,1230.0,1230.0,1230.0,1230.0,0.0,0.0,1015.0,1185.0,5.96,2.89,,0.59052944,1093.0,0.47627926,0.78743821,0.0002344,7.54659462,-49.01284287,34.64,898978.73031202
2023-08-21,20,BTC-230825-25000-C,BTCUSDT,C,230825-25000,1230.0,1280.0,1230.0,1280.0,0.01,0.01,1135.0,1325.0,4.63,2.8,,0.62536716,1214.0,0.46989679,0.83408129,0.00020863,6.33096122,-43.01043497,34.64,904441.93032983
2023-08-21,19,BTC-230825-25000-C,BTCUSDT,C,230825-25000,1230.0,1280.0,1230.0,1280.0,0.01,0.01,1165.0,1310.0,5.62,2.8,,0.61309099,1231.0,0.50593972,0.81357601,0.00020744,6.85381262,-49.53720834,34.64,903645.47298451
2023-08-21,9,BTC-230825-25000-C,BTCUSDT,C,230825-25000,1245.0,1245.0,1220.0,1230.0,0.16,0.16,1105.0,1170.0,1.5,2.81,,0.46397924,1135.0,0.41579604,0.83196117,0.000224,6.77359836,-35.95438802,34.64,901712.6561496
2023-08-21,5,BTC-230825-25000-C,BTCUSDT,C,230825-25000,1300.0,1300.0,1220.0,1230.0,0.41,0.41,1165.0,1250.0,1.5,2.81,,0.49096107,1204.0,0.4287231,0.83417645,0.00021043,6.87435559,-36.08799996,34.64,904156.56144185
2023-08-21,18,BTC-230825-25000-C,BTCUSDT,C,230825-25000,1230.0,1280.0,1230.0,1280.0,0.01,0.01,1125.0,1260.0,3.61,2.8,,0.60617447,1188.0,0.51236391,0.79635846,0.00021538,7.25772031,-52.49762554,34.64,901847.73311665
2023-08-21,12,BTC-230825-25000-C,BTCUSDT,C,230825-25000,1245.0,1245.0,1220.0,1230.0,0.16,0.16,0.0,2400.0,0.0,0.93,,1.79078102,1700.0,1.0875,0.6594995,0.00012719,9.7172328,-139.35109994,34.64,900702.55755618
2023-08-21,7,BTC-230825-25000-C,BTCUSDT,C,230825-25000,1300.0,1300.0,1220.0,1230.0,0.41,0.41,1090.0,1255.0,4.06,2.81,,0.57524204,1165.0,0.46478987,0.80184722,0.00021988,7.58412576,-44.06268258,34.64,901058.62630347
2023-08-21,16,BTC-230825-25000-C,BTCUSDT,C,230825-25000,1230.0,1230.0,1230.0,1230.0,0.0,0.0,1115.0,1235.0,3.97,2.81,,0.58649063,1171.0,0.50503373,0.79275015,0.00021841,7.41405039,-51.64598042,34.64,900873.72483526
2023-08-21,6,BTC-230825-25000-C,BTCUSDT,C,230825-25000,1300.0,1300.0,1220.0,1230.0,0.41,0.41,1110.0,1280.0,1.5,2.81,,0.58941841,1188.0,0.47783136,0.79751573,0.00021544,7.72723891,-45.67801897,34.64,902293.98386821
2023-08-21,14,BTC-230825-25000-C,BTCUSDT,C,230825-25000,1230.0,1230.0,1230.0,1230.0,0.0,0.0,0.0,1480.0,0.0,3.25,,0.78378677,1476.0,0.77939339,0.72341317,0.00016312,8.80690863,-92.54865064,34.64,904815.43708139
2023-08-21,1,BTC-230825-25000-C,BTCUSDT,C,230825-25000,1210.0,1300.0,1210.0,1230.0,0.58,0.58,1220.0,2255.0,1.5,2.81,,1.47150993,1657.0,0.89105911,0.69641793,0.00013905,9.8619437,-103.38295139,34.64,905458.29076936
2023-08-21,22,BTC-230825-25000-C,BTCUSDT,C,230825-25000,1230.0,1280.0,1230.0,1280.0,0.01,0.01,1175.0,1650.0,4.56,2.8,,1.0010767,1381.0,0.68069696,0.76108439,0.00018129,7.79269199,-78.58434951,34.64,905322.9163954
2023-08-21,21,BTC-230825-25000-C,BTCUSDT,C,230825-25000,1230.0,1280.0,1230.0,1280.0,0.01,0.01,1230.0,1405.0,3.31,2.8,,0.64375877,1304.0,0.497787,0.8400031,0.00019285,6.16666089,-44.92204709,34.64,907547.11322208
2023-08-21,3,BTC-230825-25000-C,BTCUSDT,C,230825-25000,1210.0,1300.0,1210.0,1230.0,0.58,0.58,1155.0,2210.0,1.5,2.81,,1.47648335,1598.0,0.87816544,0.69224583,0.00014365,9.80348575,-103.30870109,34.64,903793.90348139
2023-08-21,17,BTC-230825-25000-C,BTCUSDT,C,230825-25000,1230.0,1230.0,1230.0,1230.0,0.0,0.0,1130.0,1245.0,3.17,2.81,,0.56792736,1183.0,0.48495173,0.8107679,0.00021625,6.98695472,-47.27895165,34.64,902146.93897133
2023-08-21,0,BTC-230825-25000-C,BTCUSDT,C,230825-25000,1210.0,1300.0,1210.0,1230.0,0.58,0.58,1220.0,1315.0,1.5,2.81,,0.51706791,1264.0,0.45152903,0.8254949,0.00020104,7.29391572,-38.36977606,34.64,905472.51981549
2023-08-21,2,BTC-230825-25000-C,BTCUSDT,C,230825-25000,1210.0,1300.0,1210.0,1230.0,0.58,0.58,1165.0,1380.0,1.5,2.81,,0.63864231,1262.0,0.50071478,0.7955058,0.0002022,7.95011139,-47.2957701,34.64,904001.78535387
2023-08-21,23,BTC-230825-25000-C,BTCUSDT,C,230825-25000,1230.0,1280.0,1230.0,1280.0,0.01,0.01,1145.0,1650.0,4.14,2.8,,1.01280928,1353.0,0.65529227,0.76875903,0.00018616,7.60399155,-74.74229398,34.64,905003.46376277
2023-08-21,4,BTC-230825-25000-C,BTCUSDT,C,230825-25000,1210.0,1300.0,1210.0,1230.0,0.58,0.58,1140.0,2180.0,1.5,2.81,,1.4747858,1583.0,0.8896143,0.6864916,0.00014385,9.82104978,-105.90208208,34.64,902680.296
2023-08-21,10,BTC-230825-25000-C,BTCUSDT,C,230825-25000,1245.0,1245.0,1220.0,1230.0,0.16,0.16,1035.0,1190.0,1.5,2.81,,0.57671309,1107.0,0.47728181,0.78195762,0.00023088,7.87472089,-48.4961265,34.64,898562.03395156
2023-08-22,8,BTC-230825-25000-C,BTCUSDT,C,230825-25000,1230.0,1280.0,1045.0,1045.0,0.02,0.02,1085.0,1235.0,4.72,2.8,,0.59843063,1147.0,0.45792341,0.84828909,0.00021866,5.51194849,-42.65983752,34.63,902451.04524708
2023-08-22,11,BTC-230825-25000-C,BTCUSDT,C,230825-25000,1230.0,1280.0,1045.0,1045.0,0.02,0.02,1085.0,1205.0,5.98,2.8,,0.57907104,1137.0,0.46639442,0.84663083,0.00022105,5.43100432,-44.69964331,34.63,902112.99555923
2023-08-22,13,BTC-230825-25000-C,BTCUSDT,C,230825-25000,1230.0,1280.0,1045.0,1045.0,0.02,0.02,1030.0,1180.0,5.01,2.8,,0.60917854,1094.0,0.47040701,0.83689584,0.00023207,5.56047932,-47.55777159,34.63,900528.16692862
2023-08-22,15,BTC-230825-25000-C,BTCUSDT,C,230825-25000,1280.0,1280.0,1045.0,1045.0,0.02,0.02,955.0,1085.0,3.66,2.8,,0.54449558,1006.0,0.40797949,0.85926306,0.00024692,4.9528347,-37.88711617,34.63,898604.71778586
2023-08-22,20,BTC-230825-25000-C,BTCUSDT,C,230825-25000,1045.0,1045.0,1045.0,1045.0,0.01,0.01,835.0,1035.0,5.26,3.09,,0.57842255,916.0,0.36421127,0.87633608,0.00026424,4.33743135,-32.13018214,34.63,895769.24382979
2023-08-22,19,BTC-230825-25000-C,BTCUSDT,C,230825-25000,1045.0,1045.0,1045.0,1045.0,0.01,0.01,810.0,975.0,5.04,2.8,,0.5834341,881.0,0.4378283,0.80683436,0.00029345,5.84873892,-51.21463153,34.63,892831.82828668
2023-08-22,9,BTC-230825-25000-C,BTCUSDT,C,230825-25000,1230.0,1280.0,1045.0,1045.0,0.02,0.02,1080.0,1215.0,5.61,2.8,,0.58809757,1138.0,0.46400309,0.84403527,0.00022145,5.57132974,-44.31606747,34.63,902128.60950316
2023-08-22,5,BTC-230825-25000-C,BTCUSDT,C,230825-25000,1230.0,1280.0,1045.0,1045.0,0.02,0.02,1040.0,1650.0,5.7,2.8,,1.11839771,1255.0,0.63419886,0.76766042,0.00020115,7.30969449,-75.17485114,34.63,902028.0835604
2023-08-22,18,BTC-230825-25000-C,BTCUSDT,C,230825-25000,1045.0,1045.0,1045.0,1045.0,0.01,0.01,935.0,1110.0,5.08,2.8,,0.63858747,1010.0,0.48028588,0.81798519,0.0002545,5.71212456,-53.96931727,34.63,897132.37957255
2023-08-22,12,BTC-230825-25000-C,BTCUSDT,C,230825-25000,1230.0,1280.0,1045.0,1045.0,0.02,0.02,1090.0,1230.0,2.37,2.8,,0.62659264,1152.0,0.50282955,0.82997077,0.00022096,5.76483945,-51.91736634,34.63,902511.01222979
2023-08-22,7,BTC-230825-25000-C,BTCUSDT,C,230825-25000,1230.0,1280.0,1045.0,1045.0,0.02,0.02,1120.0,1285.0,5.45,2.8,,0.61614037,1184.0,0.45361519,0.85835707,0.00020897,5.30968324,-40.14239456,34.63,904070.28315923
2023-08-22,16,BTC-230825-25000-C,BTCUSDT,C,230825-25000,1280.0,1280.0,1045.0,1045.0,0.02,0.02,1000.0,1205.0,2.13,2.8,,0.64003468,1067.0,0.39501734,0.88674812,0.00022028,4.23645991,-31.87557593,34.63,900923.7747208
2023-08-22,6,BTC-230825-25000-C,BTCUSDT,C,230825-25000,1230.0,1280.0,1045.0,1045.0,0.02,0.02,1055.0,1280.0,5.67,2.8,,0.64504623,1126.0,0.39752312,0.87946933,0.00021211,4.77538245,-31.20522234,34.63,902578.11451414
2023-08-22,14,BTC-230825-25000-C,BTCUSDT,C,230825-25000,1280.0,1280.0,1045.0,1045.0,0.02,0.02,985.0,1165.0,4.8,2.8,,0.59996128,1039.0,0.37498064,0.88924957,0.00022505,4.23083464,-29.28875633,34.63,900201.01998236
2023-08-22,1,BTC-230825-25000-C,BTCUSDT,C,230825-25000,1230.0,1280.0,1230.0,1280.0,0.01,0.01,1080.0,1650.0,4.99,2.8,,1.08469486,1324.0,0.70105314,0.74382866,0.00018678,7.91229643,-85.33723882,34.64,902387.77071665
2023-08-22,22,BTC-230825-25000-C,BTCUSDT,C,230825-25000,1045.0,1045.0,810.0,810.0,2.39,2.39,825.0,995.0,3.88,2.1,,0.59787512,895.0,0.43331027,0.82305382,0.00028777,5.40401586,-49.29692968,37.01,955321.79630543
2023-08-22,21,BTC-230825-25000-C,BTCUSDT,C,230825-25000,1045.0,1045.0,810.0,810.0,2.39,2.39,785.0,810.0,2.48,2.42,,0.47260523,797.0,0.45297146,0.76823799,0.00032234,6.3688877,-59.68780417,37.01,948293.90233297
2023-08-22,3,BTC-230825-25000-C,BTCUSDT,C,230825-25000,1230.0,1280.0,1230.0,1280.0,0.01,0.01,1050.0,1530.0,4.8,2.8,,0.95548391,1212.0,0.55274196,0.79648896,0.00021088,6.86569495,-59.92016509,34.64,902565.79545309
2023-08-22,17,BTC-230825-25000-C,BTCUSDT,C,230825-25000,1280.0,1280.0,1045.0,1045.0,0.02,0.02,880.0,1030.0,5.37,2.8,,0.59741259,947.0,0.47129035,0.80110638,0.00027243,6.06390668,-55.31318509,34.63,894545.49193411
2023-08-22,0,BTC-230825-25000-C,BTCUSDT,C,230825-25000,1230.0,1280.0,1230.0,1280.0,0.01,0.01,1135.0,1600.0,4.68,2.8,,0.9824419,1334.0,0.66134214,0.76331011,0.00018821,7.64684044,-76.81762127,34.64,904241.67687017
2023-08-22,2,BTC-230825-25000-C,BTCUSDT,C,230825-25000,1230.0,1280.0,1230.0,1280.0,0.01,0.01,1065.0,1650.0,4.55,2.8,,1.08016014,1267.0,0.61508007,0.77411685,0.00019997,7.34539219,-70.41020336,34.64,902881.81705503
2023-08-22,23,BTC-230825-25000-C,BTCUSDT,C,230825-25000,1045.0,1045.0,810.0,810.0,2.39,2.39,1025.0,1215.0,4.01,4.65,,0.65085411,1091.0,0.40042706,0.90408559,0.00020406,3.54571926,-30.42417596,37.01,964068.88205182
2023-08-22,4,BTC-230825-25000-C,BTCUSDT,C,230825-25000,1230.0,1280.0,1045.0,1045.0,0.02,0.02,1050.0,1650.0,1.5,2.8,,1.13358498,1311.0,0.73184729,0.73283421,0.0001867,7.91695305,-92.70366631,34.63,900890.04662313
2023-08-22,10,BTC-230825-25000-C,BTCUSDT,C,230825-25000,1230.0,1280.0,1045.0,1045.0,0.02,0.02,1065.0,1215.0,5.75,2.8,,0.59365749,1125.0,0.4460454,0.8546244,0.00022143,5.27812642,-40.9439048,34.63,902018.78673727
2023-08-23,8,BTC-230825-25000-C,BTCUSDT,C,230825-25000,810.0,1075.0,810.0,1075.0,2.39,2.39,1015.0,1140.0,3.99,3.99,,0.58922291,1057.0,0.36961145,0.93521543,0.0001794,2.4120217,-22.76184458,37.01,963495.34092862
2023-08-23,11,BTC-230825-25000-C,BTCUSDT,C,230825-25000,810.0,1075.0,810.0,1075.0,2.39,2.39,920.0,1060.0,4.24,4.24,,0.61074257,966.0,0.38037128,0.91645295,0.00021967,2.82388724,-29.29415004,37.01,960050.95444058
2023-08-23,13,BTC-230825-25000-C,BTCUSDT,C,230825-25000,810.0,1075.0,810.0,890.0,2.41,2.41,1005.0,1140.0,4.07,4.07,,0.65723896,1043.0,0.40361948,0.92547284,0.00019373,2.5379788,-29.26774025,37.01,962832.0200529
2023-08-23,15,BTC-230825-25000-C,BTCUSDT,C,230825-25000,810.0,1145.0,810.0,1145.0,2.42,2.42,1100.0,1270.0,4.38,3.05,,0.73212147,1166.0,0.44106073,0.93526584,0.00016221,2.23289908,-29.54511806,37.01,967449.75119769
2023-08-23,20,BTC-230825-25000-C,BTCUSDT,C,230825-25000,810.0,1780.0,810.0,1660.0,6.7,6.7,1520.0,1675.0,3.0,2.44,,0.83249092,1601.0,0.49124546,0.97763833,6.444e-05,0.8945384,-15.06632361,37.01,984264.16923076
2023-08-23,19,BTC-230825-25000-C,BTCUSDT,C,230825-25000,810.0,1780.0,810.0,1780.0,6.69,6.69,1560.0,1735.0,3.0,2.45,,0.88591576,1647.0,0.51795788,0.97305543,7.035e-05,1.06258536,-18.34567367,37.01,986296.72359769
2023-08-23,9,BTC-230825-25000-C,BTCUSDT,C,230825-25000,810.0,1075.0,810.0,1075.0,2.39,2.39,1030.0,1155.0,3.96,2.8,,0.6201458,1064.0,0.3850729,0.93013545,0.0001845,2.53000162,-25.41467409,37.01,963853.65873406
2023-08-23,5,BTC-230825-25000-C,BTCUSDT,C,230825-25000,810.0,810.0,810.0,810.0,2.38,2.38,1030.0,1220.0,4.25,4.25,,0.70840836,1086.0,0.42920418,0.89970783,0.00020824,3.46073041,-35.64844074,37.01,963712.07311521
2023-08-23,18,BTC-230825-25000-C,BTCUSDT,C,230825-25000,810.0,1550.0,810.0,1500.0,5.77,5.77,1395.0,1600.0,3.0,2.79,,0.90913773,1482.0,0.52956886,0.9526503,0.00010841,1.69829243,-29.16830405,37.01,979503.05479076
2023-08-23,12,BTC-230825-25000-C,BTCUSDT,C,230825-25000,810.0,1075.0,810.0,1075.0,2.39,2.39,890.0,920.0,0.02,4.49,,0.48657894,904.0,0.44968843,0.85765248,0.00027645,4.07589309,-51.14986441,37.01,956497.43725725
2023-08-23,7,BTC-230825-25000-C,BTCUSDT,C,230825-25000,810.0,810.0,810.0,810.0,2.38,2.38,1075.0,1180.0,0.01,4.03,,0.63243866,1118.0,0.49813747,0.87305231,0.00021657,4.01352632,-49.98190736,37.01,964331.40902971
2023-08-23,16,BTC-230825-25000-C,BTCUSDT,C,230825-25000,810.0,1470.0,810.0,1470.0,2.53,2.53,1330.0,1465.0,3.0,2.8,,0.68165779,1405.0,0.4158289,0.97594898,7.724e-05,0.99658456,-12.75094477,37.01,976906.25902577
2023-08-23,6,BTC-230825-25000-C,BTCUSDT,C,230825-25000,810.0,810.0,810.0,810.0,2.38,2.38,1055.0,1385.0,2.49,3.0,,0.96505642,1151.0,0.55752821,0.84587076,0.00021845,4.62748838,-63.18222091,37.01,964967.38724275
2023-08-23,14,BTC-230825-25000-C,BTCUSDT,C,230825-25000,810.0,1075.0,810.0,890.0,2.41,2.41,1030.0,1180.0,4.09,2.8,,0.70379734,1072.0,0.42689867,0.92172536,0.00019224,2.6056027,-32.55573048,37.01,964351.21141304
2023-08-23,1,BTC-230825-25000-C,BTCUSDT,C,230825-25000,1045.0,1045.0,810.0,810.0,2.39,2.39,1040.0,1225.0,4.06,3.64,,0.68240643,1092.0,0.41620321,0.89921755,0.00020733,3.61011726,-33.38965937,37.01,964162.91592102
2023-08-23,22,BTC-230825-25000-C,BTCUSDT,C,230825-25000,1075.0,1780.0,890.0,1660.0,4.32,4.32,1375.0,1730.0,2.35,2.44,,1.27318859,1505.0,0.7115943,0.90598247,0.00014517,2.72337675,-70.46992896,37.01,979029.24406231
2023-08-23,21,BTC-230825-25000-C,BTCUSDT,C,230825-25000,1075.0,1780.0,890.0,1660.0,4.32,4.32,1245.0,1565.0,3.13,2.44,,1.13183498,1367.0,0.64091749,0.904536,0.00016141,2.78134148,-62.91514742,37.01,972939.88426346
2023-08-23,3,BTC-230825-25000-C,BTCUSDT,C,230825-25000,1045.0,1045.0,810.0,810.0,2.39,2.39,985.0,1170.0,3.28,2.76,,0.66265106,1045.0,0.40632553,0.89896337,0.00021719,3.54292794,-33.2209474,37.01,962512.97351776
2023-08-23,17,BTC-230825-25000-C,BTCUSDT,C,230825-25000,810.0,1550.0,810.0,1500.0,5.77,5.77,1485.0,1665.0,3.0,2.79,,0.89365482,1557.0,0.52182741,0.96076045,9.3e-05,1.48315064,-24.44030539,37.01,982631.22271885
2023-08-23,0,BTC-230825-25000-C,BTCUSDT,C,230825-25000,1045.0,1045.0,810.0,810.0,2.39,2.39,1040.0,1225.0,5.02,3.11,,0.68585396,1088.0,0.41792698,0.89471914,0.00021124,3.75973499,-34.28262004,37.01,963953.32951087
2023-08-23,2,BTC-230825-25000-C,BTCUSDT,C,230825-25000,1045.0,1045.0,810.0,810.0,2.39,2.39,1045.0,1220.0,4.39,4.39,,0.68843842,1086.0,0.41921921,0.89842014,0.00020902,3.59629494,-34.13497389,37.01,963963.77365182
2023-08-23,23,BTC-230825-25000-C,BTCUSDT,C,230825-25000,1075.0,1780.0,890.0,1660.0,4.32,4.32,1330.0,1675.0,4.95,2.44,,1.20910645,1476.0,0.67955322,0.91602495,0.00014202,2.46362381,-62.78058631,37.01,978369.94792231
2023-08-23,4,BTC-230825-25000-C,BTCUSDT,C,230825-25000,810.0,810.0,810.0,810.0,2.38,2.38,1045.0,1220.0,4.33,4.33,,0.69396973,1090.0,0.42198486,0.90238143,0.00020557,3.42747334,-34.03138799,37.01,964274.12080326
2023-08-23,10,BTC-230825-25000-C,BTCUSDT,C,230825-25000,810.0,1075.0,810.0,1075.0,2.39,2.39,965.0,1075.0,4.13,2.8,,0.58833122,990.0,0.36916561,0.92615498,0.0002036,2.60351504,-25.6299277,37.01,961058.37070761
2023-08-24,8,BTC-230825-25000-C,BTCUSDT,C,230825-25000,890.0,1780.0,890.0,1660.0,4.31,4.31,1410.0,1715.0,3.0,3.0,,1.43550873,1513.0,0.775,0.92900853,0.00012907,1.84164182,-74.46548709,37.01,979563.89487654
2023-08-24,11,BTC-230825-25000-C,BTCUSDT,C,230825-25000,890.0,1780.0,890.0,1525.0,4.34,4.34,1375.0,1595.0,3.0,2.44,,1.27047539,1463.0,0.71023769,0.95287733,0.0001096,1.24293227,-52.96590526,37.02,979744.78357571
2023-08-24,13,BTC-230825-25000-C,BTCUSDT,C,230825-25000,1145.0,1780.0,1145.0,1415.0,4.33,4.33,1300.0,1480.0,3.0,3.0,,1.20801926,1368.0,0.67900963,0.95815868,0.00011018,1.06776117,-48.33392864,37.02,975760.65863068
2023-08-24,15,BTC-230825-25000-C,BTCUSDT,C,230825-25000,1400.0,1780.0,1370.0,1415.0,4.32,4.32,910.0,1180.0,0.13,3.0,,1.24464035,1031.0,0.69732018,0.9079108,0.00021319,1.83526943,-95.98111394,37.02,962582.05935178
2023-08-24,20,BTC-230825-25000-C,BTCUSDT,C,230825-25000,1555.0,1555.0,895.0,1090.0,0.18,0.18,915.0,1275.0,0.13,5.44,,1.74803257,1052.0,0.775,0.93114143,0.00018546,1.22293398,-103.39089836,37.05,964007.8585716
2023-08-24,19,BTC-230825-25000-C,BTCUSDT,C,230825-25000,1660.0,1660.0,895.0,1090.0,0.19,0.19,895.0,1100.0,2.42,3.0,,1.10077858,1019.0,0.62538929,0.957297,0.00015093,0.87468656,-54.70069421,37.05,964338.78428581
2023-08-24,9,BTC-230825-25000-C,BTCUSDT,C,230825-25000,890.0,1780.0,890.0,1555.0,4.32,4.32,1385.0,1475.0,0.09,2.44,,0.78397751,1441.0,0.46698875,0.99190607,3.579e-05,0.29343493,-7.47431347,37.02,978804.75220877
2023-08-24,5,BTC-230825-25000-C,BTCUSDT,C,230825-25000,1075.0,1780.0,890.0,1660.0,4.32,4.32,1290.0,1675.0,2.21,2.44,,1.37299538,1462.0,0.76149769,0.91148823,0.00014635,2.30833565,-81.12800697,37.01,977658.09758231
2023-08-24,18,BTC-230825-25000-C,BTCUSDT,C,230825-25000,1750.0,1780.0,895.0,1090.0,1.11,1.11,925.0,1115.0,0.13,3.0,,1.07783318,1031.0,0.61391659,0.95576242,0.00015192,0.9371522,-53.10655298,37.02,963285.34171635
2023-08-24,12,BTC-230825-25000-C,BTCUSDT,C,230825-25000,890.0,1780.0,890.0,1415.0,4.35,4.35,1335.0,1490.0,0.09,5.44,,1.10417366,1399.0,0.62708683,0.96912525,9.041e-05,0.85643716,-33.91911251,37.02,977120.13473425
2023-08-24,7,BTC-230825-25000-C,BTCUSDT,C,230825-25000,1075.0,1780.0,890.0,1660.0,4.32,4.32,1190.0,1785.0,2.72,5.44,,1.58362389,1513.0,0.775,0.92431878,0.00013271,1.97530724,-76.54226958,37.01,979892.01521778
2023-08-24,16,BTC-230825-25000-C,BTCUSDT,C,230825-25000,1470.0,1780.0,1415.0,1415.0,4.21,4.21,1050.0,1215.0,0.11,2.44,,1.08317375,1126.0,0.61658688,0.95749579,0.00013586,0.97821898,-48.2516651,37.02,966540.82763068
2023-08-24,6,BTC-230825-25000-C,BTCUSDT,C,230825-25000,1075.0,1780.0,890.0,1660.0,4.32,4.32,1320.0,1710.0,2.79,2.44,,1.42867565,1489.0,0.775,0.9161594,0.00014066,2.17597868,-80.94550768,37.01,979136.57306231
2023-08-24,14,BTC-230825-25000-C,BTCUSDT,C,230825-25000,1145.0,1780.0,1145.0,1415.0,4.33,4.33,1030.0,1185.0,4.33,4.16,,0.87504387,1128.0,0.51252193,0.97480288,9.975e-05,0.67701572,-24.49268734,37.02,967281.45137808
2023-08-24,1,BTC-230825-25000-C,BTCUSDT,C,230825-25000,1075.0,1780.0,890.0,1660.0,4.32,4.32,1260.0,1485.0,2.44,2.44,,0.95998287,1368.0,0.55499144,0.94896848,0.00012249,1.61642957,-35.88385052,37.01,975311.82033076
2023-08-24,22,BTC-230825-25000-C,BTCUSDT,C,230825-25000,1555.0,1555.0,895.0,1100.0,0.2,0.2,1055.0,1255.0,3.0,3.0,,1.56315804,1130.0,0.775,0.96224086,0.00012671,0.68839923,-71.13239206,37.05,967757.45700003
2023-08-24,21,BTC-230825-25000-C,BTCUSDT,C,230825-25000,1555.0,1555.0,895.0,1065.0,0.19,0.19,1035.0,1100.0,3.0,0.01,,0.62984467,1095.0,0.38992233,0.99944703,5.67e-06,0.01719773,-0.8046711,37.05,966854.53628576
2023-08-24,3,BTC-230825-25000-C,BTCUSDT,C,230825-25000,1075.0,1780.0,890.0,1660.0,4.32,4.32,1330.0,1515.0,4.53,2.44,,0.84359169,1448.0,0.49679585,0.97787563,7.101e-05,0.78839442,-16.78573667,37.01,978695.82750346
2023-08-24,17,BTC-230825-25000-C,BTCUSDT,C,230825-25000,1750.0,1780.0,895.0,895.0,1.0,1.0,945.0,1110.0,0.13,2.44,,0.88879585,1059.0,0.51939793,0.97732454,9.952e-05,0.56082796,-24.96746571,37.02,963790.29044822
2023-08-24,0,BTC-230825-25000-C,BTCUSDT,C,230825-25000,1075.0,1780.0,890.0,1660.0,4.32,4.32,1440.0,1800.0,3.0,2.44,,1.36459351,1565.0,0.75729675,0.90778886,0.00013842,2.6078127,-76.44659577,37.01,980507.72825076
2023-08-24,2,BTC-230825-25000-C,BTCUSDT,C,230825-25000,1075.0,1780.0,890.0,1660.0,4.32,4.32,1275.0,1640.0,4.94,2.44,,1.29446983,1425.0,0.72223492,0.90485893,0.00015438,2.56779278,-76.73924863,37.01,976207.66697423
2023-08-24,23,BTC-230825-25000-C,BTCUSDT,C,230825-25000,1555.0,1555.0,895.0,1100.0,0.2,0.2,1110.0,1365.0,3.0,3.0,,1.94253922,1185.0,0.775,0.97618667,9.151e-05,0.44390115,-51.60171693,37.05,969909.5367859
2023-08-24,4,BTC-230825-25000-C,BTCUSDT,C,230825-25000,1075.0,1780.0,890.0,1660.0,4.32,4.32,1345.0,1715.0,3.98,2.44,,1.36922836,1501.0,0.75961418,0.91367371,0.0001411,2.31222976,-78.06153107,37.01,979331.25794926
2023-08-24,10,BTC-230825-25000-C,BTCUSDT,C,230825-25000,890.0,1780.0,890.0,1555.0,4.32,4.32,1420.0,1560.0,3.0,2.44,,1.03625298,1482.0,0.59312649,0.97667022,7.172e-05,0.71487845,-24.22901333,37.02,980017.55588566
2023-08-25,8,BTC-230825-25000-C,BTCUSDT,C,230825-25000,1555.0,1555.0,895.0,1085.0,0.37,0.37,950.0,1150.0,3.0,3.0,,9.9999994,1013.0,0.775,1.0,0.0,0.0,0.0,0.0,0.0
2023-08-25,5,BTC-230825-25000-C,BTCUSDT,C,230825-25000,1555.0,1555.0,895.0,1095.0,0.27,0.27,975.0,1095.0,0.12,2.93,,2.09087372,1059.0,0.775,0.99980699,2.4e-06,0.00288607,-1.34183802,37.12,967337.57735382
2023-08-25,7,BTC-230825-25000-C,BTCUSDT,C,230825-25000,1555.0,1555.0,895.0,1085.0,0.37,0.37,950.0,1150.0,3.0,3.0,,9.9999994,1013.0,0.775,1.0,0.0,0.0,0.0,37.22,966842.60598693
2023-08-25,6,BTC-230825-25000-C,BTCUSDT,C,230825-25000,1555.0,1555.0,895.0,1085.0,0.37,0.37,970.0,1185.0,0.01,3.0,,4.84916687,1017.0,0.775,0.99999929,2e-08,9.92e-06,-0.00922273,37.22,968633.17020423
2023-08-25,1,BTC-230825-25000-C,BTCUSDT,C,230825-25000,1555.0,1555.0,895.0,1100.0,0.2,0.2,1090.0,1210.0,3.0,3.0,,1.49349213,1150.0,0.775,0.98689745,6.355e-05,0.23064446,-35.74823663,37.05,968552.15172142
2023-08-25,3,BTC-230825-25000-C,BTCUSDT,C,230825-25000,1555.0,1555.0,895.0,1100.0,0.2,0.2,1050.0,1100.0,0.11,0.01,,6e-07,1105.0,0.15,1.0,0.0,0.0,0.0,37.05,967142.42267074
2023-08-25,0,BTC-230825-25000-C,BTCUSDT,C,230825-25000,1555.0,1555.0,895.0,1100.0,0.2,0.2,965.0,1345.0,3.0,3.0,,2.13100433,1143.0,0.775,0.97959522,8.6e-05,0.36390741,-48.34577994,37.05,968629.65471427
2023-08-25,2,BTC-230825-25000-C,BTCUSDT,C,230825-25000,1555.0,1555.0,895.0,1100.0,0.2,0.2,1065.0,1325.0,3.0,3.0,,2.44607925,1132.0,0.775,0.99180857,4.625e-05,0.13972374,-25.98717201,37.05,968254.53771444
2023-08-25,4,BTC-230825-25000-C,BTCUSDT,C,230825-25000,1555.0,1555.0,895.0,1095.0,0.27,0.27,970.0,1095.0,0.13,2.93,,2.01278687,1027.0,0.775,0.99756092,2.033e-05,0.03655695,-11.33160415,37.12,966126.81269439
